670.69	60.0247	0.137207	5.699208
178.539	38.1513	0.132641	9.313560
607.971	39.1196	0.151903	2.511450
513.15	38.3968	0.150225	3.244576
256.946	43.5016	0.200088	33.115578
511.618	59.1553	0.131413	99.227272
678.644	57.8309	0.170923	3.149111
381.72	45.7223	0.155881	12.087193
483.962	55.8257	0.17335	6.988067
436.486	38.5133	0.166939	3.668085
375.776	38.5457	0.154412	8.036901
258.998	40.7307	0.155696	19.711027
318.406	54.8152	0.160449	237.692307
553.967	59.0952	0.219123	3.390362
714.031	54.6923	0.154696	3.370315
256.602	60.7267	0.177073	127.783783
231.926	39.1997	0.210861	24.657719
567.552	54.9864	0.15115	5.845316
335.997	51.6144	0.134715	55.278481
873.232	56.0774	0.214762	2.354635
509.485	39.4207	0.192166	2.078406
622.465	46.2485	0.168433	3.006522
246.497	59.6888	0.170539	81.075470
361.283	37.5358	0.202832	3.007375
434.319	46.8415	0.140936	13.876667
561.652	51.5416	0.178233	3.028235
316.723	43.3147	0.140576	39.030769
385.65	46.7468	0.136962	110.611115
657.238	58.2593	0.155682	5.132576
670.583	53.225	0.142507	4.990366
544.565	39.9685	0.182317	2.163781
408.702	39.0755	0.136195	9.605911
435.016	46.0952	0.241578	2.493635
621.095	42.1634	0.176386	2.170821
436.718	53.0503	0.157265	8.863760
764.575	58.4906	0.175077	2.799001
535.704	42.1857	0.146812	3.505495
213.049	51.2104	0.22794	72.304344
509.319	38.9415	0.137686	3.731114
269.228	38.0076	0.224893	5.343343
436.613	45.4963	0.220605	2.705247
227.851	38.1326	0.149446	10.430894
394.995	39.925	0.199275	2.581596
487.542	41.0909	0.125853	7.614832
575.522	60.5231	0.152805	5.754505
208.674	36.6711	0.177287	10.908046
616.104	51.4213	0.12985	5.210989
472.264	49.1871	0.248721	2.261777
720.802	49.4951	0.126794	3.617696
286.117	38.7709	0.237617	4.035391
521.808	38.9441	0.228993	1.928645
260.986	41.5898	0.163434	17.024475
618.142	53.71	0.248846	2.158474
390.365	40.9	0.212083	2.796339
594.245	37.7833	0.135568	3.170893
316.364	54.5137	0.236611	7.425087
478.542	37.2916	0.195364	2.116434
218.292	49.0693	0.17477	22.702858
405.797	37.4948	0.208598	2.565362
377.632	36.6612	0.134558	10.849105
403.74	37.6846	0.181817	3.041288
259.07	51.5209	0.13229	31.254902
231.621	37.0539	0.174253	10.470339
535.394	50.2213	0.244325	2.113044
857.327	58.3664	0.16347	2.735705
352.447	43.1204	0.174597	9.848156
571.692	36.6665	0.210208	1.767193
170.108	38.9098	0.17858	7.233463
189.614	46.8506	0.194228	18.103895
655.57	42.6473	0.215065	1.786651
295.679	47.9441	0.133356	32.853447
328.446	53.6062	0.219895	7.747698
322.812	56.8519	0.14697	162.000000
367.897	49.6756	0.189638	5.853913
606.802	47.5219	0.135323	4.464041
305.593	58.638	0.129551	3879.000000
534.148	38.5164	0.126787	4.346097
376.427	36.6797	0.230771	2.118268
572.502	41.1263	0.191161	2.015797
451.345	51.8421	0.200924	4.622036
313.668	39.9196	0.150502	29.164835
297.552	39.0432	0.21856	7.715297
755.696	48.8847	0.245881	2.001909
438.579	53.3978	0.164795	11.468750
396.729	54.7703	0.131442	475.250000
761.169	55.2144	0.203531	2.205779
396.456	42.6362	0.149604	13.514620
487.567	42.2214	0.133352	4.857143
492.481	39.6458	0.169287	2.454323
569.586	40.8306	0.141629	3.104358
530.88	47.1262	0.200274	2.681134
388.704	44.5844	0.13997	58.656250
253.78	37.3507	0.150445	11.225806
689.142	43.7258	0.220847	1.825629
296.779	38.9662	0.144526	22.105505
303.092	40.0836	0.200734	7.363905
611.371	54.9476	0.125912	10.374545
479.876	36.7989	0.131881	4.308762
209.433	52.2042	0.192738	26.035715
596.271	57.2862	0.159987	4.825095
513.332	57.9577	0.145133	12.461538
637.34	51.554	0.163636	3.681818
487.782	44.9814	0.197654	2.816379
704.693	44.3732	0.185496	2.033923
464.723	47.7556	0.141184	6.770642
204.645	39.5101	0.214381	12.451345
396.622	55.3883	0.137536	341.470581
473.935	52.7791	0.156342	6.708972
497.811	44.9795	0.201756	2.257099
375.553	49.0847	0.233165	3.365784
441.495	43.3716	0.190939	3.344106
271.607	39.5831	0.199644	23.415541
529.889	48.359	0.191797	2.651515
544.781	39.5939	0.146904	2.823588
307.489	39.3341	0.20782	4.866806
259.459	39.8529	0.179078	28.261467
741.277	51.242	0.22925	2.113701
493.733	39.0357	0.148918	5.509687
350.419	53.0214	0.212459	6.156199
267.085	56.4736	0.215193	166.547623
359.191	36.938	0.188453	3.574683
473.649	58.58	0.216778	4.710456
546.262	37.773	0.145852	3.091476
386.147	60.7925	0.229402	5.498355
490.985	39.6154	0.214656	2.097994
539.637	45.1244	0.228731	2.045483
700.449	58.6163	0.12593	5.702127
408.249	54.3553	0.160653	16.633467
330.6	36.8911	0.216485	2.988348
572.278	46.9502	0.151875	3.833581
596.335	38.5578	0.188622	1.891647
564.138	52.8281	0.148812	5.662626
604.265	38.7321	0.177371	2.121423
452.673	56.9875	0.144038	26.233767
645.06	43.7219	0.165354	2.715878
456.774	51.9991	0.167762	6.491769
292.638	36.9103	0.15027	17.803448
555.286	51.8911	0.126189	8.236760
403.813	56.4476	0.189702	6.218295
427.516	48.0732	0.168301	6.879913
250.095	40.5595	0.138969	14.441065
372.428	39.1141	0.165565	8.187826
280.852	39.6432	0.208517	6.715006
172.75	38.5044	0.146231	6.277662
553.265	44.1933	0.142814	4.396825
687.454	46.6574	0.159412	3.027946
243.228	43.6732	0.188002	35.970589
433.188	56.2856	0.129861	0.000000
544.52	47.0572	0.125205	6.282561
308.084	47.7822	0.223336	8.977854
416.318	38.7838	0.127434	13.622222
342.293	58.4916	0.13677	2775.500000
537.733	37.3005	0.222596	1.738788
306.737	48.2309	0.131195	30.229008
388.314	51.7811	0.157896	101.294121
683.834	49.0306	0.198644	2.174859
642.443	42.5695	0.129778	3.572485
622.556	56.2242	0.176021	3.713080
626.283	54.9642	0.22024	2.661870
235.183	38.6975	0.200331	19.675676
530.226	46.6244	0.224392	2.353521
387.479	39.6403	0.162193	6.262997
745.86	60.174	0.186419	2.836124
581.112	58.9849	0.235848	3.061077
285.632	49.9325	0.191046	104.073532
179.724	39.8478	0.16411	9.123810
536.556	41.7604	0.221287	1.920746
646.392	40.428	0.176833	2.197026
579.262	54.427	0.243818	2.553082
450.972	38.6379	0.137532	4.861194
531.095	37.6952	0.162938	2.375610
478.247	57.0157	0.140884	18.645321
507.882	46.8964	0.160642	3.645503
679.31	57.3767	0.241645	2.261652
224.92	46.0158	0.249883	40.525772
431.248	58.1777	0.142543	0.000000
498.706	36.8513	0.181442	2.286494
779.159	57.7208	0.142884	4.519348
209.371	41.4036	0.19659	17.289808
437.623	38.6019	0.233032	2.111111
575.485	37.1544	0.23242	1.634956
249.416	39.5463	0.237151	8.822021
625.803	47.0063	0.22193	2.170213
530.149	52.5478	0.198629	3.284580
204.804	44.4969	0.23748	29.880342
405.611	58.1696	0.169656	16.012932
226.366	54.9738	0.221604	82.740257
354.857	52.4558	0.167572	170.871796
510.275	42.7553	0.209215	2.130723
224.5	41.8456	0.221216	24.184029
802.681	51.3061	0.176154	2.250476
580.14	37.2274	0.12723	3.337364
735.806	55.9992	0.13303	4.023033
572.067	47.5074	0.134262	4.399317
509.739	37.885	0.238233	2.042726
653.2	45.3333	0.166686	2.489091
382.83	44.2635	0.246872	2.987752
557.783	54.9875	0.147893	4.991735
250.086	42.9615	0.173391	37.746376
548.764	45.2312	0.155833	4.080795
512.893	42.6769	0.232808	2.069307
628.787	42.1304	0.129796	3.150063
295.04	46.8702	0.206134	20.297735
615.281	46.5531	0.217519	1.884717
309.299	38.2629	0.236093	3.199059
508.798	51.3489	0.151951	4.959781
364.523	42.4096	0.179099	6.239264
545.82	51.5306	0.137574	5.568627
510.169	59.7932	0.136503	21.417646
645.218	54.5776	0.152969	3.973354
416.567	42.0931	0.181714	3.638754
580.865	38.4042	0.183317	2.068872
565.862	40.0843	0.164011	2.464752
465.742	59.1041	0.20359	4.248132
668.525	51.8604	0.148842	3.710103
515.045	39.2603	0.230003	1.853659
388.507	58.2512	0.198833	7.286013
615.776	51.9219	0.155422	3.627769
342.495	43.1439	0.177277	7.630357
313.478	36.5903	0.141918	20.267443
238.771	49.6885	0.200536	73.034882
366.666	40.5948	0.232996	2.995822
353.609	45.1056	0.160352	22.940170
292.911	40.8753	0.151496	27.598869
182.915	40.0596	0.148932	6.218935
455.484	43.6239	0.238136	2.050907
541.606	42.279	0.166824	2.658333
702.313	60.659	0.145342	4.555794
340.823	36.8862	0.160654	8.806569
455.899	45.9842	0.212741	2.558659
670.441	56.6967	0.24081	2.155555
587.177	52.7347	0.222285	2.541562
602.594	43.4279	0.17621	2.406469
397.433	49.9841	0.24295	2.655495
802.871	55.7889	0.129246	4.865425
577.052	42.2944	0.142946	3.528517
587.569	46.2175	0.223053	2.226046
505.734	60.8036	0.21571	3.967143
242.878	41.5361	0.186076	21.463602
739.434	57.9588	0.222879	2.431250
885.629	57.6368	0.233492	2.330291
444.233	36.5808	0.218986	1.965464
635.265	42.421	0.23192	1.870011
622.824	42.1729	0.130715	3.833096
543.764	49.742	0.198962	2.619494
444.907	53.0091	0.128136	958.000000
311.754	42.0536	0.222054	4.111319
522.138	60.3012	0.151455	13.409910
237.581	54.5395	0.166489	37.540001
478.768	37.8175	0.192051	2.782140
366.937	38.7016	0.235815	2.533252
440.095	40.5477	0.15703	4.408190
208.186	38.5786	0.149708	10.716253
345.591	53.6723	0.138246	433.000000
261.042	47.0486	0.161588	43.625000
726.267	60.5141	0.219197	2.429259
282.063	46.3217	0.240589	9.521523
631.076	43.2622	0.221867	1.773341
575.6	40.8702	0.19684	2.196198
680.345	46.1209	0.165379	2.616735
809.891	51.1027	0.151922	2.696315
281.32	39.5254	0.226657	4.962399
293.719	36.6557	0.169336	17.198370
390.996	38.3936	0.16884	5.127742
756.767	47.9896	0.170447	2.474347
389.06	57.084	0.21127	4.928244
430.757	49.2393	0.171984	4.519638
659.76	54.4917	0.176842	3.297730
366.513	52.6175	0.137483	606.400024
531.083	37.2857	0.184353	2.229980
585.332	44.7707	0.140296	3.475936
726.568	49.016	0.245596	1.958820
722.205	55.2323	0.133904	4.673152
351.108	58.761	0.175684	0.000000
198.029	39.6595	0.249835	22.761494
760.396	53.7637	0.132553	3.710382
603.261	39.7798	0.128719	3.483912
415.681	41.1817	0.138988	9.307888
282.531	37.9819	0.154912	15.000000
235.791	47.1695	0.158667	41.299213
508.471	37.0755	0.162299	2.696944
443.866	40.4288	0.138596	5.721650
624.87	46.2541	0.195004	2.305622
722.116	50.7317	0.167983	2.483607
206.3	47.3593	0.248877	34.060001
674.47	57.4557	0.155866	5.314563
452.909	45.7992	0.19181	3.796171
359.44	47.8531	0.125522	190.870972
536.26	39.9754	0.158177	3.156540
701.936	59.2755	0.199526	2.525683
251.792	56.3646	0.168551	53.188236
437.992	38.0682	0.170144	2.945584
558.423	52.9356	0.162688	3.901664
594.33	37.6465	0.243425	1.676062
196.013	42.0277	0.219543	20.000000
492.487	37.6094	0.225614	1.794319
257.888	60.1359	0.216304	214.206894
644.032	46.8871	0.196631	2.787351
553.703	43.5813	0.146091	3.417661
716.38	45.1746	0.202909	2.111347
473.048	50.5175	0.161847	5.732448
373.062	60.632	0.182042	76.088608
925.6	59.5036	0.135523	3.979008
212.953	50.3074	0.13251	20.557377
194.267	46.0707	0.132048	28.056000
497.197	38.8742	0.190944	2.276536
406.861	41.1744	0.145002	7.811623
289.71	45.5475	0.178045	73.349060
545.13	36.7454	0.136554	2.818905
543.045	56.3467	0.206933	3.644444
501.889	38.2369	0.17114	3.150376
559.977	42.6501	0.175146	2.278543
488.434	57.5183	0.240491	2.898888
470.591	41.5797	0.168019	3.168285
231.111	40.7923	0.135917	12.669065
407.921	39.5407	0.148619	5.983552
444.196	44.4416	0.228492	2.398454
204.711	38.6648	0.136043	10.456592
415.487	53.3475	0.168447	9.017500
423.978	43.8238	0.126821	200.848480
266.008	51.7654	0.236096	98.032967
563.787	51.0245	0.137555	6.468750
429.025	47.501	0.156765	10.757576
261.835	42.7901	0.153134	21.990244
675.082	42.8576	0.158912	2.249330
484.62	52.2982	0.245768	2.535027
255.399	59.9853	0.187861	170.000000
466.271	54.7535	0.24499	2.984402
255.686	37.7573	0.207312	14.154334
689.972	48.2995	0.141224	3.244138
297.183	40.9635	0.177854	31.734596
435.092	53.7865	0.130676	0.000000
200.202	37.4331	0.125646	8.370879
661.918	44.3108	0.161221	2.416431
205.097	49.7591	0.19596	22.942583
593.593	38.8659	0.127607	3.552493
681.196	50.6264	0.155573	3.694938
738.835	47.8633	0.147882	3.050000
192.078	41.8346	0.208995	13.973333
507.482	47.1034	0.188477	2.670802
232.159	42.8879	0.158384	22.585714
638.598	50.086	0.149321	3.133242
288.065	47.2424	0.179551	79.813957
346.228	39.8838	0.131931	40.547443
479.855	48.1488	0.182719	3.860744
486.824	36.5233	0.160324	2.875552
773.061	49.0608	0.215146	2.029539
577.499	37.5384	0.205716	1.760313
840.071	57.4518	0.203087	2.592079
209.684	49.0637	0.224975	39.191780
620.15	39.8128	0.240304	1.737924
890.268	57.1711	0.21943	1.980723
267.33	51.9768	0.149588	61.486111
742.096	47.4189	0.194848	2.152997
272.336	37.0124	0.242504	3.968845
434.919	40.2967	0.144358	5.896959
771.774	52.7816	0.156939	2.706410
527.077	54.496	0.218385	2.589286
586.86	57.0526	0.212032	2.612224
288.271	42.0004	0.222042	6.233377
407.064	51.8382	0.249045	3.064488
312.83	48.0649	0.184953	76.534088
473.367	56.6821	0.18936	4.995098
380.588	47.3451	0.145884	2152.000000
927.82	58.2395	0.145006	3.483761
165.078	36.8606	0.244617	8.486486
379.9	52.9317	0.249449	3.749462
193.506	40.0383	0.194346	8.986194
225.531	43.4041	0.182276	15.072784
433.728	36.7964	0.125285	10.658731
266.149	52.716	0.126697	28.960785
218.325	53.9705	0.198866	38.751999
789.476	51.3503	0.198584	2.263889
488.014	60.7182	0.133011	113.515152
161.291	37.4756	0.186011	6.167147
391.681	45.1193	0.142848	44.791306
800.738	58.6349	0.164197	4.168478
294.323	44.638	0.133607	22.690218
362.364	53.733	0.135067	350.733337
188.044	41.9917	0.182318	7.672098
400.737	36.8454	0.14891	5.162983
183.363	37.6479	0.160757	9.134434
295.364	49.9417	0.163704	97.777779
736.983	46.0999	0.173574	2.227935
353.171	54.5133	0.137631	190.000000
414.478	37.1102	0.138485	6.344371
599.005	41.3038	0.24768	1.940306
750.527	59.4451	0.184776	2.946048
496.267	38.8478	0.196207	2.399586
484.322	42.8281	0.218515	2.240366
593.037	44.4044	0.23114	1.964679
585.612	42.2565	0.21486	2.164806
424.052	41.3854	0.24027	2.347905
444.646	40.7767	0.129715	10.869565
474.974	38.8472	0.129403	4.830159
740.32	51.7527	0.230927	2.109782
669.837	43.8958	0.136066	3.354005
217.523	39.2933	0.249356	18.502462
377.67	57.4015	0.145052	1874.000000
560.138	51.4616	0.181265	4.282258
700.106	60.5069	0.12923	6.164421
282.559	37.5578	0.169796	24.828794
675.743	56.8575	0.166345	3.564815
369.623	37.9399	0.149952	10.632941
299.005	54.1655	0.149981	2162.000000
178.035	38.3302	0.176278	7.264759
311.856	40.1751	0.20948	5.585714
415.696	37.854	0.15795	4.411150
377.943	42.4547	0.13741	54.866070
382.171	56.0519	0.160411	860.222229
459.942	42.5503	0.16895	3.583815
333.312	39.1555	0.196087	6.146801
566.785	51.6427	0.13539	6.377500
822.588	54.7637	0.211593	2.219321
186.047	37.8803	0.193379	7.449324
767.215	49.1534	0.230825	1.901399
544.342	50.5477	0.127553	7.421918
445.778	44.0964	0.140027	6.533730
387.092	39.2897	0.196492	3.428813
487.974	50.9626	0.151732	7.123832
437.637	43.6173	0.244885	2.217523
466.217	45.0583	0.139295	9.135770
409.246	43.5301	0.179629	4.206294
564.155	37.2136	0.243345	1.696662
390.058	40.6083	0.22317	2.472656
470.105	44.2409	0.243859	2.230912
542.355	46.1832	0.159632	3.072770
310.519	59.7676	0.166513	0.000000
254.959	51.681	0.197608	70.119568
754.146	50.2975	0.142948	3.374480
608.611	57.1571	0.226327	2.238999
794.695	59.1914	0.146028	3.732297
278.966	38.4556	0.224726	5.112760
386.449	58.808	0.162551	0.000000
383.864	38.4978	0.140317	13.252809
357.518	43.0673	0.134314	51.111111
271.143	39.5269	0.165952	22.895397
194.019	45.6929	0.146774	8.975831
607.08	43.9424	0.136574	3.898809
649.484	50.7718	0.128906	6.063725
334.646	39.0911	0.1506	35.993977
520.417	43.473	0.147913	4.034632
679.163	48.899	0.155688	2.826855
328.455	45.1132	0.218997	4.419048
502.188	38.1131	0.179559	2.553191
460.417	52.3601	0.13758	15.186147
771.45	57.1875	0.149785	3.452614
175.444	39.3334	0.204147	9.150944
870.846	57.7829	0.24593	1.893426
307.445	44.4001	0.241309	4.078725
453.671	45.1235	0.206671	2.624402
288.248	36.8849	0.233082	3.739490
242.777	39.8359	0.139087	14.205036
879.415	56.141	0.20849	2.153650
553.746	39.8974	0.149093	3.532847
438.506	56.066	0.244833	4.274272
274.639	41.5372	0.243259	4.800184
247.852	45.2353	0.141557	33.500000
455.126	52.3474	0.222163	3.292918
321.22	37.3713	0.200092	4.757128
611.122	51.5674	0.209605	2.331667
305.538	38.6831	0.157028	26.271889
622.999	55.8081	0.227921	2.279904
397.224	53.0077	0.125124	168.000000
212.787	43.2807	0.132812	17.368984
419.376	41.491	0.150876	5.670455
249.378	56.7786	0.174661	145.515152
570.181	38.9078	0.134237	3.074919
407.036	49.9222	0.132092	91.178574
567.977	37.4093	0.224615	1.866762
303.617	37.9992	0.180468	10.874263
855.68	59.2452	0.129044	4.578571
481.759	41.7442	0.204343	2.406498
406.423	40.101	0.217476	2.842671
477.127	53.9214	0.224917	3.087562
731.389	47.1924	0.186383	2.138423
277.408	45.5878	0.166957	58.690723
616.107	45.0628	0.188223	2.351219
294.325	49.6138	0.184157	283.642853
580.943	57.4135	0.166177	4.724315
328.995	51.3491	0.19002	18.877470
265.043	57.9756	0.159784	66.387100
332.215	52.1181	0.157281	510.000000
427.149	39.2932	0.180044	3.256410
584.346	42.0772	0.198304	2.328028
663.23	50.5305	0.24426	2.046327
188.649	45.1337	0.135033	7.160714
209.305	37.7721	0.164419	11.546391
314.822	36.6557	0.158675	17.547468
486.542	49.7817	0.132081	16.769585
653.092	49.9845	0.19631	2.245748
790.324	50.0299	0.170761	2.540764
320.979	60.6405	0.130517	166.916672
370.122	39.019	0.239661	2.273438
583.792	38.4672	0.154928	2.569542
251.164	43.4923	0.172294	23.857143
361.438	43.5992	0.216935	3.983825
272.902	37.1514	0.153354	12.486631
584.379	38.2286	0.172477	2.086808
360.659	38.1973	0.232345	2.609602
681.674	50.3675	0.143302	3.881239
414.006	42.7828	0.16712	4.789757
626.819	59.6946	0.129811	8.038733
666.279	53.269	0.182796	2.700944
490.924	41.9444	0.204477	2.175593
572.374	42.9794	0.131271	3.542302
582.329	37.2038	0.201783	2.109903
398.687	39.9059	0.131643	61.851063
375.002	37.0016	0.232012	2.439306
161.307	37.7801	0.176702	6.160535
541.996	39.6629	0.189658	2.099338
286.929	49.5705	0.168343	47.216217
458.189	46.5972	0.207963	2.938671
491.397	52.2801	0.165013	4.750865
450.501	40.1571	0.137862	5.932526
384.93	49.8094	0.155334	25.239130
783.527	51.6332	0.139581	3.293478
296.561	52.1559	0.176068	110.446426
567.818	43.6484	0.219896	1.907407
413.379	47.8069	0.18703	4.365359
249.734	52.646	0.165728	31.361702
804.622	50.9506	0.138378	3.144737
545.614	51.711	0.169252	4.155772
436.459	39.4397	0.12822	11.728070
561.217	43.3941	0.163863	2.841093
409.598	54.1984	0.159119	11.142858
817.391	58.6353	0.163033	3.523256
377.992	56.2899	0.144156	764.250000
356.427	42.0325	0.166718	11.039261
411.046	42.727	0.137928	47.641510
837.779	52.798	0.128665	3.127496
260.142	40.2408	0.146811	15.377623
727.656	45.5195	0.235486	1.690899
327.287	47.0172	0.177429	42.245033
523.412	51.8319	0.127481	16.755981
390.044	37.3277	0.129285	14.758064
479.705	46.4832	0.190503	3.386293
351.921	50.9465	0.145769	845.571411
316.248	41.3388	0.13041	20.239025
428.41	48.5279	0.161298	9.621693
652.345	50.5653	0.199666	2.103476
576.333	54.5191	0.13293	13.074419
533.774	56.0141	0.168087	5.332707
529.644	47.7199	0.170804	3.813038
210.557	38.0278	0.171009	11.100000
415.12	36.9963	0.21499	2.230042
299.27	59.6148	0.19469	1051.875000
230.665	46.1232	0.176538	29.563637
519.645	49.1085	0.164829	3.709677
356.725	37.4283	0.218484	2.578244
264.775	47.2648	0.245111	9.863558
308.193	38.3363	0.153045	32.630436
372.274	57.5446	0.172943	102.163933
573.835	39.3831	0.166306	2.253115
221.953	50.0784	0.16358	49.180851
373.971	40.3396	0.212326	2.920091
329.62	39.2	0.197757	4.309021
543.373	37.1131	0.18426	1.978404
521.368	47.3176	0.151335	4.643750
423.701	37.4001	0.141642	6.506896
354.923	41.2052	0.142014	30.778410
425.885	39.5762	0.247363	1.979105
483.178	48.3041	0.142053	6.715218
469.14	45.6859	0.193899	2.923844
651.722	46.067	0.195122	2.282869
278.831	56.1645	0.13753	327.727264
575.119	37.42	0.139275	3.180311
416.886	42.8636	0.163801	5.138643
410.137	48.1748	0.16077	11.723077
227.67	50.9202	0.161702	21.119761
353.145	50.0364	0.181889	16.355263
618.607	50.0544	0.146238	3.636095
761.881	52.3195	0.144305	3.931035
615.018	42.6972	0.154089	2.896406
216.488	39.1519	0.234015	23.079512
667.48	55.8091	0.173854	3.545070
589.757	51.0808	0.156137	3.905523
356.229	37.5987	0.18151	3.786667
702.954	58.7731	0.177357	3.585014
475.747	40.7132	0.143566	4.616379
548.393	45.4061	0.150469	3.265207
642.942	49.3985	0.13304	4.418251
310.533	51.6628	0.191187	56.353447
519.083	52.193	0.229402	2.444632
253.012	37.4238	0.137884	14.191882
614.289	44.9593	0.159966	2.582625
635.655	46.8891	0.149463	3.618331
495.752	47.3315	0.151512	5.294117
215.273	51.4106	0.145869	27.154545
726.966	57.2951	0.230991	2.262351
552.106	42.6555	0.13716	4.085496
182.276	37.6979	0.136624	6.930435
576.12	42.254	0.146843	3.239180
525.715	41.4645	0.245191	1.958877
491.899	46.4301	0.13553	8.994118
232.652	57.6644	0.214179	63.932583
297.894	38.1539	0.173624	27.850203
273.36	55.3784	0.143149	49.644737
365.953	53.3219	0.16616	645.615356
318.674	39.8587	0.161101	47.553955
442.192	53.8207	0.16792	7.972907
371.394	41.8043	0.13045	58.038094
547.03	50.5938	0.231157	2.443411
631.52	47.4714	0.130053	4.577519
466.752	42.6362	0.163935	3.644522
229.654	36.5426	0.175027	10.099191
345.887	51.8763	0.223231	5.141510
774.159	50.6723	0.130361	4.720524
446.059	42.2268	0.21308	2.502203
398.953	42.3383	0.157882	5.133034
160.144	37.1423	0.127996	7.316062
614.901	40.6419	0.133519	3.190703
543.485	38.3338	0.159585	2.590135
629.47	54.3963	0.159058	4.198036
470.456	55.5979	0.139234	28.608696
269.761	37.0974	0.233033	4.409565
261.134	42.4176	0.223565	14.115208
232.329	43.6314	0.192128	20.000000
389.388	56.4732	0.182561	15.684015
194.21	44.6574	0.166796	10.641337
626.112	39.5153	0.137029	3.352300
483.077	36.5494	0.134665	3.618705
515.148	36.787	0.174487	2.280060
397.741	59.5063	0.132878	3146.500000
187.214	40.7512	0.22074	11.895089
742.095	58.4106	0.131285	5.830143
256.242	43.5	0.203735	47.577641
550.635	46.1071	0.181824	2.531193
698.343	54.6724	0.229172	2.356557
231.365	37.4749	0.128047	11.019672
522.803	56.7319	0.132001	19.592592
306.44	44.498	0.187745	25.266394
500.713	41.9538	0.219557	2.622348
218.298	38.4275	0.125583	7.304965
576.399	40.1333	0.167254	2.422314
360.65	50.1611	0.143821	480.866669
368.493	45.1674	0.188577	4.858311
700.67	44.2605	0.187526	2.037681
791.185	50.4772	0.128528	4.763374
696.41	48.2115	0.148437	3.069544
585.747	37.5644	0.246945	1.740051
563.083	36.8085	0.165315	2.273530
477.88	45.6822	0.131035	7.919060
257.209	38.2788	0.126524	8.236586
497.851	50.8117	0.126744	27.708662
464.369	40.2072	0.224156	2.196042
534.097	59.5805	0.243023	3.427195
581.478	47.8974	0.210291	2.079401
344.458	52.8955	0.176451	119.067795
301.738	59.5818	0.132231	122.896553
505.235	41.1027	0.18363	2.501572
624.39	45.4337	0.137283	3.538574
320.389	40.9727	0.170159	15.151163
442.799	41.4555	0.132941	9.553525
190.638	37.7036	0.130206	6.919811
532.202	37.9773	0.211294	1.880347
772.837	49.667	0.132466	3.222222
404.105	37.5017	0.193091	2.665691
662.823	52.0207	0.126097	5.054118
609.513	46.6543	0.169899	3.095135
578.483	42.4435	0.133474	3.444304
638.218	42.144	0.134048	3.169975
234.58	38.2119	0.182949	17.526154
398.559	38.5647	0.161969	4.928302
561.424	54.2969	0.205907	2.791296
302.024	48.8734	0.21331	10.312365
199.877	46.9719	0.183659	18.111570
488.445	39.5072	0.184575	2.566641
220.098	37.519	0.125586	7.038005
399.045	39.3032	0.175812	3.647844
385.865	49.0085	0.126014	147.060608
644.891	43.5418	0.207986	2.093471
562.196	54.0154	0.131757	8.867797
339.987	43.0873	0.156102	45.043797
537.948	55.19	0.149106	6.876847
234.188	49.5747	0.15215	35.260506
319.946	50.608	0.214577	9.556962
417.519	47.5401	0.172972	7.099029
386.441	36.8824	0.212408	2.609355
170.413	36.5045	0.202957	5.863184
507.617	46.8722	0.19455	2.703478
220.072	49.2922	0.231952	129.000000
321.127	38.0116	0.140144	18.974730
651.257	41.2642	0.162422	2.132206
388.275	40.908	0.131238	72.558136
697.573	47.7825	0.233366	1.856287
209.989	36.5267	0.181147	9.681275
233.295	45.2838	0.213351	27.288210
612.853	43.5487	0.140358	3.695015
613.787	48.8778	0.198636	2.744834
445.697	56.5416	0.178308	8.367188
686.592	48.7022	0.130045	3.372881
807.727	58.5995	0.224889	2.290987
485.385	41.9142	0.132391	5.809886
765.501	60.7197	0.205466	2.650875
624.909	46.0443	0.179349	2.731203
385.505	42.5408	0.249732	2.495446
584.832	39.3796	0.136722	3.169286
482.042	44.6114	0.130434	6.172113
197.982	37.8265	0.132344	8.052356
609.965	40.9074	0.187413	2.094920
495.533	45.3436	0.144513	4.777966
525.091	56.7462	0.134831	17.458334
383.527	47.8493	0.143375	107.000000
404.781	47.8079	0.211235	3.916230
529.821	47.1992	0.14305	4.506410
735.992	53.2682	0.20078	2.136752
516.998	40.9992	0.125398	4.966072
698.54	56.6332	0.13001	5.212714
511.996	44.6633	0.194769	2.968239
609.703	57.2938	0.14101	7.292754
651.621	54.8489	0.129203	4.698690
603.92	54.5251	0.125688	7.429012
486.383	44.7541	0.133291	7.202062
604.585	55.532	0.233997	2.665458
331.259	39.321	0.184233	6.735695
418.647	49.7974	0.16098	7.861751
282.3	53.6574	0.181566	140.714279
243.579	50.6158	0.219631	60.000000
768.281	48.4586	0.186935	2.179080
179.254	36.9028	0.170385	5.397695
644.201	48.1261	0.229514	1.898336
383.013	39.6635	0.228722	2.534615
485.338	41.1985	0.17227	3.112205
581.223	50.1056	0.196056	2.397737
399.763	37.5281	0.15962	4.238649
807.51	59.0604	0.183768	2.652571
561.615	46.0791	0.131716	4.831793
805.817	52.2745	0.1841	2.437262
291.173	39.2029	0.177328	22.957447
606.655	47.8588	0.166506	3.050279
386.781	37.872	0.199197	2.944322
491.653	43.8807	0.136816	6.246679
255.637	48.0766	0.163599	28.270967
835.23	53.1409	0.12597	5.070248
445.008	39.5242	0.234964	2.018192
324.255	56.2555	0.138809	131.342850
474.993	50.2923	0.146338	5.831301
652.722	47.3582	0.231167	2.031830
652.783	46.8129	0.207893	2.079918
603.27	48.4923	0.205902	2.409128
281.17	50.5108	0.131069	42.756409
523.117	37.4866	0.212909	1.829854
656.267	42.7827	0.152939	2.933619
787.207	53.9036	0.18677	2.628337
300.512	54.4972	0.188481	276.851837
711.853	46.6578	0.168737	2.613372
601.311	60.4324	0.13473	10.224265
220.567	45.49	0.148851	16.380531
467.433	41.062	0.147121	3.623750
361.444	39.2539	0.142267	20.812000
459.092	43.9987	0.126244	13.345196
544.997	59.8622	0.125248	35.803921
680.83	57.5457	0.243101	2.027756
531.77	56.698	0.128765	16.820225
178.917	37.6964	0.130234	6.952719
425.208	54.8454	0.149813	34.140625
633.565	54.598	0.198814	2.671717
628.649	46.2781	0.235527	2.231324
340.049	49.3256	0.13166	163.148148
481.738	43.4996	0.144995	7.174418
423.167	42.7513	0.140133	12.447369
459.467	39.8954	0.15143	4.738130
180.3	38.3364	0.133562	7.349367
611.157	39.0421	0.152962	2.354310
290.475	37.0713	0.128843	15.303030
736.047	50.319	0.132021	3.581356
294.414	60.2704	0.198047	489.666656
593.564	37.5128	0.222727	1.687529
501.876	43.6751	0.224318	2.138154
485.864	42.6817	0.156205	3.432886
187.858	39.3559	0.201425	7.934281
781.36	58.3105	0.243463	2.099215
389.138	44.6791	0.160443	9.481396
419.399	45.3714	0.159215	6.532467
270.332	38.8992	0.189675	23.369963
281.403	39.7832	0.182642	24.996048
288.128	40.4542	0.22965	4.806807
379.963	46.5403	0.249857	2.614245
171.946	42.9367	0.147281	7.768000
468.679	48.7516	0.155399	6.781316
665.611	55.987	0.138238	5.023404
605.931	52.1591	0.153925	4.216124
397.985	41.5947	0.228503	2.406349
420.711	52.6261	0.144435	2608.333252
311.672	41.5907	0.194547	7.418642
601.689	43.2429	0.136129	3.661870
355.092	43.5722	0.125145	67.092102
692.151	43.8764	0.141509	3.577922
193.583	39.6347	0.182983	11.692893
449.45	39.3083	0.138179	5.105939
300.24	38.9387	0.195165	9.680484
569.895	36.7742	0.143611	3.055391
339.594	42.4349	0.163076	17.886986
481.738	39.5932	0.207236	2.409494
689.402	46.1885	0.131477	4.063492
415.879	54.4557	0.190715	4.967239
440.484	40.567	0.136711	9.000000
740.76	54.5344	0.138816	3.781915
517.004	40.6315	0.246043	1.880734
705.936	60.5629	0.189942	4.158140
201.209	40.3018	0.185055	12.245431
231.521	57.7042	0.128119	75.951218
201.322	43.232	0.203361	17.369127
181.738	36.501	0.125365	6.636564
721.932	47.5434	0.142898	3.292181
492.957	38.6115	0.146914	3.449883
673.462	49.3696	0.166312	2.998862
444.563	41.4715	0.18262	3.159881
627.411	57.6281	0.176632	3.300562
262.556	43.9281	0.158229	25.850000
427.206	47.5148	0.238235	2.540188
668.818	43.9502	0.139478	2.831395
331.806	40.7397	0.19092	6.746418
330.496	46.4103	0.134764	49.257732
275.215	37.0182	0.218326	6.155361
356.47	41.0959	0.166256	7.553153
657.002	42.1508	0.165827	2.547445
752.539	53.6932	0.232413	2.079080
473.236	40.7023	0.151636	4.099476
197.826	48.7164	0.167924	12.625000
356.615	38.1998	0.154348	10.150985
696.074	57.2849	0.233646	2.400725
639.671	56.3578	0.248474	2.234263
329.251	47.2834	0.143902	114.918365
445.089	38.6067	0.186281	3.122625
368.2	42.5251	0.146307	17.886179
624.839	51.9027	0.185256	2.756124
506.732	44.9633	0.157873	3.795148
369.667	46.6901	0.156936	30.459303
176.256	42.2879	0.244674	9.820422
170.428	39.0511	0.144123	8.785124
386.279	57.9442	0.167532	140.355560
494.114	37.2101	0.130452	4.228610
534.657	49.7306	0.142643	8.244332
463.032	56.2536	0.186472	5.972222
593.301	38.6722	0.153372	2.596730
483.355	48.2367	0.236424	2.336429
215.486	44.5524	0.137462	11.732601
175.264	37.7911	0.141319	7.108295
381.746	52.0522	0.145773	1123.833374
472.671	38.3636	0.129695	5.527778
578.556	43.4993	0.175478	2.437229
583.356	46.1431	0.138851	3.801788
521.824	55.1557	0.127221	14.610577
542.496	40.2353	0.144777	3.506271
340.028	42.9176	0.132695	67.025314
356.088	39.6868	0.127631	55.701923
187.921	38.2391	0.148245	10.617977
538.728	47.7967	0.238396	2.514328
610.079	40.8032	0.202315	1.935220
711.443	47.0222	0.218341	1.870064
395.874	39.6641	0.169204	4.903394
273.228	50.13	0.146824	48.352940
354.237	47.4922	0.193276	5.889408
537.45	54.6082	0.22977	2.798043
431.337	41.17	0.170639	3.646316
629.325	56.8204	0.157599	4.436673
435.408	45.2713	0.151391	6.035971
629.842	42.0482	0.140997	3.369681
533.079	40.4026	0.156356	2.689255
554.886	43.2577	0.15282	3.039370
693.16	50.2883	0.138448	3.595200
466.358	48.2451	0.226225	2.427711
355.962	39.2932	0.179441	5.263421
623.32	39.1594	0.222943	1.766883
291.578	37.4347	0.151024	13.793872
624.523	39.5172	0.243931	1.599733
222.459	45.5272	0.206804	22.251013
488.58	49.1396	0.140521	12.726352
321.963	37.006	0.12924	21.768559
438.659	46.3113	0.18232	3.646727
642.949	57.9176	0.247195	2.133283
320.402	47.2112	0.130993	29.021128
170.746	41.1934	0.191135	8.122245
421.815	58.6529	0.141104	6333.000000
343.418	55.5207	0.140744	140.600006
441.6	48.747	0.153213	14.719298
621.337	53.8931	0.140577	6.466830
518.999	57.134	0.180586	4.360630
380.882	44.3956	0.177752	6.277109
396.632	60.488	0.193759	7.621687
598.1	49.8902	0.157953	4.924494
673.115	43.1401	0.146316	3.081680
230.485	40.5425	0.135079	9.024390
176.094	39.6741	0.178966	7.957447
459.577	49.8718	0.168987	4.224259
499.276	45.1756	0.13295	6.149888
431.64	50.2713	0.127795	431.250000
262.788	38.883	0.127674	11.222222
296.633	43.4424	0.171016	37.133335
210.044	48.0123	0.134217	19.183674
354.258	48.6314	0.222005	4.193296
352.414	56.3389	0.133125	101.837212
329.533	53.0919	0.179587	151.088882
526.809	36.7302	0.247767	1.653719
836.21	54.8983	0.206981	1.958604
589.024	38.593	0.131265	3.662269
492.301	51.0399	0.17223	4.280112
606.784	50.2057	0.166285	3.446452
439.701	46.6165	0.167183	5.561062
299.481	43.4662	0.129719	20.689655
558.457	40.5132	0.203441	1.901442
797.038	52.6285	0.170673	2.716092
642.099	56.295	0.171102	3.886293
435.736	46.7838	0.176054	5.975155
264.95	44.5561	0.222819	15.056206
496.885	38.8963	0.137357	3.821384
673.911	56.509	0.187402	3.280566
345.395	53.1097	0.207359	7.361004
777.763	54.9036	0.165014	3.380376
510.618	57.9957	0.175809	4.516522
227.663	39.6994	0.174034	18.480968
480.189	47.6252	0.165191	4.391813
328.819	44.8636	0.237402	4.519076
797.811	59.3839	0.136821	3.992293
294.27	38.2042	0.167136	21.846153
328.079	44.0421	0.15214	85.194031
620.905	46.7148	0.139378	3.458333
922.784	59.6125	0.215334	2.515779
427.264	42.3781	0.227739	2.364346
360.601	38.227	0.138318	24.976191
510.78	40.7277	0.176333	2.632933
555.054	55.1054	0.240386	2.623294
472.447	50.8605	0.13546	14.757322
498.16	45.8046	0.244671	2.125844
647.017	43.7701	0.138443	2.752914
575.457	45.4852	0.13281	3.913821
435.416	37.3789	0.135506	6.831058
838.664	60.2944	0.127395	6.414111
431.632	37.9742	0.139939	5.344340
266.221	46.7337	0.178693	77.807228
842.31	54.3022	0.238329	1.964481
711.409	51.1977	0.19516	2.684108
271.779	42.804	0.159763	21.443478
595.319	54.6527	0.234004	2.247685
519.93	50.7034	0.155287	6.044177
407.719	52.1365	0.200302	5.072886
232.225	54.923	0.200263	66.085365
263.331	53.376	0.173329	67.180557
791.448	56.6863	0.155887	3.595129
767.132	54.9972	0.206359	2.707722
267.029	50.7181	0.127082	25.610687
273.733	42.0377	0.229757	6.687811
591.226	46.4558	0.189073	2.549505
441.067	39.8635	0.228076	2.189363
293.737	39.3227	0.172754	18.275000
636.14	45.101	0.135514	2.890306
535.033	40.9566	0.13738	3.656458
573.074	37.04	0.189193	2.089028
331.53	49.9151	0.126092	51.000000
719.567	53.4055	0.140209	3.570740
456.873	41.3661	0.157617	3.919336
331.269	37.5449	0.134915	21.651585
211.842	52.3855	0.130322	17.992001
489.726	46.6444	0.143391	5.414914
347.14	60.2727	0.199237	25.207651
579.765	40.8082	0.139645	3.511968
496.75	43.8393	0.19486	2.651602
762.21	50.6167	0.167482	2.541846
596.308	51.2665	0.162711	3.085290
534.116	52.3872	0.175407	3.539073
432.976	38.9236	0.125769	14.292683
676.388	47.4475	0.232903	1.902709
645.993	49.3735	0.196876	2.358824
492.671	36.5724	0.226004	2.017955
655.68	42.6284	0.142135	2.785393
740.44	55.4198	0.148999	3.621263
784.675	55.1659	0.136749	4.244589
670.011	48.6254	0.180967	2.444037
462.195	51.8193	0.204125	3.275000
556.134	39.3425	0.136826	3.364331
517.968	57.8767	0.167091	4.131229
774.11	57.1737	0.165592	3.180142
458.492	43.0587	0.170126	4.015730
353.225	45.0054	0.162123	36.538460
688.76	46.2234	0.16397	2.525714
238.29	42.0114	0.156813	14.790614
268.547	38.7159	0.138257	12.723602
430.714	38.8808	0.128821	10.583333
471.642	50.2902	0.126811	35.217392
370.486	44.0524	0.227082	3.036294
293.553	38.4531	0.150301	19.697081
414.816	42.6223	0.131886	25.472221
288.032	40.1741	0.151524	28.324608
283.677	42.1108	0.226615	5.465311
408.033	59.5473	0.134028	5993.000000
238.02	37.4548	0.154021	8.941052
823.68	52.8609	0.183799	2.466203
632.828	58.5321	0.243318	2.355072
254.082	39.6339	0.175338	15.605422
423.295	50.8287	0.136283	139.976196
536.365	52.0563	0.15437	5.583012
401.594	41.7697	0.15939	6.918367
448.076	38.8479	0.136314	5.139062
368.923	36.5896	0.129015	21.718615
462.172	43.6706	0.152833	4.274929
676.56	48.314	0.143718	3.137384
369.005	41.8854	0.239955	2.518774
484.695	55.2763	0.129455	18.613636
376.959	55.1372	0.236382	6.100660
617.51	57.4212	0.178458	3.981338
418.893	39.2099	0.199116	2.785558
577.725	41.3874	0.202395	2.140013
424.104	43.3519	0.136155	14.166667
363.627	42.1669	0.189739	5.414948
315.924	51.3388	0.214743	10.195505
238.984	41.4522	0.164008	13.146814
251.261	39.6163	0.153189	10.585427
602.904	49.5184	0.160802	4.072323
416.462	50.0361	0.140442	93.885246
691.555	46.446	0.137022	3.090909
654.598	49.5697	0.174736	2.595639
172.998	37.3027	0.155324	6.332117
511.173	49.7838	0.137253	5.234951
631.936	41.3167	0.231311	1.771065
592.564	52.8265	0.190329	2.883696
772.781	56.7769	0.1278	4.905192
424.958	40.3569	0.184096	3.247637
354.713	37.3636	0.247778	2.089034
621.817	43.9615	0.158256	3.110227
650.681	43.6171	0.214122	1.893948
537.091	59.7445	0.189054	3.950599
551.178	44.1502	0.191397	2.490787
426.922	51.8949	0.234315	3.337056
576.508	43.1991	0.178821	2.794296
278.009	37.0275	0.195249	9.931579
234.778	46.0054	0.164954	18.155844
300.53	42.7981	0.128753	35.521740
596.713	43.956	0.144535	3.720898
335.283	58.0064	0.178553	1777.400024
170.242	38.4815	0.148184	8.947222
242.125	46.6782	0.220561	59.565891
347.092	40.9012	0.170816	12.833754
315.277	53.9222	0.130574	84.145836
292.003	38.8215	0.148252	25.738916
693.093	44.3131	0.135026	3.076537
539.035	49.0183	0.128314	7.683333
544.886	37.923	0.203518	1.886844
758.786	50.0346	0.174722	2.579275
511.668	55.405	0.141656	7.695014
338.795	43.5972	0.158626	59.137615
290.489	41.1558	0.187157	22.307167
531.681	37.879	0.205571	1.947899
175.363	39.9935	0.146842	9.188524
545.307	44.9161	0.146439	3.405128
400.154	51.1446	0.149343	61.735634
285.338	59.196	0.165965	402.312500
396.646	42.8048	0.188213	3.639241
323.237	41.6377	0.216335	4.516507
403.806	37.2532	0.146999	5.543478
377.446	58.4668	0.230565	6.347368
564.811	37.5434	0.178628	2.484067
450.785	44.9649	0.170759	4.435146
356.714	37.7887	0.201412	3.105386
263.704	38.4595	0.165223	19.642599
682.416	56.4245	0.130558	9.673152
306.321	43.3801	0.215801	5.508159
190.983	47.2796	0.229519	17.423452
337.983	42.8349	0.178376	8.041742
688.866	52.7048	0.142709	3.888701
271.406	42.9872	0.191771	56.282257
308.432	41.9988	0.129051	25.892046
572.778	45.0217	0.184677	2.317395
690.01	48.5452	0.126665	5.250000
587.137	47.6578	0.1399	3.724387
438.307	46.3809	0.201278	3.454255
733.404	55.1549	0.13966	4.637255
390.176	39.142	0.16571	6.703125
218.714	47.5722	0.166786	15.580153
428.052	51.8608	0.159139	7.375309
563.285	47.3365	0.222806	2.076714
367.812	47.6556	0.133728	99.472725
562.802	58.1664	0.151151	5.377011
852.658	58.1684	0.222241	2.049497
721.612	57.1513	0.15477	3.573604
323.249	48.2879	0.145597	88.894737
794.972	56.4225	0.178389	2.515152
448.809	54.5769	0.195176	4.533626
658.654	46.8951	0.19824	2.236763
498.309	36.5708	0.190974	2.208713
480.911	44.533	0.21698	2.338825
347.138	38.8784	0.188522	4.860252
328.588	49.1752	0.231504	5.122573
612.719	46.3409	0.131374	4.548495
412.781	47.078	0.192836	4.020761
642.448	59.2866	0.13765	9.521583
271.16	38.4275	0.20256	9.524917
512.303	44.0587	0.146994	4.098886
619.496	53.1492	0.207441	2.601626
231.278	50.8775	0.163208	24.144579
535.464	44.9576	0.133129	4.726655
267.278	49.2681	0.175029	52.375000
518.279	48.057	0.132766	9.554179
598.67	55.001	0.203267	3.065353
537.432	54.762	0.146835	6.716049
628.676	43.0621	0.23545	1.920262
633.369	43.8545	0.127203	3.701807
531.223	51.3512	0.129308	11.430107
225.972	38.2469	0.146067	8.904077
526.193	42.2178	0.142441	3.583445
300.319	43.0985	0.196528	10.174330
597.821	55.5949	0.14438	4.289963
281.713	36.8146	0.162531	23.609022
353.551	36.5954	0.125724	26.268042
680.072	46.9193	0.131247	5.647186
536.226	37.496	0.19239	2.155599
279.786	40.2345	0.221886	6.386335
509.611	51.6658	0.212266	3.330357
791.491	57.3218	0.153158	3.201780
447.462	39.9079	0.197635	2.326301
527.089	36.7809	0.185583	2.162076
695.006	49.1733	0.12937	3.692833
654.586	55.1839	0.14579	3.919932
728.591	46.6285	0.171912	2.317574
719.82	55.3972	0.149263	3.425270
498.184	57.8329	0.151505	8.860606
368.557	44.9131	0.150308	85.714287
286.844	59.3806	0.196427	0.000000
290.752	38.3036	0.134144	24.918367
427.97	39.7955	0.190629	2.973444
294.687	51.0611	0.169321	80.802818
575.493	37.1151	0.183836	1.813239
535.956	39.263	0.128614	4.185612
852.421	58.7029	0.206307	2.464597
555.646	44.3927	0.125375	5.390781
562.428	41.3444	0.20293	2.047213
486.602	42.3259	0.175489	3.091596
214.19	42.4942	0.147578	11.263158
184.108	41.2511	0.24438	16.475676
433.345	56.5646	0.215104	4.707317
730.163	49.2106	0.136488	3.256024
510.409	39.2101	0.135373	4.551205
722.385	54.0159	0.200163	2.754441
378.214	47.2069	0.15696	14.148515
935.082	58.4546	0.202014	2.330701
658.53	41.983	0.147674	2.331349
399.705	60.766	0.126303	758.750000
369.661	38.6297	0.238532	2.324885
415.835	60.1626	0.177826	13.191638
334.365	37.8682	0.163359	10.596154
234.015	39.8351	0.171805	22.541851
484.324	55.9715	0.137134	19.359375
485.41	42.2691	0.175822	3.065856
609.549	60.7415	0.149203	6.756345
615.875	58.5984	0.144035	5.192307
755.76	52.841	0.125855	3.935614
522.815	39.9366	0.139083	4.093969
535.778	48.9988	0.137357	5.091464
895.26	60.3712	0.206099	2.288538
496.786	44.4041	0.156868	3.967957
226.458	39.8202	0.131748	9.474475
262.404	43.1049	0.145425	19.098654
327.557	52.0263	0.14486	565.000000
380.877	40.7291	0.227789	2.671812
676.869	51.4631	0.17611	2.828350
475.995	48.1615	0.225404	2.706239
377.835	48.3123	0.171891	8.292792
247.654	41.4114	0.144806	16.764957
279.908	49.3507	0.139342	25.184713
263.072	43.9121	0.136385	16.286385
609.196	39.6293	0.141989	2.469506
808.875	53.5414	0.136735	3.848696
209.159	45.4244	0.186712	16.881533
379.441	58.4932	0.145553	0.000000
509.71	41.6084	0.149833	3.300795
194.26	46.5826	0.133173	12.196721
494.129	39.054	0.208401	2.120603
295.031	54.8458	0.136234	46.317074
676.014	42.5252	0.138789	3.044289
428.249	42.0733	0.199553	3.036334
526.324	40.2875	0.167953	2.762915
702.99	57.6694	0.163471	3.232819
378.409	40.1942	0.240608	2.603713
629.909	46.0601	0.136225	3.638266
255.34	43.2362	0.246214	6.588448
186.514	38.845	0.171841	7.765714
389.258	42.3422	0.160474	6.750439
760.112	56.3606	0.12757	3.984159
726.034	46.9781	0.13314	3.652529
642.348	53.2011	0.184395	2.922669
279.111	47.2612	0.146466	32.577778
504.264	44.8128	0.242765	2.001753
519.311	51.288	0.163987	5.355124
387.17	46.7879	0.130598	188.967743
252.355	50.6149	0.14065	23.979866
545.321	36.9919	0.201319	1.839499
535.634	47.8395	0.142193	5.046312
398.845	38.8737	0.176805	3.515564
351.574	37.981	0.157999	9.448771
555.364	38.7838	0.181774	2.332386
586.972	48.3601	0.196106	2.631025
660.525	44.0179	0.171638	2.265769
546.77	47.7511	0.216024	2.239621
712.923	53.5285	0.127932	3.673321
604.958	40.1387	0.179569	2.173506
212.302	47.8359	0.164095	25.764368
361.014	50.9937	0.222276	4.877632
151.177	37.7324	0.237754	7.896923
557.245	47.4995	0.19355	2.615929
450.387	54.0251	0.138484	71.016396
541.244	54.5462	0.171976	4.785256
254.374	40.7273	0.169633	14.951952
343.775	46.3615	0.138392	80.447762
398.567	59.8684	0.244642	5.365609
314.525	40.0461	0.23727	3.078519
598.751	42.4668	0.151213	2.529708
414.043	40.0515	0.125388	30.304348
334.99	55.6401	0.230454	14.300000
238.189	38.7729	0.13784	8.388175
269.5	39.6061	0.16401	25.096069
802.991	56.0335	0.166707	2.908108
287.425	39.9651	0.206622	6.808053
528.352	40.986	0.191637	2.538048
493.831	51.0104	0.2303	2.695837
184.255	42.5838	0.201208	8.841336
911.978	58.2513	0.217893	2.118674
583.291	45.3315	0.239369	1.863919
618.248	59.7437	0.154331	5.083858
315.927	57.7687	0.166622	721.111084
665.004	44.8971	0.157437	2.727079
566.177	49.0884	0.149204	4.522727
271.814	43.8736	0.143113	24.862858
509.655	42.7966	0.215245	1.943499
502.768	39.8173	0.213926	2.169416
588.713	51.51	0.20892	2.351759
564.552	51.8504	0.178412	3.104442
571.241	52.2864	0.16088	3.563172
654.51	49.5765	0.189826	2.269298
377.544	46.7079	0.142533	79.536232
274.985	38.1121	0.232264	6.224330
599.68	44.653	0.197566	2.217698
522.202	57.8677	0.156041	5.441810
332.346	51.4409	0.235756	4.816901
419.137	55.2909	0.19706	4.896875
440.723	54.7428	0.138139	121.111115
400.579	37.0041	0.137931	7.772994
534.557	48.4487	0.239861	2.428055
208.272	36.8469	0.165091	6.250000
252.238	45.8453	0.210047	49.458904
536.369	52.5254	0.157401	4.815790
577.768	59.3594	0.188318	3.423611
265.449	44.3268	0.175896	41.275864
299.004	47.2455	0.137689	30.030075
437.629	41.4088	0.163378	4.144737
709.609	54.8005	0.247681	2.133824
533.216	37.2715	0.164611	2.736625
173.9	37.8641	0.134836	9.810397
435.523	52.2356	0.130032	0.000000
559.089	49.0018	0.137437	5.034836
544.134	51.8749	0.152075	5.170683
419.105	36.8152	0.22204	2.168688
372.826	59.6995	0.161645	6639.000000
326.848	54.8916	0.130435	58.615383
526.427	49.366	0.128714	11.511451
610.072	47.5446	0.126438	4.963710
764.907	48.151	0.1497	2.873388
666.717	52.7735	0.24681	2.063405
439.374	41.2994	0.127393	10.195531
607.36	39.4247	0.18033	2.014966
860.399	58.3516	0.151723	2.857771
191.081	44.4519	0.12717	17.329479
281.149	41.2848	0.226744	5.462942
537.646	41.0074	0.132971	4.057389
481.146	56.6296	0.130257	105.695656
523.733	38.9877	0.227667	1.874804
563.592	51.826	0.132453	6.225564
429.336	58.0504	0.221698	4.692091
768.581	56.0468	0.164238	3.141927
410.387	55.0462	0.224743	3.891697
433.189	43.0548	0.238418	2.450000
434.459	42.8112	0.173517	3.755556
212.162	43.1978	0.190111	18.581560
560.395	36.9527	0.217535	1.890966
597.718	50.7777	0.13291	5.136456
217.837	39.0893	0.158169	9.043181
201.935	50.3632	0.204966	21.574766
634.44	47.7506	0.205122	2.071325
891.279	59.3383	0.145862	3.124183
205.432	49.9988	0.198924	23.562189
802.246	53.0562	0.164101	3.087829
618.656	51.5013	0.188311	2.604790
480.433	41.0111	0.133099	6.187266
335.447	39.9672	0.190715	5.289443
372.352	58.3138	0.222063	6.128866
540.783	50.8769	0.13703	5.490281
213.915	44.1926	0.135684	17.181818
523.915	45.4678	0.151107	5.156406
831.198	57.855	0.236393	1.840675
248.265	41.0811	0.136714	17.434042
155.868	37.5272	0.143146	7.451530
373.143	45.8076	0.129577	129.949997
259.085	38.4537	0.152433	11.096447
447.975	44.14	0.182796	3.549390
293.032	44.9509	0.141319	30.756756
500.073	44.8735	0.197393	3.158055
472.805	40.3055	0.153277	3.577273
229.759	44.0683	0.161695	18.724298
728.004	57.4407	0.233795	2.128123
454.461	41.1901	0.131138	12.198225
540.231	38.0685	0.1535	2.700263
401.846	45.6364	0.151433	10.189744
548.976	43.7143	0.227291	2.023339
204.188	49.4902	0.243752	37.760639
636.924	45.0301	0.163838	2.633846
298.743	44.13	0.141976	31.577778
913.937	60.1027	0.126098	4.454545
633.045	41.1106	0.133354	2.643914
427.816	57.4078	0.127119	1972.333374
381.404	36.5746	0.217708	2.312037
423.516	45.0037	0.235293	2.376337
260.59	38.3618	0.147121	13.350140
174.061	41.2894	0.209952	14.404130
837.888	55.049	0.147775	2.987013
438.545	55.9887	0.221118	3.326413
656.559	48.3406	0.199857	2.095347
548.169	51.4082	0.137801	6.680904
250.373	42.6083	0.215075	60.954544
302.742	55.2275	0.193957	361.571442
587.059	39.4362	0.149166	3.065217
335.75	43.4904	0.188023	6.858490
591.775	37.7776	0.144739	2.614801
540.043	55.2571	0.142891	7.340176
167.2	41.4105	0.12936	11.374502
559.418	40.4333	0.197547	1.970176
186.707	44.1977	0.152908	13.078838
680.897	51.9133	0.204769	2.144951
774.597	51.9785	0.163498	2.723404
278.323	54.8334	0.144427	148.148148
454.248	60.6461	0.127461	0.000000
294.921	44.931	0.178419	107.090912
388.341	47.3106	0.147416	25.682796
765.797	59.0071	0.174843	3.074935
299.882	42.9907	0.17184	49.276924
605.751	39.3215	0.150968	2.600575
618.147	39.7911	0.219287	1.745378
304.266	57.8582	0.199512	0.000000
510.71	40.2429	0.246041	1.901483
612.145	42.9343	0.221864	2.030958
266.051	52.4977	0.239202	121.333336
551.511	42.6661	0.128609	4.667253
198.15	37.0895	0.232057	16.472767
374.981	36.8436	0.146264	7.278459
619.996	49.1771	0.185112	2.509107
553.905	38.0247	0.23211	1.711350
744.678	56.0594	0.171382	2.902036
295.464	46.756	0.132879	24.919462
218.763	42.3041	0.163404	14.812286
593.953	41.3065	0.180491	2.226950
264.779	49.0774	0.178491	73.280487
544.04	58.8114	0.166403	4.335593
484.164	52.0086	0.187234	4.177353
445.225	36.5992	0.135409	4.271808
554.321	53.6606	0.135174	8.697820
163.451	39.1316	0.169875	8.762470
288.007	40.9754	0.139156	26.777779
602.638	46.2559	0.161505	3.298670
519.741	59.38	0.133097	30.884298
885.298	56.6561	0.147435	2.942815
645.13	51.3928	0.159837	2.667870
209.734	41.224	0.20592	27.253275
590.798	43.8418	0.176253	2.417657
453.828	60.5085	0.195566	6.769231
643.824	41.3374	0.183246	2.164244
493.435	38.2765	0.187169	2.373825
195.131	38.7693	0.159213	12.540541
167.996	37.4358	0.206474	6.434426
517.961	41.2208	0.145741	3.591584
311.874	36.5218	0.143829	22.741379
584.796	39.3407	0.163635	2.285714
263.323	37.2866	0.243954	4.154213
451.034	45.6313	0.203549	2.823680
835.855	59.3854	0.160274	4.340388
486.816	43.6348	0.229637	2.369016
415.926	38.0033	0.202368	2.362861
562.028	37.1976	0.17348	2.096796
573.589	58.3722	0.134617	6.929155
643.101	49.2393	0.135716	5.015066
276.706	39.8444	0.130488	11.131250
823.966	59.0047	0.175305	3.281205
344.242	59.25	0.140028	0.000000
468.283	50.1428	0.204316	3.805848
299.806	42.6257	0.136177	27.555555
224.289	47.4372	0.225857	50.928570
428.992	55.1445	0.135851	1357.800049
356.898	52.2262	0.196035	13.814024
173.013	37.4451	0.194112	8.936782
440.235	43.1295	0.151404	5.295312
682.419	46.0093	0.162768	2.980456
636.887	55.6426	0.207451	2.629705
313.281	41.6371	0.148915	28.763737
220.353	54.6411	0.134776	23.942308
641.41	45.9261	0.133998	3.247934
246.763	53.9574	0.209725	80.060974
620.455	49.0324	0.226137	2.107410
492.738	53.1652	0.202105	3.487404
566.351	39.3092	0.151766	2.969819
473.856	39.8153	0.134237	5.022364
687.274	43.4532	0.234164	1.683040
601.117	42.1517	0.13389	4.431529
682.248	53.0371	0.172532	4.322325
529.275	48.9816	0.219747	3.047028
343.555	52.5022	0.177019	2506.333252
459.569	53.0346	0.125722	688.799988
341.923	40.597	0.128243	28.641975
606.425	55.0209	0.155912	4.160772
319.913	37.6254	0.143958	20.673470
177.403	41.1208	0.1315	6.699029
673.871	54.0328	0.134036	4.322457
354.1	56.8124	0.19403	27.928205
602.306	48.9988	0.199434	2.345532
234.5	37.7682	0.132827	10.086351
184.948	41.8052	0.155691	8.068293
634.534	39.9053	0.135614	2.764840
487.669	58.0937	0.13928	14.106061
613.921	56.9195	0.159095	4.149153
499.207	36.6692	0.169033	3.001776
284.603	39.5902	0.168085	25.696203
249.031	39.1882	0.207924	27.713755
446.086	50.6648	0.13595	39.716980
752.535	48.0067	0.157874	3.165000
592.664	44.013	0.213399	2.438235
239.362	42.8078	0.132259	10.885813
301.973	36.7722	0.164429	13.857142
241.237	45.9187	0.141862	17.334976
280.889	38.3667	0.243677	3.898685
542.953	39.1226	0.218083	2.101532
550.158	59.442	0.156221	7.532110
436.93	52.5504	0.138872	57.876545
598.739	38.8197	0.147951	2.350817
563.198	37.94	0.157102	2.308466
687.07	57.3961	0.144472	4.890625
182.585	43.7191	0.246933	21.094076
276.797	40.8408	0.125994	12.890978
614.196	60.38	0.223848	3.146714
310.834	41.7247	0.166411	32.957447
428.156	37.7384	0.134122	7.566600
674.111	43.0401	0.137567	3.088942
554.383	44.5792	0.14322	3.441489
796.945	56.0364	0.171944	2.780401
473.147	44.6094	0.176055	3.339226
625.61	44.4533	0.231693	1.855670
498.796	40.3947	0.132592	5.103093
473.239	49.2884	0.243301	3.029094
546.406	43.1727	0.169472	2.465398
625.143	46.4142	0.162241	2.698616
529.606	56.4174	0.172916	4.733884
896.623	59.8262	0.169174	2.969188
313.221	41.9601	0.19157	9.554105
561.716	49.2122	0.140653	4.021559
313.878	43.5033	0.212369	5.788360
195.657	38.6845	0.143189	9.148248
219.066	39.4858	0.168892	12.614731
206.201	43.0939	0.203039	19.217688
319.3	49.7024	0.192387	21.650000
624.719	50.7472	0.154599	3.472834
276.821	40.0449	0.143538	18.577076
335.915	52.5349	0.140151	119.476189
227.338	46.6522	0.229865	53.317242
602.271	39.8598	0.132294	3.056541
681.131	51.0182	0.132723	5.031780
570.199	57.8227	0.236087	2.755121
357.621	43.528	0.240859	2.824574
607.804	39.467	0.187827	1.953046
594.588	43.4565	0.203916	2.135323
306.586	58.6082	0.166805	141.000000
584.896	55.5755	0.187105	3.577778
479.195	37.5893	0.203396	2.413840
387.094	51.8716	0.166639	14.109589
488.45	42.4008	0.147143	3.978814
352.32	50.844	0.15047	1859.250000
320.799	37.8479	0.228182	2.898374
363.068	39.5504	0.128879	24.639999
472.916	36.5561	0.190239	2.305665
500.284	41.3029	0.206348	2.265250
262.959	41.4682	0.194065	31.398190
318.751	50.0413	0.152475	144.648651
518.318	52.3249	0.179985	4.682089
492.397	38.9671	0.169442	2.825042
323.684	57.9716	0.195168	291.307678
387.117	41.127	0.207642	2.854361
541.661	58.1331	0.187237	3.945865
558.745	37.796	0.157942	2.519231
231.657	40.9809	0.185704	18.166666
228.5	38.6467	0.24246	11.964942
571.499	37.22	0.177055	1.912153
476.253	39.1825	0.241351	2.123377
190.719	43.5853	0.132636	14.700440
485.734	55.1306	0.160468	6.112360
227.205	36.8638	0.203167	12.418651
343.308	37.4217	0.21423	3.795181
232.814	41.2114	0.151852	15.616858
315.924	36.7857	0.17939	6.776471
737.358	50.0757	0.190429	2.645315
421.627	36.5529	0.128935	9.329467
459.498	46.4482	0.164263	4.295977
494.267	46.8534	0.152337	6.096990
424.073	51.5645	0.177193	4.680953
687.736	50.1103	0.203973	2.098954
617.655	41.8469	0.231546	1.800000
326.094	39.3174	0.138968	31.204819
248.784	41.483	0.154607	11.652174
382.855	42.3323	0.192545	3.704136
653.748	53.0999	0.146415	5.167689
545.67	48.8544	0.152799	4.171924
268.213	44.7715	0.175394	41.930069
801.392	56.1983	0.139657	3.194782
337.484	38.2399	0.163396	10.557613
172.845	36.5055	0.217511	7.107629
645.791	45.7999	0.145895	3.040302
530.93	55.9167	0.147801	8.461060
391.939	53.399	0.139305	355.444458
804.176	60.6754	0.176847	3.299223
570.119	40.2449	0.180579	2.223496
367.291	54.1477	0.139249	588.454529
409.558	37.2877	0.154026	4.269596
690.403	51.7564	0.217652	2.526046
283.108	45.5325	0.163988	39.321167
268.741	51.113	0.127886	47.314285
435.14	41.3718	0.146292	7.871635
481.031	37.5613	0.156489	3.318372
444.611	45.216	0.189273	4.010045
433.031	44.8418	0.221071	2.794466
416.848	39.6811	0.197296	2.558491
605.78	54.415	0.203232	2.817391
425.219	57.4451	0.216555	5.891847
540.238	55.1635	0.18285	3.187215
352.127	39.2335	0.131667	45.503819
349.709	54.5064	0.152404	818.250000
356.272	39.1572	0.126738	33.580647
269.047	41.3192	0.185969	39.331520
238.756	49.9344	0.180652	30.878981
558.548	38.9638	0.177659	2.188638
211.586	44.9119	0.21267	29.893940
471.042	45.6856	0.183063	3.457889
492.952	42.4999	0.187971	2.476874
849.596	58.4913	0.125659	4.844492
528.044	45.9603	0.131855	6.130000
715.037	49.5725	0.229624	1.860776
608.134	45.8169	0.130158	3.971429
188.824	41.4098	0.131349	6.897756
416.224	55.7661	0.198367	7.312883
310.748	47.7746	0.130952	70.777779
603.655	47.2596	0.2001	2.254264
552.234	38.0127	0.144413	2.840777
640.486	53.2363	0.218995	2.311994
520.409	42.5778	0.237762	2.230910
366.48	45.8671	0.185872	6.994819
243.415	43.9929	0.150183	12.620689
503.924	59.5978	0.170162	6.257322
225.071	52.1966	0.218867	48.805084
583.035	40.9174	0.146665	2.756438
170.982	42.6163	0.133387	8.198675
458.773	38.9013	0.134447	5.525790
368.18	50.0859	0.176824	19.948357
470.942	52.1186	0.181922	4.721885
880.102	58.4797	0.173223	2.840252
231.516	43.3295	0.137905	9.423424
506.348	41.4929	0.226536	2.048751
327.598	48.5937	0.140174	57.654762
225.71	43.3814	0.126042	12.880851
323.91	44.5616	0.155477	119.114754
546.741	41.077	0.128956	3.826630
706.567	48.5262	0.154324	3.207453
609.937	49.7228	0.222161	2.079436
276.014	42.9504	0.146225	24.431694
463.324	50.6795	0.148325	9.564102
690.846	48.8974	0.171201	2.626459
630.907	51.7703	0.224744	2.426602
357.338	48.5973	0.126054	67.000000
763.669	48.5044	0.227351	1.847840
477.987	50.1817	0.232945	2.580699
336.032	47.7136	0.234608	3.962687
398.541	55.7057	0.170219	13.690000
229.701	54.352	0.201229	248.916672
210.408	40.3944	0.242765	27.221428
681.579	55.7623	0.240092	1.990085
800.399	52.3307	0.219203	2.241653
395.332	49.9913	0.135052	3200.500000
266.337	42.6537	0.230458	11.590133
412.679	42.7719	0.227739	2.297970
538.897	39.2497	0.202918	2.169032
535.513	56.6921	0.136225	14.139303
345.859	37.0384	0.17603	4.721404
393.662	45.9394	0.125132	111.520836
320.425	53.5109	0.19996	29.239584
341.392	53.0627	0.175457	2508.500000
250.221	40.5391	0.146306	14.656250
948.936	59.4976	0.245084	1.981367
341.714	45.3845	0.193324	6.248086
170.19	37.8268	0.165255	7.005929
566.226	36.8738	0.176046	2.032537
187.411	39.8571	0.136836	10.880702
911.193	59.2525	0.206061	2.291457
335.759	43.8379	0.157349	59.642857
574.838	38.625	0.16395	2.406629
544.678	40.8908	0.159014	2.857143
417.161	48.1991	0.157657	8.817042
573.874	51.5993	0.209116	2.326199
425.578	49.0275	0.133172	193.258072
547.642	56.1973	0.183459	3.641679
457.762	41.541	0.143674	5.350962
505.733	39.6838	0.148512	3.676471
618.831	46.846	0.170471	2.403575
777.62	54.6363	0.144261	3.615137
438.593	37.7823	0.190389	2.588858
670.491	56.8573	0.133455	5.060948
226.406	41.7209	0.242265	20.040760
718.751	52.8327	0.171098	2.792559
378.075	58.8362	0.18565	17.269911
477.07	39.5797	0.249335	1.931353
732.274	47.8949	0.225998	1.799113
171.193	39.9995	0.145531	7.224586
404.44	39.8689	0.12581	29.220339
227.362	36.5807	0.20614	11.512014
534.929	59.5215	0.166958	6.791569
688.322	52.8618	0.187895	2.834586
526.183	39.1874	0.189117	2.172233
461.391	45.6813	0.139012	6.789100
554.748	56.6668	0.148741	6.715470
630.054	48.9271	0.129373	5.839243
597.413	38.6304	0.133345	3.275626
433.474	38.0369	0.133828	5.924915
184.869	40.0552	0.210429	13.518610
278.338	55.9373	0.211216	594.000000
377.305	50.9723	0.227759	3.912000
223.333	41.2704	0.129717	10.926910
797.936	56.1327	0.182105	3.414404
306.707	37.4599	0.128125	10.879656
592.9	39.7588	0.18459	2.225852
564.28	40.5393	0.192058	2.256354
578.851	43.9786	0.175046	2.312958
613.307	57.3233	0.167538	4.243289
290.899	44.4055	0.129166	33.963634
693.159	53.2373	0.211934	2.335821
520.739	38.2915	0.220863	1.854612
279.598	38.1879	0.228501	4.935860
585.283	37.3821	0.183088	2.189751
304.733	37.7453	0.142805	17.151724
233.305	43.4186	0.129209	10.934866
641.088	54.8087	0.140509	6.833333
316.827	39.5452	0.164254	20.224638
544.709	43.5053	0.134116	4.263911
627.987	45.906	0.174974	2.511712
197.161	39.4708	0.162062	7.722891
825.813	58.5962	0.144661	4.162162
208.62	37.5502	0.165191	11.314351
484.878	37.4632	0.213446	2.161866
877.35	55.0205	0.192889	2.189036
215.603	52.8504	0.143169	40.000000
526.114	37.5587	0.219729	1.822134
309.377	58.2754	0.13181	111.781250
421.893	41.5676	0.134732	13.903114
225.031	49.7229	0.126007	21.641790
616.126	47.663	0.131624	4.038156
487.852	37.2935	0.182073	2.290884
555.016	50.0631	0.22216	2.419094
255.239	40.4991	0.22	11.194030
574.964	39.7784	0.131238	3.534884
254.554	46.4866	0.232459	53.633335
169.08	37.8005	0.136538	7.364865
411.695	39.4947	0.225867	2.227758
542.278	52.9339	0.146445	6.559284
465.721	59.781	0.14237	35.598038
394.366	60.5469	0.189821	18.527523
462.243	36.5804	0.144248	4.727517
743.666	50.7399	0.249608	1.744478
608.89	42.3092	0.212346	2.079715
406.251	38.612	0.213604	2.513405
706.456	45.127	0.137952	3.138191
380.728	38.7008	0.245775	2.209539
359.249	38.73	0.126207	21.560976
199.528	36.7658	0.151714	6.249554
727.125	52.5334	0.220004	2.262643
303.251	47.6882	0.196867	20.475863
588.238	44.9922	0.136016	4.182796
294.196	49.0637	0.151859	62.849998
666.802	54.5618	0.154288	4.089376
696.051	60.2592	0.157231	4.479167
369.788	48.9954	0.139606	268.538452
373.154	40.5467	0.215644	2.893461
553.581	41.6204	0.131821	4.646465
663.302	46.4663	0.24776	1.860265
694.797	44.0201	0.149803	3.065068
235.729	38.5391	0.229327	12.984406
228.936	50.1533	0.165344	35.863636
606.729	41.7477	0.203482	2.003234
254.845	45.564	0.160397	20.708521
254.434	37.809	0.125451	13.447654
566.414	49.4405	0.177197	3.080473
672.269	58.0431	0.19308	3.547753
229.676	37.697	0.135255	7.339408
639.801	50.5186	0.136397	4.406593
251.109	42.0324	0.159527	19.669565
345.947	52.2516	0.140969	171.100006
243.872	37.9838	0.128858	8.469657
394.18	57.5345	0.18537	10.563342
260.986	47.4998	0.1638	53.418365
344.737	37.8128	0.155951	9.452381
280.797	42.7192	0.178334	43.127518
348.117	59.8501	0.139368	2407.500000
523.566	40.145	0.195964	2.150340
491.483	57.7358	0.135406	73.966103
444.756	48.5869	0.219384	3.061388
413.937	41.3154	0.144475	6.330224
178.711	36.7574	0.24321	12.752213
175.625	43.1119	0.223717	13.713542
228.939	38.0252	0.136512	10.233533
419.813	44.198	0.182596	3.754228
237.194	38.4359	0.175015	14.627346
872.581	57.7976	0.153489	4.057658
598.586	37.5333	0.178721	2.020328
378.61	52.9239	0.126505	233.238098
735.345	50.9973	0.223087	2.198800
668.248	47.4124	0.22693	2.155288
390.155	38.3657	0.178793	3.212707
876.803	55.8811	0.154646	2.795784
719.37	57.1468	0.128925	5.712329
538.138	53.2426	0.134501	11.631769
419.119	47.2343	0.232931	2.426629
335.439	38.1082	0.177547	6.797037
174.594	41.1404	0.217498	12.075892
390.446	57.5039	0.205027	5.200000
168.113	36.6055	0.184485	6.981067
237.727	59.3028	0.238236	1241.857178
698.08	51.5086	0.128051	3.729391
209.095	38.1026	0.246943	14.364161
286.958	38.2433	0.143273	14.025157
481.406	53.6731	0.208682	2.844354
375.146	37.4482	0.139877	9.714922
758.246	57.2515	0.133797	4.479920
307.65	53.1945	0.178796	157.949997
705.943	55.79	0.243145	1.975537
531.054	52.1967	0.150986	4.145000
597.236	44.7536	0.212212	2.126165
197.477	47.4753	0.207359	18.413794
209.312	39.0582	0.221547	21.893940
772.145	52.1697	0.154602	2.933333
273.012	58.857	0.204701	272.333344
365.489	54.9549	0.133839	494.727264
297.187	59.8472	0.180893	1318.000000
441.365	50.6982	0.153333	9.965333
424.691	41.7201	0.129782	22.509901
428.018	46.0978	0.211437	2.847234
202.989	48.1399	0.128925	16.140244
285.342	55.5655	0.13092	48.799999
491.474	44.2203	0.158228	3.676471
622.339	58.9602	0.22142	2.714561
342.171	42.7829	0.23437	3.310642
379.4	36.7336	0.1291	23.847927
601.066	42.7645	0.146961	3.124418
598.216	51.4189	0.160332	3.364286
578.927	47.0901	0.241862	1.799194
754.494	48.7908	0.138241	3.504532
296.456	40.339	0.19383	12.682243
211.531	38.6587	0.175552	10.525613
773.964	54.6455	0.215975	2.233083
297.567	43.8093	0.191408	16.159218
496.724	39.9934	0.159413	3.470452
723.557	57.9472	0.208872	2.271311
360.878	43.0806	0.249747	2.587821
196.029	40.6523	0.209656	11.832952
380.522	44.6934	0.227336	2.963048
843.675	55.0943	0.188991	2.983834
247.278	45.5569	0.202319	40.753086
626.233	43.4873	0.161794	2.708081
230.914	37.3793	0.183555	14.625000
459.436	47.7309	0.201951	3.025328
151.886	36.6674	0.185048	9.720183
474.899	50.1034	0.130341	14.342520
439.088	44.0264	0.130168	17.144737
491.552	48.2656	0.243235	2.089844
580.955	51.3727	0.223836	2.314741
405.615	56.0334	0.231371	3.431456
478.667	58.2753	0.133446	210.199997
697.305	54.9029	0.248151	1.937107
683.04	54.3887	0.190231	2.579268
231.584	53.6957	0.166533	40.184784
810.502	51.1431	0.128169	3.769759
249.11	38.864	0.198028	17.223404
678.288	42.6943	0.126232	3.538997
434.218	41.9593	0.154514	4.249042
688.151	52.5205	0.148053	3.961794
473.824	39.5557	0.222003	2.072696
618.532	39.358	0.206258	1.768722
320.638	46.3689	0.130243	52.475609
594.549	45.9237	0.150626	3.493082
460.874	55.5491	0.244387	3.097143
279.74	38.3567	0.190884	13.958333
466.569	50.8808	0.209532	2.928295
769.269	50.382	0.142358	2.684597
511.855	57.5903	0.160565	5.127135
591.012	44.5254	0.246959	1.874868
599.218	43.4349	0.227952	2.142315
887.582	59.2654	0.153198	3.814634
186.001	40.1621	0.130582	7.673130
206.291	38.9733	0.242561	15.447034
472.968	46.3458	0.163004	3.603651
255.673	40.3281	0.157975	14.339683
184.792	36.9332	0.126024	8.007595
770.522	55.5573	0.205178	2.289083
271.093	47.6013	0.150727	40.981983
351.876	59.137	0.142167	1293.500000
436.068	37.6673	0.168661	2.857751
371.156	38.4039	0.125001	30.407187
450.203	37.6366	0.145309	4.294872
548.701	55.1175	0.209779	2.897275
486.277	48.8177	0.177195	3.734414
375.61	55.4505	0.207792	5.270479
276.972	51.0176	0.235128	19.977346
314.266	50.4457	0.127627	186.666672
675.467	48.8562	0.201218	2.192821
559.359	50.3398	0.183372	3.458284
194.448	46.398	0.138205	10.416988
349.933	48.1842	0.136519	86.822578
277.925	40.9955	0.168803	30.288660
453.151	56.3309	0.155498	10.341853
515.776	42.8639	0.161665	3.213723
674.268	44.9105	0.155616	2.539070
219.53	37.2984	0.180007	10.757637
332.353	41.6923	0.12769	31.459459
173.626	42.9566	0.17258	7.410526
398.764	54.391	0.221657	4.603985
664.733	44.8203	0.199005	2.003432
293.143	50.7503	0.215179	44.283951
420.537	45.9575	0.157763	9.891139
466.714	41.6516	0.193158	2.528041
392.595	38.7681	0.208606	2.513043
593.501	41.0942	0.207456	2.066501
227.393	47.2859	0.199701	25.056074
503.465	48.9391	0.14169	7.274419
259.655	52.1607	0.14761	35.636364
678.923	44.9023	0.20427	2.042495
776.111	58.7378	0.158718	3.373272
636.747	46.0679	0.176635	2.454044
458.814	48.1714	0.199178	3.412580
931.254	59.9016	0.134683	3.876660
471.497	49.236	0.158806	6.737060
708.659	59.6981	0.230569	2.312775
522.694	38.9509	0.175034	2.604743
455.589	49.4126	0.141339	11.212625
466.789	51.7205	0.13283	21.459459
929.184	59.6186	0.191349	2.503425
590.195	40.6205	0.201817	2.110825
262.784	48.9516	0.143511	22.369942
793.861	56.2365	0.148259	3.511667
429.399	50.3631	0.245482	2.641838
311.565	43.1938	0.178599	37.695652
277.16	50.977	0.152007	81.765625
460.886	46.3544	0.180734	3.978372
508.78	37.01	0.147136	3.242545
609.681	40.9415	0.231875	1.747241
490.298	49.0798	0.144449	6.412417
354.394	56.3182	0.224925	5.750814
569.852	54.5675	0.161115	5.155393
362.495	38.4455	0.167551	6.537178
741.428	50.5512	0.202472	2.186561
166.777	37.6545	0.125201	8.758410
280.226	45.5666	0.17774	78.573036
643.729	59.9707	0.126779	7.737374
296.268	39.8972	0.169117	19.643356
657.055	44.5206	0.175345	2.357517
263.317	37.6356	0.154594	15.220238
745.764	47.9057	0.161888	2.368885
469.287	58.242	0.239148	3.427115
256.463	39.9495	0.154756	17.223444
292.215	56.8712	0.167596	131.634140
441.216	41.898	0.142887	6.938818
480.163	52.8196	0.180562	3.715659
506.098	41.196	0.172932	3.173956
494.248	44.7706	0.134092	5.631970
249.955	55.7874	0.150498	22.965279
873.221	58.9243	0.134064	4.733645
303.949	39.0513	0.243723	3.346804
272.346	38.4907	0.148252	14.682119
408.234	59.1903	0.18072	11.094156
394.453	43.0504	0.192257	4.409458
532.077	47.2527	0.169607	3.554479
450.342	44.3534	0.191635	3.031540
318.303	55.9286	0.144518	107.869568
410.12	37.7924	0.13978	7.536145
376.971	46.7197	0.160134	13.643791
388.964	38.7225	0.214403	2.704254
463.423	49.0707	0.155902	6.477612
427.872	39.7878	0.125079	22.878923
244.436	47.5079	0.198619	73.755554
248.321	38.2078	0.222612	12.721281
301.163	50.2717	0.176182	97.138458
713.2	53.3055	0.193144	2.275465
258.701	40.3067	0.185549	23.316177
478.831	38.8265	0.220968	2.041360
417.083	40.3252	0.157847	3.989024
399.829	40.3667	0.210175	2.529797
755.511	47.2905	0.147373	2.752714
362.719	56.2777	0.233786	11.023872
436.68	38.8454	0.215897	2.379885
575.209	45.7179	0.178042	2.669794
485.149	38.5472	0.207059	2.283186
606.869	56.6466	0.150342	5.216475
238.835	51.1812	0.186529	37.431820
880.656	55.1126	0.179553	2.472669
419.081	52.7763	0.244259	3.262677
570.827	48.537	0.125295	7.512887
606.512	51.4599	0.147914	3.590071
312.226	41.5127	0.168381	42.664635
691.99	59.6876	0.174329	2.946667
571.334	40.5782	0.203392	2.117055
510.065	36.7705	0.126333	4.387097
368.38	41.9308	0.248104	2.385629
793.256	52.3988	0.161032	2.319005
504.445	50.3972	0.191486	3.182482
365.159	52.6809	0.141554	261.708344
403.638	40.7005	0.125593	32.965519
747.683	47.5644	0.127525	3.831386
629.526	57.8209	0.203173	3.239207
571.323	37.1758	0.207943	1.829091
665.944	48.5113	0.128048	5.436681
504.586	52.2891	0.168703	5.147967
304.416	39.7664	0.151598	21.199186
313.616	38.3253	0.174006	19.151516
180.015	39.0407	0.149535	7.261062
304.045	59.7295	0.133044	67.763634
330.822	50.6603	0.126261	54.242859
490.071	41.0861	0.138064	4.710210
730.34	57.5119	0.21711	2.419383
286.558	43.8205	0.155712	26.468292
475.963	52.9576	0.135277	14.004219
169.883	36.7926	0.1396	8.210402
354.861	55.6382	0.1275	1229.000000
326.125	37.7131	0.13909	21.868645
604.1	53.9554	0.238063	2.354481
217.072	45.1932	0.146332	15.966020
741.662	60.2781	0.205389	2.703108
697.988	58.3407	0.152821	4.728302
491.566	46.6913	0.13459	9.798780
258.146	59.3203	0.238576	3079.000000
292.307	38.8225	0.220878	4.254816
645.053	46.5003	0.158354	2.609921
607.929	38.8205	0.189635	2.131258
417.158	44.0961	0.237642	2.809524
432.79	38.3026	0.149704	5.149560
500.962	47.608	0.167662	3.283995
337.635	53.9774	0.140635	122.842102
233.578	36.7794	0.153542	10.950495
445.834	42.9744	0.143137	7.234694
579.096	44.3268	0.179239	2.665158
532.177	49.4748	0.193547	2.702703
340.925	39.283	0.135332	25.346535
769.951	52.7307	0.229977	2.208889
411.564	48.9771	0.173662	5.476510
400.086	38.2935	0.129923	13.262196
359.615	38.3582	0.151133	23.467480
348.282	53.4299	0.208886	6.967153
856.033	60.6492	0.212733	2.978632
298.702	40.0097	0.180281	27.987553
435.773	46.9026	0.176128	5.306003
386.023	52.5296	0.228225	4.053452
758.887	51.4528	0.147752	2.613931
336.581	40.78	0.134165	31.496733
702.778	50.7127	0.186571	2.343604
288.731	43.9279	0.226266	6.018324
202.252	43.9404	0.134887	8.592592
657.219	48.5417	0.207173	2.055273
440.529	43.1607	0.224231	2.312717
276.235	51.9515	0.133363	24.832117
431.392	36.8183	0.247766	1.820784
517.977	36.8831	0.185299	2.188860
267.309	46.2774	0.14365	17.315535
161.791	39.4089	0.156043	6.761317
499.26	56.8518	0.199354	3.809659
593.538	60.4009	0.226991	2.614173
492.827	38.3586	0.128016	4.836923
662.913	52.057	0.131576	4.662474
220.804	39.3384	0.181005	12.678757
473.396	37.0545	0.218252	1.865922
456.569	42.3238	0.201617	2.964676
549.788	36.5762	0.242146	1.738582
610.707	42.8495	0.128053	4.251656
484.422	38.4685	0.152262	3.134462
252.797	41.0404	0.133329	16.340910
273.615	51.8943	0.145238	41.271843
226.92	55.4864	0.209711	54.948452
246.104	41.4055	0.201567	21.491858
247.453	44.0725	0.197314	50.174824
468.052	43.2967	0.149706	7.074488
459.171	38.4632	0.164823	3.034451
559.047	57.0239	0.224578	3.045551
574.886	47.4397	0.216257	2.730146
247.538	43.7416	0.141942	17.169725
694.362	56.4871	0.224487	2.203704
203.064	39.8311	0.131187	8.727273
761.33	49.8827	0.150808	2.415939
596.412	38.4715	0.128275	3.258385
337.65	41.6808	0.15673	39.565788
490.041	53.9427	0.160733	5.208259
464.73	55.5665	0.126942	0.000000
923.295	60.4104	0.189478	2.367679
790.969	55.5701	0.162922	2.887701
337.197	49.1883	0.15514	111.924530
175.823	40.3305	0.15454	8.991848
