1.080371	76.984375
0.734992	5.035170
0.608735	6.007022
0.607929	7.431438
1.149693	0.000000
0.907231	85.385544
0.795429	3.046215
0.650969	18.848352
1.029230	35.870129
1.467159	0.000000
0.939023	64.060242
1.441864	0.000000
0.746378	14.250980
0.601456	2.629104
1.022175	96.196968
1.281633	0.000000
0.978542	1029.111084
0.555134	36.185184
0.761069	10.900000
0.851151	8.938775
0.701625	3.583942
0.806912	8.698758
1.021042	48.609524
0.686732	4.410480
0.689289	6.040061
0.603321	39.475525
1.027044	0.000000
0.642873	10.985959
0.597091	4.036983
0.654174	6.505468
0.813350	44.746986
1.185949	0.000000
0.775558	8.970491
0.754229	9.887283
0.907500	18.990477
1.121789	0.000000
1.046388	0.000000
0.691336	4.004348
0.771667	47.680328
0.562466	44.181160
1.366190	0.000000
0.581043	8.603936
1.113364	0.000000
0.647301	21.823334
0.781546	7.513854
0.748078	27.215385
0.720181	13.886792
0.978398	19.060606
0.953575	60.796295
0.757254	5.858333
0.691015	4.585018
1.124286	873.900024
1.178105	0.000000
0.767432	3.247698
0.794423	35.057552
1.125411	0.000000
0.492747	8.265006
0.721388	4.480663
0.715600	5.361174
0.819923	16.058996
0.655895	46.063999
0.570473	6.391813
1.183156	0.000000
0.635020	14.126531
1.399058	0.000000
0.657634	12.560000
0.545257	4.721519
0.801807	4.577810
0.493071	15.083499
0.839731	24.164772
1.124226	759.923096
0.621625	5.459524
0.718586	8.145336
0.576439	2.573420
0.983041	31.304813
1.040386	654.529419
0.762564	5.252200
0.651108	6.620542
0.654933	36.214287
0.770314	25.037233
0.697576	2.805369
0.968114	55.698112
0.695006	5.289612
0.684047	20.837500
0.930269	0.000000
0.630099	8.130435
0.683450	3.740870
0.881891	18.039682
0.813814	14.541077
0.977630	294.964294
0.883247	7.065934
0.591360	63.988766
0.750860	16.607557
0.560568	16.760965
0.748647	6.938484
0.794639	4.496320
0.611796	33.875000
0.672615	6.311647
0.678278	4.132576
0.734556	24.964912
0.772880	6.164525
0.621592	15.719197
1.163063	0.000000
0.577179	12.260870
0.609557	4.788955
0.822360	3.856865
0.593135	3.148741
0.939586	696.066650
0.760486	8.308026
0.730029	8.065617
0.638779	7.876897
0.638471	11.255639
0.851075	1156.199951
0.804176	10.291417
0.690929	3.043386
0.972248	522.066650
0.730334	9.283549
1.325587	0.000000
1.022967	1294.888916
0.680796	5.944445
0.666271	4.477019
0.927697	1970.500000
0.971726	0.000000
0.551796	10.810966
0.760081	5.042253
0.515640	17.308584
1.113620	518.181824
1.425352	0.000000
1.128945	0.000000
0.747771	18.201134
0.680663	9.034883
0.748817	6.234501
1.046443	0.000000
0.881723	351.388885
1.031146	702.000000
1.032375	45.056602
0.870276	10.501010
1.027307	2416.000000
0.801110	6.757895
0.826756	328.789459
0.629321	5.139194
0.848997	5.474654
0.879966	71.865852
0.763223	4.564571
0.646574	9.474510
0.548054	17.124434
0.717915	3.653913
0.875582	7.574338
1.631907	0.000000
0.735213	13.949853
0.656798	3.017109
1.101323	2623.250000
0.815657	10.377709
0.764757	6.170833
0.906665	0.000000
0.727699	4.303750
0.827230	11.221893
0.902549	377.500000
1.204681	409.777771
0.671321	5.746988
0.546062	6.989950
1.065737	0.000000
0.722125	15.197183
0.538760	8.647849
0.590013	4.569191
1.183172	384.263153
0.660627	4.938166
0.784250	171.222229
0.642702	5.960334
0.554311	15.498032
1.032252	0.000000
0.742428	4.864865
0.948152	27.305418
1.102958	39.962688
1.342466	0.000000
0.808867	10.349206
0.736838	3.888750
0.532253	11.018919
0.902407	647.099976
0.936319	4067.500000
0.550528	4.419855
0.704192	5.389899
1.078368	2718.666748
0.669103	3.372365
0.422227	16.482609
0.609896	3.009772
0.715001	3.643965
0.761088	6.887879
0.684975	5.725000
0.585379	63.734695
0.777270	3.399225
0.818859	11.465296
0.773395	4.641534
1.495462	0.000000
0.846945	9.008948
0.679330	23.611940
0.548055	6.588349
0.834457	4.587654
0.966530	0.000000
1.005034	23.287500
0.628490	36.650002
0.843184	7.339759
0.677309	25.711956
0.783098	4.624496
0.640242	30.173077
1.240112	0.000000
1.006396	76.114288
0.854969	5.249460
0.563835	5.962049
0.660084	15.090667
1.184828	0.000000
0.624037	5.114871
0.840841	36.865593
1.339870	0.000000
0.562429	21.729958
0.625796	71.932434
0.702641	42.269840
0.722014	26.260607
0.604586	26.813278
1.090931	0.000000
0.688161	3.561160
0.546499	11.207880
0.652702	2.934853
0.912591	33.339394
0.984725	445.941162
0.568054	7.061412
0.940392	3327.333252
0.645241	11.372169
0.713279	25.401674
0.516441	13.329718
0.795731	14.614349
0.605912	24.825758
0.578987	3.054456
0.599638	7.086185
0.648879	5.063291
0.709273	3.384968
0.739693	6.826816
0.607686	38.078213
0.843904	20.943182
0.774445	13.985949
1.014255	24.796875
0.734933	18.605406
0.877608	110.672729
0.623659	3.495671
1.117549	0.000000
0.877645	20.619719
0.625198	81.807228
0.598661	2.942797
1.248672	0.000000
0.636502	5.331301
1.006479	364.727264
0.736667	16.200001
0.673510	3.032609
0.827406	6.386968
0.915425	5431.000000
0.765955	8.980344
0.674812	6.436620
0.832574	4.681440
0.924919	20.562500
0.611829	50.401573
0.583758	4.673913
1.442936	0.000000
0.643666	6.341076
0.582852	10.606648
1.210719	0.000000
0.521880	16.880110
0.608441	25.871368
0.579199	53.277779
0.658443	2.891513
1.303520	0.000000
0.760050	4.619777
0.540421	5.192307
0.717290	9.180515
0.959906	0.000000
0.654158	2.970311
0.781753	6.370450
0.762584	8.824676
0.825345	23.209822
0.796048	9.450000
0.812833	10.016304
0.666968	3.608096
0.670404	7.645105
0.681496	5.556962
0.873625	1081.222168
0.691952	7.129521
0.800052	5.586555
0.782989	7.704167
0.564547	8.857719
0.822574	14.249323
0.718334	4.859396
1.006599	0.000000
0.779056	11.683517
0.701759	10.981482
0.797644	21.392000
0.781612	4.376682
1.013943	108.673470
0.564875	10.820113
0.729354	17.685314
0.672735	12.842610
1.440310	0.000000
0.806229	44.336842
0.795851	703.833313
0.641110	13.894180
0.960308	200.653839
0.527174	6.055721
0.850307	102.892860
0.541322	27.442060
0.640374	3.956656
0.837657	14.857759
0.499417	46.512196
0.586027	16.278847
0.660910	4.040785
1.109792	0.000000
0.821233	11.401985
0.810015	20.199347
0.597713	9.692494
0.732292	3.600626
0.761575	6.472779
0.581261	8.228389
0.692776	86.237289
0.785148	3.560472
1.351432	0.000000
0.588502	21.812286
0.781659	5.076700
0.645756	3.607246
0.858068	4.851942
0.654554	3.969311
1.298458	0.000000
1.168703	0.000000
0.596634	6.772329
1.149271	0.000000
0.887313	0.000000
0.603184	7.148214
0.655514	3.271574
1.088282	0.000000
1.038375	0.000000
1.232133	0.000000
1.241551	263.103455
0.760133	3.883080
1.202311	202.054047
0.592499	12.451612
0.603523	46.257576
0.638641	8.762557
0.671006	3.832930
1.248036	0.000000
0.983238	74.120880
0.924502	47.838711
0.978828	53.785236
0.713871	5.368996
0.877688	39.044117
0.532641	8.470701
0.897843	13.012854
0.678304	4.854360
0.609602	9.339378
0.859941	8.941019
0.630348	25.197369
1.257083	0.000000
0.839694	6.055901
0.538630	8.440988
0.723914	9.427299
0.833956	13.942623
1.315787	0.000000
0.871336	11.156805
0.984459	23.673267
0.759035	10.516717
0.629244	19.799999
1.199160	0.000000
0.943660	64.601852
0.599381	15.626865
0.960262	17.379629
0.661887	2.704225
0.857780	46.880436
0.730997	14.177489
0.539823	6.642056
0.567212	27.083044
0.605620	11.649426
0.557771	7.016798
1.221140	0.000000
0.885563	10.554054
0.786562	3.689097
0.627048	15.790361
0.889338	37.240261
0.768289	4.500000
0.798720	7.978355
0.903139	0.000000
0.747475	7.650887
1.047650	19.536884
0.952775	173.500000
0.676976	13.817410
0.708373	7.231843
0.460946	7.526980
0.882666	13.874269
0.975899	91.493668
1.063284	0.000000
0.683709	2.890659
1.260430	203.258072
0.821278	66.098763
0.687005	25.691700
0.900439	82.811768
0.994427	0.000000
0.703302	8.674576
0.798385	4.025448
0.961975	0.000000
0.595014	64.308411
0.650375	33.563911
0.726476	21.570065
0.773581	11.608955
0.773872	5.165289
0.603324	2.676911
0.959774	537.466675
0.631059	2.902340
0.807005	114.610168
0.490285	6.216418
0.690155	3.736641
0.776302	6.043651
0.825136	4.746012
0.677984	26.620689
1.575438	0.000000
0.630632	26.544521
1.230023	0.000000
0.858786	21.865980
0.661765	4.103333
1.026404	21.814035
0.634073	5.589862
0.868127	15.350769
0.790493	312.458344
0.737523	4.628447
0.748985	13.661819
0.728145	3.594454
0.620696	2.605611
0.547347	5.951509
0.951228	88.538460
1.250513	0.000000
0.567015	9.548995
0.915724	15.128805
0.847860	0.000000
1.122732	0.000000
0.684731	5.960606
0.593440	26.894230
1.233790	0.000000
0.634764	27.184834
0.833464	35.033615
0.710735	8.540064
1.258872	0.000000
0.470761	8.656201
0.670263	3.548485
0.634130	2.808812
0.769344	6.938900
0.791645	14.440476
1.230680	0.000000
0.680191	3.104853
1.364734	0.000000
0.905128	605.599976
0.663733	5.769231
0.745430	3.652121
0.595360	19.589596
0.714565	4.772812
0.712908	3.589901
0.576113	17.224691
0.792390	5.383099
0.683997	3.857143
0.637543	10.142858
1.077319	0.000000
0.665243	18.378590
0.990762	0.000000
1.218215	0.000000
1.093710	0.000000
0.570503	2.819082
1.071858	0.000000
0.712751	18.630854
1.007374	0.000000
0.843561	109.236366
0.703078	22.557940
0.949727	0.000000
0.773128	4.465494
0.561782	5.891620
0.717155	7.284294
0.834584	13.232198
1.122437	0.000000
0.669468	3.331400
0.618453	28.658031
0.846242	5.310828
0.693281	5.341122
0.797538	3.989111
1.390151	0.000000
0.754472	17.372450
1.056454	0.000000
0.872282	9.785558
1.459557	0.000000
1.294991	0.000000
0.739631	7.047493
1.176760	186.244904
0.795450	20.559525
0.803860	6.380531
0.661754	3.126935
0.715810	4.036304
1.002411	0.000000
0.672167	3.257635
0.635676	14.426343
0.591845	7.463158
0.689968	6.139304
0.771690	30.703884
0.654866	6.815461
0.725764	15.039170
0.815453	5.092123
0.854906	14.930070
0.644043	66.027779
0.709999	5.236705
0.713937	13.498568
1.125952	0.000000
0.724325	10.972000
0.614082	11.574616
1.259065	0.000000
0.805109	7.519187
1.089595	15.475695
0.582809	18.894197
0.999237	23.528925
0.759627	4.084938
0.651923	56.858406
1.238645	0.000000
0.775663	25.578125
0.819104	0.000000
0.941336	0.000000
0.601872	4.496136
0.643818	3.635605
0.590440	11.434920
0.984367	80.301590
1.112417	0.000000
0.816505	4.124842
0.686742	25.841328
0.514520	6.736512
0.662800	7.124444
0.583727	4.529710
0.937212	19.014620
0.760858	19.059999
0.829337	12.462312
0.802611	8.860795
0.679942	3.751880
0.781724	12.669565
0.986991	1323.750000
1.136107	0.000000
0.869103	89.199997
0.641939	3.357971
0.779344	6.914000
0.545083	26.818840
0.961882	0.000000
0.570057	3.374610
0.910002	107.836365
1.080472	0.000000
0.513620	34.918781
0.896764	109.596489
0.597826	6.890985
0.724987	4.180520
0.577681	92.900002
0.813284	13.947712
0.526714	10.139045
0.707396	14.412409
0.824704	7.433404
0.835916	7.500945
0.608845	2.825397
0.611957	6.760106
0.715105	25.013605
0.716231	4.455056
1.071978	17.164660
1.125464	0.000000
0.758507	5.089347
0.907164	453.600006
0.724921	17.918240
0.626709	3.379832
0.853562	5.163146
1.043041	145.603455
0.774345	4.112048
0.604490	8.665404
0.769331	5.741981
0.946466	20.183762
1.487876	0.000000
0.510998	8.565940
0.730654	6.067720
0.884555	119.698410
0.730123	4.936207
1.232202	0.000000
1.264744	0.000000
1.343754	0.000000
0.890033	6.284916
0.854482	17.254168
0.720921	5.390519
0.743732	8.022388
0.512624	5.672817
0.737577	6.451179
0.947717	40.314285
0.897616	0.000000
0.680145	3.571097
0.774761	23.775919
0.953377	2274.199951
1.072117	19.013575
0.641880	9.196989
0.845485	0.000000
0.664762	4.027331
0.713351	7.221636
0.712595	4.063309
0.624827	8.528000
0.881272	6.017944
0.821033	4.990765
0.844609	9.683146
0.586615	5.027508
0.855697	0.000000
0.767946	10.014199
0.820243	12.725000
0.693135	14.420886
0.887920	412.470581
0.984769	0.000000
0.583357	18.145964
0.618042	3.271111
0.656566	42.483223
0.915710	17.919355
0.619383	18.487562
1.030891	0.000000
0.459298	12.047187
0.791246	3.779011
0.602473	31.471338
1.244375	575.000000
0.693699	4.115538
1.002781	20.793991
0.679170	6.647343
0.906977	23.790123
0.654737	39.837696
0.541272	11.636005
0.702032	42.411766
0.806196	4.714286
0.690419	4.826087
0.787459	3.540998
0.630808	6.180608
0.787287	8.690789
1.205966	0.000000
0.648769	87.643837
0.691461	14.983553
0.583045	22.411940
0.746609	14.664000
0.934733	16.390390
1.376901	0.000000
0.606937	8.360910
1.338966	0.000000
0.589364	2.653292
0.972348	45.778625
0.738600	16.836363
0.600673	9.685504
0.535959	15.231915
1.178668	0.000000
0.725744	8.811138
0.537711	9.470472
0.696922	11.469501
1.158254	249.285721
0.675347	3.394928
0.848360	8.455847
0.652724	3.191630
0.651617	2.968823
0.710714	26.082970
0.958443	36.966442
0.948487	197.207550
0.909964	50.717556
0.858843	8.931623
0.770905	12.952381
0.681233	18.061855
1.030929	0.000000
0.870977	6.293716
0.800856	0.000000
1.155532	25.354166
0.750464	5.183784
0.641544	4.523339
0.627050	3.396420
0.837791	11.286184
1.374828	0.000000
0.687013	26.052845
0.629192	90.571426
1.020024	0.000000
0.660063	3.801634
0.661986	3.768813
0.687631	10.128309
0.630195	18.559259
0.656554	7.931880
0.989028	49.525253
0.855536	1202.666626
0.679282	6.079002
0.707032	5.802356
0.803105	4.086259
0.521414	6.544487
1.333093	0.000000
1.552938	0.000000
0.884939	0.000000
0.691334	3.877698
0.610274	9.324723
0.870829	21.420849
1.079571	0.000000
0.651494	4.131757
0.932366	113.509804
1.000452	37.379311
1.027535	31.751553
0.716274	8.450355
0.509026	8.712500
1.413929	0.000000
0.665073	5.000000
0.515573	27.352226
0.565737	146.448975
0.764084	35.065788
0.646996	4.392313
0.645659	7.865854
0.738595	4.856925
0.549063	3.094131
0.609400	3.144802
0.680569	4.228999
0.615255	8.577197
1.068288	0.000000
0.727356	18.307947
0.866990	38.769840
0.460313	6.785133
0.631985	7.551044
1.165949	0.000000
1.054524	0.000000
1.127632	0.000000
0.955013	257.391296
0.477249	18.212048
1.351123	0.000000
0.833074	9.821158
0.551811	5.697531
0.515789	9.187708
0.715493	5.962217
0.880789	1051.285767
0.775411	676.769226
0.916223	71.084511
1.103439	0.000000
1.573840	0.000000
0.604904	3.561850
1.045182	476.250000
0.855106	9.184834
1.054237	83.742424
1.412546	0.000000
0.766860	11.675000
0.617932	54.629921
0.854093	5.149341
0.588793	13.829175
0.709162	51.029198
1.027490	0.000000
0.649958	3.595687
1.128778	0.000000
0.770722	8.187920
1.207591	0.000000
0.519001	14.481642
0.634902	5.327044
0.936986	0.000000
0.570217	63.419643
0.512193	17.297052
0.604032	5.570513
0.726421	4.312581
0.685623	3.153457
0.748068	6.081272
0.944147	119.138885
0.734383	14.928572
0.851200	43.833332
1.085013	1224.000000
0.761492	6.661856
0.726615	6.062338
0.822889	54.276424
0.616562	6.772727
1.003396	0.000000
0.620185	3.183918
0.929749	53.058395
0.625119	13.295774
0.712946	7.551622
0.945750	353.933319
0.890148	19.114893
0.625634	56.942307
0.675793	6.553411
0.896525	37.317242
0.618778	5.445896
0.840406	26.243244
0.688152	4.874593
0.907639	54.019417
0.834255	4.712159
0.982511	0.000000
0.768686	13.040442
0.916217	16.544073
0.615627	6.847870
0.912420	258.750000
0.724352	4.120592
0.913268	1938.250000
1.208556	0.000000
1.007880	27.331551
0.717237	4.722045
0.894345	1030.000000
1.305508	873.125000
0.536931	8.399044
0.538871	7.888759
0.625644	5.257887
0.670654	3.516729
0.607800	23.732218
0.506699	15.096774
1.000315	0.000000
0.667768	4.640351
0.648532	27.476595
0.979907	232.042557
0.788744	5.082970
0.765655	30.565958
0.711105	5.184348
1.340181	0.000000
0.685254	12.882353
1.175279	90.046150
0.546888	107.365082
0.569984	6.837937
0.670365	4.331522
0.727753	4.295494
0.633094	6.579008
1.308148	0.000000
0.445496	17.946903
0.723592	15.798220
1.131896	28.393940
0.864004	12.092896
1.133753	0.000000
0.729792	13.631579
0.912467	21.082438
0.718067	5.333333
0.836281	6.939394
0.531812	5.084914
1.093036	0.000000
0.663588	8.260218
0.734845	7.541333
0.614351	5.492024
1.181279	0.000000
0.770783	20.080000
0.584723	37.707790
0.574221	69.278847
0.693033	21.085859
0.800728	35.705357
0.791573	73.464287
1.044765	81.360001
0.740401	4.634454
0.856440	35.773914
0.721936	11.197034
0.544334	4.313291
0.744055	122.108109
0.857219	10.671394
0.563486	11.278586
0.647340	9.081288
0.987266	30.471264
0.740791	18.719625
0.609861	17.110600
0.751655	6.755844
0.581605	18.498674
0.951799	42.843750
1.172879	0.000000
1.378374	0.000000
0.769635	3.323017
0.992551	5789.666504
0.726559	5.798535
0.823482	11.708860
0.580224	4.613971
0.688111	3.823529
0.846890	17.660715
0.912785	915.818176
0.550096	8.127049
1.065174	87.535713
0.723245	12.875817
0.560066	7.286834
0.924819	16.210382
0.608767	42.929134
0.815691	6.827652
1.325675	0.000000
1.198422	0.000000
0.669290	6.667979
0.737450	6.980145
0.732648	26.274261
0.966670	25.027906
0.807072	28.339056
0.618240	4.591733
0.590337	2.822528
0.604102	28.219513
0.978656	86.633331
0.664359	3.213908
0.859244	1325.199951
0.665098	6.537678
1.017132	22.424107
0.998871	0.000000
0.767445	21.857143
0.669774	49.608696
1.308222	0.000000
0.886454	175.270264
1.116309	0.000000
0.689308	5.064892
0.772323	20.162922
0.636705	4.024876
0.656417	11.333333
0.816858	5.928895
0.628628	5.292411
0.540025	8.173020
0.734450	5.243108
1.065157	0.000000
1.082591	0.000000
0.645455	9.164086
0.724839	21.033113
0.682262	8.116690
0.653339	18.342857
0.713692	3.773865
0.729155	5.544794
1.324746	0.000000
0.766997	11.781116
0.655258	3.515152
0.768046	50.680557
0.679309	5.453159
0.641604	53.704762
0.988899	0.000000
0.599342	3.596678
1.164723	0.000000
0.636260	6.612526
1.428187	0.000000
0.703437	4.294117
0.944767	19.339552
0.654929	9.471895
0.620229	5.806098
0.849878	91.355263
0.592295	8.094868
1.109839	56.252872
0.609255	4.786765
0.862311	25.945946
0.681407	4.292290
0.649746	10.816400
0.828132	9.037221
0.970843	50.757008
0.698331	11.424063
0.740368	5.742925
0.890696	2468.250000
0.557714	6.662138
0.633073	6.802905
0.832013	7.882000
0.556290	12.645225
0.840913	30.984497
0.762192	6.781903
0.639463	33.704697
0.982668	0.000000
0.701508	17.485014
0.600211	3.180276
0.663954	5.384921
0.864361	59.745453
0.893378	295.736847
0.941330	1172.285767
0.590620	59.112148
0.609569	81.835823
0.679704	3.106161
0.824474	25.247423
1.234531	0.000000
1.339962	0.000000
0.675307	17.253731
0.667533	17.301508
0.618886	3.915360
0.792601	5.270609
0.925520	22.539518
0.553923	4.550486
0.570340	2.579566
0.690748	26.504854
0.741382	15.645078
0.841415	65.910446
1.160468	0.000000
0.687869	3.798796
0.508332	3.598563
1.219837	774.750000
0.718293	5.569745
1.490232	0.000000
1.249764	187.621628
0.594931	20.424242
0.952703	0.000000
0.590748	10.058304
0.732559	22.820513
0.671864	4.333692
0.718981	16.571014
0.806267	8.537758
0.593881	4.805517
0.736752	26.351852
1.364402	0.000000
0.889915	394.250000
1.066189	0.000000
0.741681	19.539925
0.784371	4.205947
0.664254	35.092594
0.882844	216.531921
0.908668	187.529419
0.766613	6.203884
0.967473	125.170212
0.706580	21.873240
0.604339	5.409201
1.412318	0.000000
0.971183	43.042015
0.776676	4.817027
0.705531	13.343530
0.734161	10.922662
0.718689	9.917609
0.658206	4.235898
0.785921	7.730415
1.077508	0.000000
0.941903	28.707447
1.230094	0.000000
0.637285	16.248472
1.387274	0.000000
0.978952	258.454559
0.698243	4.128631
0.608681	6.675532
1.053068	2609.750000
0.699561	3.222222
1.353473	0.000000
0.903897	14.313168
0.788127	4.945000
0.687429	4.865155
0.573797	7.768393
0.782842	4.311198
1.343721	0.000000
1.095863	65.746666
0.760792	14.494506
0.509917	8.009957
0.615558	3.476804
1.031839	3716.000000
0.840084	228.483871
0.521654	10.321053
1.094923	21.965368
0.681263	4.629630
0.961634	478.500000
0.958832	18.748226
0.836507	6.082077
0.552060	53.533897
0.668632	3.902228
1.000253	28.071039
0.642751	28.228188
0.790074	9.387096
0.802402	10.273542
0.914844	38.786324
1.194813	0.000000
0.527181	9.879552
1.236182	0.000000
0.609683	5.160986
0.583164	4.979845
0.808142	9.247678
0.818157	3.970883
0.934339	0.000000
0.673658	7.095597
0.921626	24.122066
1.095140	271.906250
0.864628	16.723530
0.642727	12.521127
1.008484	0.000000
0.522317	7.531595
1.226586	0.000000
0.595907	5.747739
0.696807	3.155512
1.311987	0.000000
0.752510	7.255754
0.745929	9.491054
0.981558	0.000000
0.765413	9.146608
0.538483	9.745633
0.807622	7.123288
0.611455	9.964912
1.070139	0.000000
1.193823	676.750000
0.771818	11.063981
1.111759	21.701492
0.695610	4.281214
0.653995	4.979798
0.965568	14.224490
1.507171	0.000000
0.687084	3.695587
1.115145	0.000000
0.443335	10.424635
1.057704	19.618025
0.726501	9.402746
0.808209	9.858553
0.703170	15.307304
1.244373	0.000000
0.692329	3.942127
1.070872	0.000000
0.622815	4.975884
1.396484	0.000000
0.806636	7.622318
0.758381	3.667384
0.850910	21.837349
0.601693	12.498270
1.400299	0.000000
0.792027	15.204226
1.090590	0.000000
0.758621	32.029411
0.837487	14.939815
0.665391	15.755155
0.848367	7.866944
0.586192	4.430723
0.636918	3.116683
0.700466	17.068827
0.707573	27.391636
0.559952	46.410072
0.478909	6.840598
0.697563	3.548843
0.780235	4.255648
1.221462	0.000000
0.852377	461.666656
1.013190	76.007042
0.639050	8.814285
0.803197	5.277202
0.609104	10.758404
1.213459	0.000000
1.166502	1446.500000
1.033054	0.000000
1.001235	0.000000
0.742349	8.199691
0.632068	20.338709
0.853637	21.199116
0.846674	15.601990
0.583532	4.069565
1.076046	0.000000
0.943322	29.068085
0.739214	4.727811
0.564081	3.773251
0.676614	16.740259
0.995101	0.000000
1.171107	0.000000
0.760356	14.069231
0.761474	5.784616
1.186157	0.000000
0.776553	9.831551
0.634874	14.550459
0.741442	7.806841
1.011800	25.092234
0.897425	11.102210
0.846076	11.385167
0.616078	11.633263
1.143585	0.000000
0.672689	27.061539
0.677885	4.131895
0.709060	20.517786
0.619560	10.832143
0.825958	4.204082
0.486101	20.623146
0.909204	0.000000
0.843396	15.688644
0.686615	11.635171
0.829981	39.586208
0.916296	893.714294
1.516495	0.000000
0.973754	112.571426
0.634583	42.058479
0.844880	110.208336
0.605684	3.550738
0.639787	19.020761
0.916041	88.216217
1.313828	0.000000
0.983723	26.739584
0.858867	10.759346
1.231883	0.000000
1.157537	0.000000
0.663128	18.418093
0.670270	3.110048
0.904324	0.000000
0.574028	10.163708
0.685927	17.484177
0.569182	6.070254
0.712179	16.627686
0.647252	2.496624
0.504327	14.469288
0.501624	6.460402
0.896379	16.773722
0.779252	4.166894
1.016748	0.000000
0.606138	3.674638
1.072993	2625.500000
0.706830	6.002066
0.729039	5.804878
0.670665	4.654412
1.152657	0.000000
1.106070	141.340912
0.599054	19.875990
0.797711	4.827880
0.696131	7.234828
1.148342	0.000000
0.848469	5.326508
0.572309	5.106259
0.710473	3.652934
0.707197	5.245115
0.727832	13.177994
0.729435	5.718812
0.532735	7.537899
0.950247	0.000000
0.759380	13.743732
0.829377	58.057144
0.530297	12.951111
1.357210	0.000000
0.595322	61.895832
0.713796	24.472221
0.466026	5.774158
0.801798	4.148649
0.503944	15.603211
0.749391	3.337111
0.659224	9.843903
0.733066	6.050000
0.557679	6.716571
0.591906	8.529940
0.915146	115.222221
1.054904	1088.000000
0.874682	214.088242
0.576257	18.283783
0.554612	3.495902
0.766784	5.400411
0.641454	3.426273
0.692648	5.217472
1.432479	0.000000
0.648282	5.720000
0.712071	5.714004
0.820161	6.452421
0.725947	19.598803
0.677812	8.020382
0.875514	9.679426
0.695985	25.214285
1.219197	0.000000
1.205542	54.360825
0.807182	165.437500
0.686481	6.900249
0.723516	3.526699
0.773699	7.888889
1.112302	0.000000
0.781325	12.189259
1.280543	0.000000
0.617577	3.130081
0.673375	7.052117
0.545198	21.482557
1.070575	0.000000
1.151464	0.000000
0.573943	6.163424
0.872747	11.080685
0.532859	14.584939
0.727177	3.422428
0.772532	8.539394
0.570494	6.644363
0.905711	134.074081
0.575601	48.937008
0.820386	40.095654
0.607938	139.179993
0.505114	4.447136
1.206073	0.000000
0.601338	4.413768
1.144326	588.357117
0.702305	5.365909
1.024380	0.000000
0.627564	5.796771
0.615275	5.742976
1.298817	0.000000
0.710390	4.415612
0.634014	19.152000
0.759326	10.020772
0.962152	0.000000
0.972047	127.396225
1.046096	146.697678
0.847217	45.316326
0.650313	15.317568
0.985173	74.454544
0.945148	75.260872
0.635460	15.565310
0.608627	4.487603
0.667247	4.146136
0.597291	3.316495
0.815533	14.357827
0.569250	2.634783
0.708765	3.386598
0.767220	7.362473
0.712384	7.739414
0.796319	9.984416
1.190310	0.000000
0.637011	3.465826
1.077973	143.442307
0.485308	9.662321
0.575500	21.883720
0.627893	33.755657
0.725259	8.635259
0.770037	3.570895
1.127775	116.508194
1.019178	0.000000
0.667451	15.379237
0.888738	30.497738
0.779419	4.446072
1.024456	0.000000
0.650530	12.117175
0.732730	25.118645
0.610936	31.850515
0.857195	7.722742
1.210149	0.000000
0.609523	5.957099
0.672162	8.819366
0.911450	36.135418
0.557978	10.691450
1.186304	0.000000
0.779742	4.932857
0.748576	11.956113
0.495878	9.841379
0.754023	5.690736
0.945625	101.152542
0.780402	12.261261
0.655956	20.858824
0.670343	3.744770
0.556590	8.020885
1.020963	0.000000
0.858696	12.556666
0.736210	22.090580
0.765636	4.487179
0.702460	28.465687
0.694359	4.316406
0.869515	10.874739
0.557642	3.146204
1.005292	44.070797
1.315774	0.000000
0.669845	5.933333
1.087190	0.000000
0.794694	3.314913
0.813804	99.140625
0.645365	12.677043
1.229480	0.000000
0.644155	3.546584
0.863462	6.230000
0.647172	4.791667
0.778731	7.223485
0.894660	0.000000
0.889040	82.434212
0.702717	4.876938
0.607830	17.724720
1.073884	0.000000
0.810852	11.341404
0.803080	6.236190
0.864496	12.177719
0.703417	3.327316
0.581800	3.281349
0.708318	7.221228
0.533149	3.816222
0.585691	11.776237
0.709883	6.817043
1.252745	0.000000
0.883950	18.693069
0.592851	3.447992
0.979309	23.586573
0.618782	11.918495
0.986667	302.878784
0.598159	6.416986
1.273638	0.000000
0.603992	5.638144
0.782940	5.062787
1.322653	0.000000
1.075680	0.000000
0.695575	3.599395
0.529496	7.068883
0.816301	4.241758
0.678939	3.322080
1.363714	0.000000
0.550021	23.688644
1.259906	0.000000
0.787987	3.274149
0.610537	44.849056
0.987027	27.798851
0.769272	7.227907
0.780964	8.529517
0.528753	32.173077
0.951483	34.765102
1.145028	0.000000
0.622650	5.446296
0.931457	0.000000
1.077879	0.000000
1.024392	0.000000
0.708461	6.274914
0.958109	470.600006
0.748998	7.219277
0.793268	6.909980
0.820333	5.553192
0.646583	3.871277
0.608897	28.473333
1.359472	0.000000
0.659471	5.590952
1.024841	0.000000
0.655272	10.856503
0.614680	93.444443
0.503321	17.541285
0.682144	5.614801
0.589328	4.104341
0.909269	489.928558
0.521841	11.382306
0.837364	7.501075
0.896991	0.000000
0.710459	28.395256
1.071983	0.000000
0.790439	15.966184
1.088970	18.710144
1.212264	1591.428589
1.252123	0.000000
0.801593	4.908951
0.507863	8.933594
0.606004	16.017143
0.783756	3.738139
1.236340	0.000000
0.736191	14.231047
0.959525	110.655174
1.026440	0.000000
0.630138	6.536470
1.242995	0.000000
0.608699	27.033709
0.896275	16.565933
1.014889	437.312500
0.982969	0.000000
0.984278	0.000000
0.654611	33.200001
0.997423	0.000000
0.748015	19.326666
1.349121	0.000000
0.679864	4.152000
0.772776	3.595472
0.943961	51.644627
0.758247	11.074803
1.115326	0.000000
0.640801	17.594872
0.942322	23.348936
0.860373	12.707965
0.742758	7.573677
0.832448	26.799999
0.980945	30.134079
0.957488	42.650795
0.993626	49.226952
0.452749	12.644991
0.852942	0.000000
0.611769	2.802083
0.951363	32.449703
1.192405	0.000000
0.711099	4.302905
0.677111	10.583072
0.653045	18.985849
0.547191	8.669950
0.652806	14.276882
0.805496	3.845261
0.685372	8.264935
0.674407	7.573383
1.199244	0.000000
1.003585	0.000000
0.599824	13.210649
0.598088	5.205674
0.996083	0.000000
0.754518	9.218543
0.744192	8.080279
1.067159	0.000000
0.846180	11.253012
0.924290	21.535398
0.697262	4.906456
0.861914	113.285713
0.729284	3.857723
0.663599	3.064539
0.794259	4.104294
1.163278	0.000000
0.576902	2.764055
0.595905	49.884617
1.229469	0.000000
0.671728	6.450000
0.684156	4.730216
0.889586	0.000000
0.905067	57.082645
0.885878	12.559809
1.045921	340.894745
0.670245	14.031621
0.632667	52.366413
0.671945	2.792622
1.447521	0.000000
1.132515	54.176991
0.772207	7.426778
0.574446	4.889175
0.937812	25.542170
1.089905	0.000000
0.586598	15.087543
1.239121	0.000000
0.850888	18.834711
0.907917	22.412699
0.663091	3.965967
0.965220	38.693550
0.587003	9.257656
0.763563	29.085365
0.698753	3.444939
0.708978	18.595919
0.720190	146.846161
0.677560	23.919847
0.828452	6.961456
0.642473	5.973422
0.865957	20.466417
0.981987	169.870972
0.624802	12.610978
0.686258	26.683332
0.612331	149.434784
0.788990	5.835227
0.976413	0.000000
1.080634	0.000000
0.996849	0.000000
0.888964	6156.000000
0.624928	8.018587
0.678068	5.636525
0.539921	7.934555
0.662736	3.121721
0.859968	14.065637
0.691223	26.744274
0.760836	5.033183
0.715569	3.934295
1.033253	15.489511
0.941186	12.936548
0.897511	22.335714
0.638676	4.263844
0.770924	7.365506
0.797233	7.043011
0.743264	18.914677
1.174181	0.000000
0.933697	0.000000
0.631106	8.941748
0.623114	6.502164
0.663315	17.701704
0.633620	22.144796
0.811441	11.266803
0.650367	12.258581
0.838284	7.053398
0.785930	8.701422
1.088284	0.000000
0.884401	248.199997
0.762311	3.084507
0.702525	8.201351
1.117549	1145.857178
0.622537	2.819703
1.103008	399.312500
0.520369	6.793241
1.081231	0.000000
0.468336	7.449613
0.732860	6.326433
0.573758	30.731344
1.090609	1192.500000
1.511691	0.000000
0.536151	10.377953
0.959860	18.465574
0.525158	6.056645
0.542932	3.157040
1.062344	786.736816
0.669529	16.885387
0.752641	5.242085
0.723891	16.263428
0.627791	3.909924
0.782431	6.319654
0.747979	8.090322
0.663328	24.858778
0.928474	12.271930
0.936679	0.000000
0.844881	10.609907
1.183157	0.000000
0.842636	12.334873
0.708069	7.447876
0.963802	564.357117
0.695751	16.165241
0.665398	3.773740
0.691746	18.954268
1.120908	0.000000
0.958816	0.000000
1.042628	0.000000
0.820254	6.588608
0.613656	94.000000
0.660888	5.499027
0.645557	5.864011
1.075147	23.709822
0.925879	26.238493
0.628118	3.002901
0.640094	31.760975
0.815700	9.969465
0.539360	7.510204
0.942667	100.300003
0.489446	22.224081
0.682751	5.834677
0.717144	5.876000
0.888434	293.519989
0.934521	50.312500
0.840740	11.637427
0.531202	8.952703
0.824040	8.649616
0.781499	14.773399
0.927931	1165.333374
0.695435	7.026258
0.736926	4.064764
0.672498	3.535556
0.742715	17.067055
0.901583	0.000000
0.788433	7.608350
1.001077	683.099976
0.645778	3.084746
0.670564	11.073718
0.503349	21.159420
0.875259	136.104172
0.630780	3.142694
0.535909	9.511685
0.886043	0.000000
0.554545	11.743017
0.765590	4.490370
1.078942	0.000000
1.305498	0.000000
0.888201	22.190813
0.803856	6.064892
0.754281	10.925675
0.833428	285.434784
0.973776	0.000000
0.569795	17.601797
0.760185	7.531428
0.892872	40.435715
0.677562	3.714078
0.713814	7.895385
0.620795	5.571688
0.661861	4.042723
0.637291	4.320922
0.816104	16.209126
0.526732	4.085684
0.694998	31.571428
0.808253	489.615387
0.864157	40.207920
1.403320	0.000000
0.613082	7.315113
1.289026	0.000000
0.638605	3.428268
1.059693	142.054550
1.376022	0.000000
0.605205	2.926297
0.749155	3.438849
0.669614	11.935385
1.262457	0.000000
0.918474	182.966660
1.035081	4170.000000
1.173530	0.000000
0.680745	8.358974
0.626058	5.099718
1.124142	0.000000
0.732228	3.173864
0.921890	16.888889
1.297130	0.000000
0.569095	4.704385
0.981925	45.844444
0.652081	10.231911
0.471924	11.326211
0.582643	15.279302
0.712005	48.742859
1.208103	0.000000
1.127577	0.000000
1.036129	0.000000
0.721715	5.958416
1.128935	486.375000
1.484963	0.000000
0.796677	9.953745
0.774678	15.236775
1.219712	0.000000
0.712240	8.305046
0.627364	4.703104
1.035989	0.000000
0.903777	102.672417
1.090058	23.301588
0.947919	0.000000
0.657667	9.877193
0.983119	0.000000
0.744427	6.165548
0.749020	6.694761
0.685574	16.397142
1.316255	0.000000
0.799095	13.328125
0.698717	11.034091
0.665064	42.963234
0.589243	5.058296
0.899501	539.090881
0.633799	7.932668
0.666758	3.765511
0.529549	11.783784
0.901880	18.010204
0.608303	8.666315
1.155028	1176.000000
0.540204	6.121755
1.233564	0.000000
0.880016	2933.000000
0.723156	6.540230
0.826011	24.898550
0.966142	0.000000
0.559945	3.519960
0.851690	27.631578
0.616511	4.915156
1.229675	0.000000
0.675147	2.804586
0.816741	9.005629
0.601172	5.902760
0.587440	31.924856
0.781627	17.148438
0.727937	10.200744
0.919466	0.000000
0.635088	5.171246
1.062775	77.985718
0.703549	25.511030
0.772363	13.873057
1.045481	611.333313
0.568813	8.000000
0.794547	6.386719
0.937288	3667.500000
1.068050	0.000000
0.875539	273.935486
1.065766	38.115383
1.259857	0.000000
0.777497	3.218667
0.806542	19.465687
0.604014	2.721145
1.124315	994.099976
0.645517	3.346287
0.762448	8.232324
0.523562	8.861702
0.785432	22.140078
0.718906	9.409678
0.709919	7.094444
1.137218	0.000000
1.393530	0.000000
1.076277	16.344595
0.803190	6.303609
0.550222	14.597796
0.763158	4.808845
0.817232	4.108135
0.748892	2.880348
0.503081	8.582070
1.164539	0.000000
0.732049	3.730769
0.725845	4.557542
0.833346	12.623077
1.384547	0.000000
0.566974	27.723637
0.639984	3.599174
0.985440	0.000000
1.310734	0.000000
1.523774	0.000000
0.754949	4.543902
0.842172	21.775511
0.767231	6.828125
1.326673	0.000000
0.881692	54.153847
0.473274	9.343860
0.522847	13.862579
0.616831	4.429896
0.899692	17.027210
0.667172	5.081466
1.072379	41.986576
0.743629	3.935839
0.807452	7.833076
0.902160	34.558441
0.740111	18.601562
0.638037	8.744827
0.667080	17.814714
0.945735	418.884613
0.760766	14.010554
1.039201	976.583313
0.478072	10.060403
0.520997	32.822224
0.834812	5.714781
0.499714	9.020452
0.953559	55.018692
0.512475	6.971686
0.759528	6.650255
0.651746	5.424441
0.765425	3.497409
0.714707	22.874269
0.868322	0.000000
1.124480	0.000000
0.594171	10.835322
0.806693	12.037471
0.608583	10.757754
0.476124	15.785263
1.169777	508.941162
0.901559	10.823395
0.812464	17.582279
0.534464	27.091999
0.937747	677.666687
1.292459	0.000000
0.808211	11.039886
0.647744	3.471526
0.863108	18.230770
1.077947	25.916666
0.848901	16.882114
0.703072	5.512445
0.615206	20.860870
0.704933	4.418719
0.808542	5.971807
0.641304	13.913345
0.651840	3.905626
0.739925	3.736229
0.863493	10.042253
0.583197	4.257175
0.681144	11.330789
1.122810	0.000000
0.574841	24.636364
0.979224	0.000000
1.067446	119.907410
0.749187	4.943202
0.819118	9.256098
0.617098	3.734715
0.817580	5.689839
0.994220	0.000000
0.623280	3.703074
0.636100	4.356981
0.782021	7.297968
0.789250	29.245762
0.592602	66.610001
0.984247	77.746033
1.001236	41.401787
0.635919	9.569033
0.834348	11.747440
0.754958	6.811151
0.429531	14.544423
0.739536	6.626357
1.025383	538.454529
0.814179	5.742857
0.609893	8.409262
0.899730	1052.111084
0.791584	6.583138
0.796578	4.415094
0.514310	14.611979
0.852488	8.874263
1.054746	107.893333
0.717354	7.254642
0.734313	25.257143
0.844411	11.799458
1.084980	0.000000
0.805073	10.111689
0.744805	4.290503
1.225820	0.000000
0.554528	2.546064
0.614360	3.210297
1.239900	0.000000
1.200546	0.000000
0.672330	25.112000
0.677843	21.159468
0.726825	59.935898
0.496472	6.262774
1.041674	0.000000
0.625251	3.184277
0.859894	33.492188
0.521990	26.148855
0.862226	174.822220
0.723875	7.725213
0.612574	2.505327
0.665652	3.904279
0.769732	3.652993
1.056321	183.000000
0.688881	13.389344
0.789928	7.372093
0.700835	11.573363
0.679992	25.861635
1.165438	0.000000
0.672320	12.102714
0.558664	7.433304
0.618093	6.051592
0.772123	65.203392
0.781195	12.410852
0.773882	5.265861
0.936103	26.080809
1.193264	0.000000
0.500743	8.184938
0.715585	7.514545
1.087321	0.000000
0.724284	3.710262
0.814687	5.861456
0.870641	0.000000
0.607303	16.199530
0.921818	1946.199951
0.699768	3.833136
0.759484	4.663060
0.721683	16.713873
0.713850	5.848290
1.082392	0.000000
0.978916	111.969696
1.425929	0.000000
1.344699	0.000000
0.720260	8.258224
0.640170	3.387446
0.510746	8.446953
0.641835	5.705727
0.845939	11.002985
0.848440	0.000000
1.125444	11350.000000
1.017655	0.000000
0.600776	12.381089
1.227731	0.000000
0.700260	26.393574
0.735638	6.444244
0.651178	3.617400
0.847276	5.249622
0.738281	4.925498
0.778000	17.716930
0.832134	7.286496
0.610858	10.243589
0.701959	3.039644
1.157164	16.217558
1.179901	365.888885
0.543411	7.493429
0.930609	852.750000
1.131660	759.000000
1.071824	0.000000
0.729922	7.517611
0.748907	4.181937
0.606851	3.762873
0.738673	3.807542
0.737718	9.981432
0.754966	8.694445
0.666634	22.256521
0.815506	13.619658
0.806901	209.666672
0.762182	4.693846
0.717996	4.774026
0.471478	15.109959
0.731633	9.066456
1.122026	1591.400024
0.777294	0.000000
1.322247	0.000000
1.507397	0.000000
0.795350	5.747024
0.942151	21.888889
1.081128	48.663635
0.912026	27.320225
0.594918	5.739629
0.700072	2.704562
1.064753	0.000000
0.676229	3.134840
0.771149	8.207273
0.570731	12.888158
1.478696	0.000000
0.549645	9.285120
0.637303	8.035836
0.822552	15.299578
0.866047	39.294521
1.390161	0.000000
0.846071	6.780156
0.611999	5.145390
0.946321	316.600006
0.991509	114.787231
0.681680	3.507614
0.538071	6.823846
0.781299	11.032641
0.975351	18.742670
0.564378	43.534248
1.169988	0.000000
0.710193	3.850193
0.832740	4.579882
1.071318	0.000000
0.927419	42.983471
0.745332	8.651163
0.691094	39.125786
0.524012	46.185184
0.871941	9.652582
0.526381	8.756155
0.610304	50.666668
1.001813	1413.833374
1.253388	0.000000
0.847331	10.264706
0.568920	21.318033
1.250798	0.000000
0.749431	3.757362
0.885603	19.209606
0.557455	44.333332
1.074329	18.317858
1.096361	153.853653
0.646892	7.540940
0.756280	4.996169
0.818094	7.952381
0.893006	15.031074
1.305438	0.000000
1.088676	55.599998
0.689653	3.719968
0.545704	6.325542
0.681942	4.972477
1.034022	232.500000
1.186141	0.000000
0.600753	21.624624
0.749003	5.936170
0.892078	15.186869
0.554698	24.433962
0.728716	4.821869
0.730377	5.376623
0.809498	15.080000
1.238995	0.000000
1.162648	0.000000
0.518587	4.071287
0.674540	11.259843
1.235642	3586.333252
0.767327	4.768254
0.624301	19.306667
0.907800	598.250000
0.706916	4.399107
1.180065	0.000000
0.593125	5.625371
0.780478	3.185584
0.614755	3.977536
0.612957	10.861514
1.119458	0.000000
0.786076	4.021186
0.877516	9.245727
0.866958	6.448336
1.150318	0.000000
0.748151	8.371258
0.767669	16.370749
0.741988	3.466200
0.575244	19.478813
0.626025	19.664688
