0.842873	0.139672
0.813197	0.115594
1.084898	0.241404
0.674330	0.200014
0.752671	0.139672
0.782988	0.185537
0.726789	0.140937
0.847832	0.115205
0.928264	0.221558
0.977424	3.622802
0.970848	0.095137
0.721556	0.150617
0.880904	0.126078
1.186218	0.106790
0.965465	0.285323
0.786896	0.254272
0.759070	0.161289
1.011455	0.133768
0.793414	0.117859
0.809651	0.120369
0.634633	0.126041
0.506211	0.103876
0.659604	0.236462
0.774562	0.142941
0.804780	0.188994
0.724642	0.104340
1.583656	0.162890
0.834361	0.123302
0.914299	0.079391
0.768882	0.061793
0.765980	0.150505
1.352405	0.131376
1.323378	0.178307
0.625809	0.225595
0.589128	0.168676
1.029077	0.110394
0.603988	0.130695
0.792415	0.115275
0.639804	0.084566
0.741822	0.107886
0.574985	0.085612
0.963860	0.182691
0.692322	0.114922
1.256968	0.159577
0.585294	0.209589
0.708620	0.135623
0.787314	0.116086
0.530034	0.121423
1.181295	0.089409
0.541477	0.086741
0.741002	0.105224
0.659185	0.138979
0.728535	0.121705
1.246765	0.100773
0.780124	0.119693
0.628405	0.164989
0.687063	0.151722
0.712857	0.087167
0.842585	0.166755
0.696295	0.119597
0.845097	0.200842
0.843799	0.065409
0.610103	0.156069
0.998258	0.097965
0.864263	0.104766
1.008080	0.062321
0.908086	0.161706
0.580310	0.178193
0.536639	0.148525
0.838827	0.090003
0.869465	0.701963
0.763394	0.062051
0.581283	0.179232
0.590714	0.124108
0.641662	0.138038
0.576914	0.090238
0.848498	0.134696
0.725740	0.153558
0.890908	0.108004
0.682699	0.138678
0.728516	0.128722
0.482874	0.101124
0.555638	0.152092
0.753031	0.114529
0.638243	0.098737
0.490072	0.097744
1.098344	0.100317
0.656653	0.175510
0.593064	0.229963
0.850431	0.132240
0.956292	0.106765
0.600424	0.168555
0.706432	0.091051
0.530641	0.151825
0.814187	0.205268
0.933269	0.969989
0.802959	0.113562
0.913783	0.501469
0.606645	0.150449
1.013516	0.112251
0.563795	0.164906
1.229859	0.161391
1.006666	0.110017
1.019945	0.085063
0.949727	0.227897
0.844671	0.230836
0.724042	0.220302
0.556586	0.094785
0.882262	0.441319
0.722567	0.137230
0.988633	0.094794
0.591122	0.101444
0.660189	0.083229
0.534650	0.217055
0.765179	0.230964
1.413604	0.201995
0.673956	0.243553
1.189077	0.373248
1.110691	0.132961
0.920927	0.169736
0.547619	0.157522
0.611059	0.116539
0.652923	0.213384
0.907451	0.185746
0.836013	0.156390
0.590776	0.096204
0.550277	0.222041
0.640101	0.079585
0.699761	0.173532
0.802782	0.112623
0.706357	0.212227
0.661053	0.151191
0.671906	0.224202
0.673188	0.152639
1.369419	0.154239
0.953468	0.117787
0.730199	0.186642
0.694079	0.128228
1.100547	0.079801
0.817083	0.211743
0.925281	0.128054
0.682400	0.131880
0.724323	0.248254
0.790006	0.191321
0.930541	0.411505
0.694794	0.111006
0.610788	0.174054
1.060293	0.149951
0.796531	0.196967
0.796590	0.280159
1.056234	0.109799
0.837130	0.252448
0.878036	0.729612
0.654385	0.196669
1.077644	0.053121
0.674130	0.087251
0.888809	0.137705
0.700200	0.203552
0.894588	0.070844
0.904436	0.123519
0.574791	0.127367
1.249088	0.288721
0.906398	0.131292
0.653222	0.173873
0.773477	0.130028
0.491329	0.136504
0.561648	0.100441
0.971764	0.117280
0.713947	0.144197
1.037939	0.057387
1.391791	0.262995
0.890740	0.076428
0.956323	0.296256
0.863464	0.192180
0.480456	0.112153
0.757368	0.177757
0.626616	0.193528
0.745355	0.201796
0.696910	0.102775
0.677480	0.083813
0.813761	0.097782
0.992105	0.125515
0.900833	0.123501
0.633730	0.158017
0.810100	0.094419
0.974663	0.079027
0.438171	0.103321
0.705775	0.102374
0.747253	0.119527
1.173469	0.110262
0.829614	0.126676
0.643970	0.170493
0.903394	0.289675
1.283744	0.162752
1.183591	0.193215
0.795962	0.071216
0.990309	0.086749
0.676325	0.168984
1.042335	0.163658
1.088466	0.078924
1.106615	0.069071
0.690526	0.165661
0.863120	0.146949
0.689960	0.220079
0.810942	0.160564
0.579850	0.112192
0.548038	0.104690
0.816341	0.438851
1.083160	0.128938
0.553991	0.072593
0.530324	0.168712
0.932039	0.068327
0.829919	0.204390
0.595696	0.258993
0.778201	0.085321
0.911672	0.106336
0.871023	0.305355
0.913329	0.142599
0.755853	0.104166
0.644103	0.106838
0.903840	0.184009
0.990493	0.107462
1.193311	0.089212
0.847745	0.077347
0.924271	0.110069
0.613312	0.174871
0.657031	0.208039
0.869755	0.124662
1.199656	0.297893
0.934385	0.067239
0.737116	0.152347
1.430210	0.108243
1.175072	0.095835
0.619897	0.174894
0.866986	0.083309
1.030305	0.129952
0.911797	0.115889
1.035575	0.233822
0.558790	0.103514
0.588582	0.130149
0.729942	0.098991
0.976032	1.195536
1.017510	0.130645
0.888814	0.113037
0.857417	0.154019
1.440303	0.181484
0.797276	0.095248
0.733861	0.145618
0.977604	0.085196
0.829286	0.067238
0.693648	0.108951
0.550359	0.082122
0.754095	0.103445
0.724948	0.119611
0.968136	0.224781
0.695040	0.089940
0.897213	0.097093
0.735361	0.147131
0.692734	0.156063
0.816789	0.171271
0.659908	0.181347
0.595021	0.163489
0.860340	1.733589
0.612768	0.199043
0.699590	0.121404
0.652231	0.140581
1.131029	0.079923
1.216793	0.147988
0.788269	0.195523
0.607970	0.213373
1.135391	0.175920
0.682919	0.167565
1.435893	0.204752
0.619072	0.102974
0.916652	0.236265
0.528633	0.117547
0.877176	0.113351
0.429582	0.105737
0.857786	0.102175
0.480694	0.123844
1.425943	0.189304
0.894625	0.076323
0.553634	0.094448
0.541328	0.101548
0.700305	0.104910
0.682638	0.171954
0.946486	0.457499
1.056604	0.240821
1.079098	0.152627
0.960038	0.178381
1.232146	0.229646
0.648562	0.198361
0.920750	0.162992
1.327360	0.221771
0.966975	0.111146
0.897021	0.137601
0.627700	0.144790
0.557240	0.176607
0.510288	0.091947
0.661126	0.135247
0.865512	0.330245
0.563851	0.205918
0.687378	0.166232
1.474977	0.210260
1.131848	0.236891
0.943986	0.175910
0.879213	0.092366
0.508851	0.102195
0.804888	0.262393
0.842097	0.102952
0.805949	0.122521
0.512185	0.105195
0.666332	0.126887
0.663369	0.161078
0.525698	0.185806
0.644210	0.114864
0.738205	0.173147
1.016141	0.104893
0.641776	0.113578
0.654487	0.128453
0.689708	0.092832
0.701559	0.221511
0.679534	0.191535
0.910783	0.191470
0.746102	0.148412
1.228881	0.092486
0.483055	0.146202
0.634739	0.099210
0.626254	0.266517
0.568713	0.193500
0.955912	0.092016
1.030949	0.273431
0.657915	0.133712
0.832398	0.199251
0.686575	0.196554
0.726788	0.157679
0.724249	0.112567
0.538142	0.090212
0.743631	0.166792
0.690706	0.136393
0.661586	0.109371
0.681200	0.147473
0.642447	0.178249
0.659964	0.193146
0.541549	0.094425
0.870628	0.163746
0.654182	0.205341
0.752506	0.155834
0.519342	0.164221
0.697983	0.179560
0.789021	0.162066
0.785629	0.163516
0.509033	0.087060
1.003531	0.146350
0.597062	0.106357
0.697097	0.094387
0.965825	0.175320
0.581006	0.197695
0.562364	0.089432
0.766336	0.159265
1.123125	0.078424
0.705363	0.130911
0.526067	0.100172
0.811106	0.111614
1.090451	0.144533
1.028337	0.103956
0.596045	0.079336
0.930738	0.123805
0.602072	0.126101
0.930927	0.074142
0.851592	0.106947
0.617587	0.122401
1.041761	0.146906
0.718524	0.216486
1.022626	0.090364
0.616118	0.080027
0.964322	0.175438
1.059022	0.115396
1.009433	0.095572
0.642189	0.141651
0.920744	0.144450
0.803957	0.182415
1.152758	0.171529
0.587295	0.094027
0.700664	0.208021
1.082451	0.141645
0.647718	0.219042
0.767061	0.069221
0.763944	0.160808
0.756129	0.117106
0.718713	0.141646
0.556096	0.168828
0.633679	0.226659
1.111271	0.133855
0.546900	0.105226
0.614813	0.103290
0.619682	0.247452
1.196255	0.139153
0.775886	0.259120
0.625750	0.109026
0.638200	0.111251
1.042620	0.097530
0.605174	0.192786
0.661969	0.296911
0.795129	0.120803
1.001959	0.232203
0.675809	0.163638
1.286382	0.122695
0.761469	0.171410
0.750480	0.184960
0.632437	0.135378
0.772186	0.118508
0.784160	0.134833
0.778657	0.094215
1.015003	0.145005
0.881092	0.138927
1.267590	0.175665
1.186857	0.105788
1.178312	0.118642
0.611060	0.094806
0.689941	0.099097
0.693546	0.154853
1.321911	0.188670
0.670416	0.079232
0.637367	0.195670
0.657427	0.148573
1.143077	0.188011
1.214833	0.490493
0.605408	0.182965
0.599086	0.099018
0.767034	0.120599
1.002217	0.140993
0.616322	0.170390
0.775914	0.240600
0.887328	0.115897
0.750873	0.103942
0.718902	0.193018
0.749789	0.205421
0.578967	0.220726
0.616993	0.121830
0.789030	0.156154
0.741048	0.164047
0.774696	0.123763
0.689660	0.153353
1.072263	0.316586
1.123605	0.111383
1.201236	0.089194
0.724921	0.100824
0.651291	0.119258
0.523847	0.138685
0.510887	0.159387
0.719990	0.192465
0.799883	0.132371
0.655137	0.144946
0.592656	0.159040
0.940200	0.102345
0.540617	0.120944
0.724479	0.116583
0.721668	0.174099
1.209629	0.134547
0.884378	0.195086
1.054165	0.116147
0.877043	0.107362
0.698514	0.177800
0.993597	0.192237
0.567746	0.095500
0.919508	0.059143
0.767870	0.171145
0.977107	0.139152
0.628345	0.094564
0.774121	0.181782
0.686124	0.263797
0.819547	0.145997
0.897009	0.448793
0.724115	0.205471
1.017143	0.122743
0.552572	0.150323
0.639577	0.086053
0.642650	0.096266
0.595085	0.127863
0.980037	0.092912
0.987953	0.193152
0.822665	0.142843
0.733937	0.227584
0.646040	0.133411
1.345215	0.266198
0.825944	0.075297
0.729902	0.288040
0.715525	0.133874
0.891212	0.118433
0.752515	0.236067
0.656969	0.167850
1.270166	0.231484
0.606090	0.174170
1.022122	0.068044
0.648835	0.201746
0.621033	0.093995
0.613702	0.067688
0.704851	0.091315
0.679557	0.165486
0.800175	0.106627
0.549437	0.145358
0.767417	0.142794
1.131810	0.166164
0.677137	0.148436
0.541756	0.090485
1.218009	0.098467
1.135361	0.135281
1.252587	0.156877
0.718018	0.181570
1.083628	0.106728
0.853155	0.106784
0.694905	0.137288
0.769022	0.113741
0.602121	0.129888
0.554814	0.086680
0.739225	0.162643
0.796558	0.124726
0.988526	0.091670
0.623317	0.185591
0.560572	0.152171
0.701796	0.109653
0.893815	0.222942
0.944540	0.146937
0.599126	0.227384
0.708686	0.127271
1.031150	0.105951
0.661192	0.126480
0.448222	0.092007
0.653008	0.201829
0.652022	0.101406
0.631772	0.153045
0.597393	0.201447
0.604265	0.136832
0.668890	0.152699
1.222484	0.118313
0.640741	0.177080
0.690347	0.081320
0.904091	0.258916
0.948070	0.134514
0.615570	0.163927
0.752331	0.142576
0.690979	0.176228
0.767080	0.187015
0.823542	0.128028
1.073153	0.123095
0.590687	0.108994
0.818729	0.098786
0.519195	0.175693
0.784655	0.167959
1.097152	0.155526
0.950545	0.157286
0.641428	0.146205
0.624852	0.107016
0.831053	0.186768
0.640267	0.250204
1.106156	0.129897
0.675847	0.166259
1.352241	0.117652
0.771282	0.073552
0.640495	0.180508
0.570177	0.176581
0.600287	0.177816
0.565253	0.116040
0.794781	0.232811
1.333158	0.227584
0.894097	0.505226
0.653656	0.106999
0.733932	0.108846
0.755025	0.150871
0.714806	0.220613
0.883201	0.169225
0.677439	0.099374
0.606325	0.226313
0.854424	0.103647
0.905617	0.267143
1.100174	0.248489
1.303539	0.096794
0.597160	0.163078
1.348384	0.201594
0.735019	0.303078
0.806082	0.138395
0.804655	0.084449
0.676093	0.124223
0.740083	0.172576
1.248794	0.098832
0.549568	0.085289
1.070318	0.080148
0.869517	0.531524
0.708366	0.090058
1.243700	0.287795
1.585619	0.358991
0.558393	0.178031
0.999466	0.152551
0.998264	0.160749
0.822915	0.133088
0.601984	0.149520
0.764420	0.171007
0.780181	0.168114
0.531221	0.184410
0.924032	0.341261
0.839653	0.138682
0.589295	0.089903
0.631219	0.157084
1.133499	0.089972
1.128106	0.085178
0.686254	0.196406
0.529859	0.105670
0.999545	0.109827
0.787356	0.107254
0.782083	0.220544
0.755333	0.109454
1.190433	0.126964
0.692410	0.210233
0.753548	0.214162
1.015889	0.109322
0.730461	0.071054
0.517084	0.092301
1.071189	0.103771
0.823924	0.098086
0.968901	0.101620
0.886901	0.272592
0.700598	0.112210
0.638535	0.168968
0.766574	0.161887
0.725139	0.265136
0.651928	0.227243
1.284378	0.262119
0.762628	0.113232
0.985242	0.103044
1.266100	0.149268
1.089906	0.108284
0.734552	0.110963
0.683195	0.155325
0.588593	0.131089
1.030186	0.209923
1.014476	0.284877
0.491732	0.082943
0.656775	0.178744
0.764334	0.100659
0.817191	0.172952
0.685750	0.179460
1.286739	0.110002
0.633538	0.079577
0.655804	0.119196
0.655193	0.147536
1.382282	0.169925
0.882528	0.138395
0.713679	0.202401
0.818494	0.163514
0.946830	0.083413
0.773298	0.178334
0.904018	0.184610
1.121569	0.235050
0.905223	0.290032
0.530544	0.147245
0.603746	0.223602
1.025773	0.154103
0.570473	0.104177
0.875675	1.009164
0.641032	0.247672
0.747382	0.246532
0.508533	0.170351
0.667167	0.124168
0.556932	0.103802
1.356916	0.125343
1.001146	0.147163
1.019091	0.093363
0.673587	0.199678
0.568196	0.098809
0.775014	0.191520
0.986645	0.090778
0.526943	0.083127
0.754053	0.086345
0.583603	0.145165
0.603494	0.131992
0.822865	0.172070
0.982005	0.098520
1.270723	0.104119
0.615226	0.256359
1.255763	0.085198
0.661275	0.098997
0.875626	0.096536
0.667774	0.188217
0.894736	0.420346
0.875934	0.158267
0.643209	0.187767
0.813453	0.071584
0.577453	0.172649
0.629841	0.197173
0.954522	0.122867
0.687899	0.151360
1.041175	0.159668
0.587096	0.174130
0.607509	0.156084
0.678797	0.097438
1.100131	0.164397
0.538056	0.117266
0.872074	0.131836
1.027118	0.107182
0.870299	0.105578
0.679468	0.119306
0.654043	0.114301
0.963468	0.200758
0.765560	0.230528
0.601426	0.101898
0.637987	0.077525
1.119577	0.214537
0.513724	0.174955
1.129249	0.109891
0.967882	0.134918
1.294001	0.119392
1.542768	0.238889
0.828967	0.127154
0.855862	0.887148
0.780821	0.222764
0.700420	0.191854
0.620860	0.126220
0.542872	0.204791
0.691864	0.244528
1.328144	0.137913
0.765430	0.181879
0.886406	0.220508
1.324356	0.174496
0.771013	0.139050
0.628407	0.103895
0.933455	0.228807
0.710319	0.173841
0.760918	0.238837
0.714779	0.100234
0.620341	0.182178
0.539564	0.149714
1.033949	0.101507
0.799819	0.120903
0.708874	0.107339
1.286601	0.207938
1.223549	0.107446
0.744370	0.142302
0.677831	0.195552
0.880218	0.080570
1.016692	0.303618
0.706414	0.129706
0.677819	0.125466
1.129066	0.117468
0.715752	0.137334
0.776759	0.136980
1.104539	0.162327
0.815996	0.110393
0.731069	0.148827
0.924124	0.087805
0.576031	0.138389
0.883690	0.093479
1.020567	0.209220
0.704291	0.116523
0.657948	0.158067
0.880815	0.267604
0.605528	0.083804
0.763574	0.151658
0.665567	0.115368
1.132458	0.101172
1.218272	0.148609
0.790639	0.107046
1.162461	0.095499
0.868980	0.125081
1.060693	0.166561
0.705214	0.164982
0.963188	0.182548
0.792660	0.129192
1.021116	0.062743
1.239331	0.164026
0.836735	0.116748
0.788854	0.116793
0.546302	0.091204
0.729356	0.207081
0.968462	0.268795
0.677590	0.170745
0.684421	0.129249
1.000086	0.171407
0.674444	0.122746
0.599296	0.155661
0.968427	0.108743
0.558094	0.249787
0.821683	0.138865
0.749348	0.131630
0.657473	0.243579
0.622632	0.213062
0.607394	0.230760
0.751014	0.287494
0.984976	0.100888
0.884736	0.109063
0.819963	0.081394
0.552053	0.140763
0.601309	0.142984
1.057140	0.846744
0.977507	0.310589
0.790764	0.175114
1.039772	0.090535
0.986190	0.116330
0.614145	0.111618
0.514065	0.082912
0.756514	0.193067
0.669880	0.134629
0.685049	0.172993
0.593243	0.087053
0.746919	0.082582
1.123116	0.146282
0.599102	0.117432
0.883712	0.917611
1.166047	0.274915
0.813022	0.088682
0.853940	0.188222
1.372559	0.190741
0.614168	0.103187
0.713445	0.148477
1.126051	0.172415
0.675472	0.154638
0.879833	0.121308
0.620811	0.084290
0.697830	0.163511
1.004017	0.158396
0.831224	0.094963
1.156841	0.081789
0.643937	0.223863
1.059682	0.104301
0.530129	0.145820
0.868575	0.080366
0.701895	0.201915
0.735097	0.109648
0.642404	0.085115
0.640216	0.123434
0.613598	0.149679
0.742365	0.108870
0.897882	0.100602
0.813972	0.184792
0.626562	0.118126
0.518653	0.100416
0.442201	0.115676
0.976710	0.102343
0.969412	0.159825
0.821755	0.103316
0.570683	0.090957
0.632355	0.110331
0.609283	0.159196
0.911934	0.201321
0.698474	0.196183
0.576942	0.146025
0.754958	0.148296
0.847261	1.619524
0.612264	0.102885
0.572165	0.099053
0.867533	0.121557
1.305587	0.336353
1.007189	0.227709
0.791389	0.222033
1.185095	0.152896
0.649785	0.155788
0.717977	0.160108
0.797075	0.089402
0.549736	0.126842
0.667954	0.103964
0.769776	0.156263
0.739660	0.261248
0.668837	0.230912
0.597935	0.218818
0.646337	0.160770
0.884615	0.857427
0.603826	0.124013
0.551015	0.112244
0.586770	0.157003
1.017925	0.085725
0.757352	0.126696
0.966280	0.338339
0.793659	0.122013
0.666117	0.127252
0.626378	0.122226
1.464746	0.156363
0.586568	0.168429
0.758611	0.086820
0.676692	0.258991
0.774548	0.075394
0.878775	0.120090
0.534395	0.163632
1.147413	0.156547
0.627281	0.192002
0.873745	0.215951
0.584257	0.145382
0.956442	0.269543
0.653362	0.160802
1.296086	0.215475
0.864372	0.099230
0.644426	0.248354
0.965370	0.118832
0.569808	0.145198
0.743801	0.126530
0.786615	0.076046
0.913562	0.136164
1.018731	0.100986
0.862796	2.549088
0.598869	0.190189
0.485331	0.115870
0.996887	0.080949
0.758316	0.133556
0.836344	0.203463
0.844041	0.106427
0.649472	0.105577
0.565797	0.163471
1.046959	0.117791
1.067306	0.091088
0.868195	0.088457
0.748910	0.088463
0.578527	0.129057
0.781680	0.128149
1.006555	0.107780
0.825643	0.108941
0.961877	0.198071
1.083420	0.153849
0.605487	0.125974
0.708198	0.085516
0.571353	0.140945
0.856569	0.072720
0.752307	0.218663
0.757256	0.139493
0.836373	0.179069
0.830980	0.264024
0.609803	0.113170
1.246926	0.098756
0.641487	0.102268
0.666984	0.093964
0.734418	0.152131
0.712797	0.103606
0.780822	0.103793
0.732914	0.068530
0.698480	0.167833
0.621182	0.107331
0.673596	0.186241
0.730180	0.190330
0.761570	0.133528
0.491400	0.093195
0.954447	0.451089
1.066310	0.089329
0.587785	0.134306
0.700277	0.188608
0.895741	0.110767
0.668251	0.115553
1.022517	0.122537
0.673832	0.120333
0.647845	0.124916
0.752324	0.139021
0.503813	0.121996
0.885863	0.687717
0.711380	0.207184
0.908883	0.492339
1.066586	0.214304
0.703884	0.138496
0.585504	0.137128
0.693414	0.241155
0.673627	0.105089
0.650859	0.180476
0.712241	0.130016
0.663384	0.231310
0.578304	0.130879
0.542176	0.108791
0.711475	0.123888
1.082063	0.076620
0.682919	0.207055
0.902505	0.122446
0.885836	0.297264
0.632675	0.103785
0.647024	0.163486
0.707075	0.142415
0.735543	0.121092
0.651377	0.182026
0.788844	0.082681
0.681507	0.115914
0.963015	0.080846
0.742922	0.165990
0.655724	0.151366
0.668019	0.148970
0.737314	0.204470
0.776516	0.116853
0.839201	0.149318
0.784050	0.302271
0.626271	0.122957
0.541972	0.188060
0.626737	0.162132
0.655342	0.228051
0.511046	0.168150
0.864086	0.135146
0.512287	0.098945
0.709280	0.102084
0.816809	0.203137
0.814916	0.178384
0.685664	0.205132
0.970621	0.100679
0.778158	0.235652
0.797956	0.176618
0.665433	0.120153
0.892609	0.120332
0.601209	0.081924
0.715397	0.213552
0.653940	0.127144
0.738890	0.237028
0.853343	0.086438
0.575212	0.109887
1.284011	0.181694
0.570582	0.121354
0.666013	0.159004
0.926409	0.102736
0.991493	0.093943
0.683401	0.093821
0.937839	0.072681
1.136016	0.086422
0.842389	0.397691
0.581591	0.188963
1.285912	0.245287
0.630987	0.109478
0.520487	0.081302
0.726389	0.155651
0.575042	0.161368
0.983467	0.066367
0.702637	0.169702
0.687551	0.138547
1.328188	0.171025
0.478604	0.143677
0.640699	0.115322
0.692133	0.152607
0.789513	0.144498
0.663441	0.231133
0.475725	0.123429
0.646756	0.146777
0.729447	0.146708
0.462422	0.125533
0.757691	0.203351
0.758716	0.173389
1.210855	0.134305
1.022089	0.105998
0.738947	0.177454
0.825169	0.082253
0.849779	0.124784
1.262448	0.164847
0.969166	0.123456
0.836004	0.063594
0.822501	0.165047
0.936397	0.153834
1.015766	0.113667
0.838252	0.109109
0.814968	0.097212
0.649105	0.141099
0.869807	0.447856
0.700584	0.066086
0.676569	0.233043
0.708966	0.118453
0.517692	0.091593
0.815198	0.133325
1.292001	0.131930
0.828208	0.125491
0.652385	0.133709
1.482189	0.192107
0.734359	0.198835
0.908422	0.581816
1.288501	0.240826
0.747646	0.087070
0.704962	0.096722
0.996739	0.262726
0.799193	0.175455
1.082590	0.108201
0.879289	0.152799
1.300971	0.162664
0.668781	0.101226
0.749810	0.121469
0.526366	0.174326
1.004829	0.212392
1.062134	0.095383
1.360165	0.166504
1.113453	0.073837
0.520462	0.122269
0.570843	0.136277
0.647353	0.136414
1.205081	0.245264
0.649339	0.089248
0.849233	0.073571
0.784575	0.107183
0.758351	0.121699
0.843865	0.205695
1.019583	0.123826
0.713910	0.164190
0.509533	0.169272
0.891286	0.091848
0.692763	0.139230
0.760028	0.138487
0.734562	0.125835
0.701733	0.113725
0.734781	0.140652
0.747058	0.092448
1.204049	0.094543
0.753448	0.244360
0.814718	0.129737
0.688805	0.112977
0.872286	0.201078
0.548597	0.131050
0.683092	0.119130
0.754661	0.322474
0.770332	0.181494
1.087220	0.172332
0.527593	0.118379
0.774430	0.129040
0.805969	0.133236
0.520771	0.107741
1.037855	0.130699
1.040101	0.175961
0.911381	0.110374
1.087288	0.162525
0.638000	0.115999
1.356452	0.150567
1.090280	0.095825
0.807239	0.137139
0.773978	0.068298
0.640583	0.135478
0.730723	0.256325
0.750226	0.115454
0.673890	0.243771
0.665422	0.099476
0.875476	0.167092
0.553921	0.151628
0.667039	0.152342
1.275592	0.120368
0.863529	0.106676
0.801005	0.126537
0.878014	0.064338
0.740048	0.092400
0.936968	0.143943
0.609503	0.114337
0.650326	0.114650
0.675316	0.110992
1.242663	0.194457
0.653971	0.187778
0.857833	0.189509
0.619405	0.203339
0.716518	0.249068
0.643986	0.184682
0.562554	0.175933
0.738623	0.178988
1.219840	0.105351
0.750946	0.187610
0.795751	0.121163
0.878271	0.133807
0.728425	0.097499
1.044854	0.127418
0.763505	0.090095
0.893720	0.112222
0.677838	0.175278
1.084249	0.077333
1.264347	0.225904
0.594926	0.168204
0.904601	0.104372
0.665016	0.169978
0.693709	0.209823
0.666536	0.218229
0.715189	0.165867
0.737732	0.137621
0.790015	0.087272
0.702643	0.096413
0.703853	0.159335
0.743806	0.149487
0.592423	0.129561
0.677334	0.147420
1.052394	0.091956
0.564199	0.123047
0.744556	0.085647
0.742011	0.224379
0.966726	0.123334
0.959460	0.111962
0.816801	0.179455
0.602461	0.145266
0.842654	0.084079
0.775717	0.072280
0.807880	0.112765
1.053287	0.089553
0.717124	0.113387
0.826685	0.248834
0.759326	0.108728
1.188334	0.258615
0.628139	0.114127
0.639535	0.222736
0.686778	0.166900
0.602765	0.112196
1.186831	0.151074
0.557525	0.202324
1.083545	0.091874
0.593841	0.136148
1.098653	0.123990
0.804582	0.102131
0.762894	0.114721
0.855589	0.111100
0.646616	0.138044
0.804160	0.225831
0.683530	0.134745
0.889619	0.353442
0.689084	0.192194
1.120246	0.171019
0.853608	0.352943
0.568671	0.156364
0.932896	0.153901
1.289145	0.240651
0.800123	0.130455
0.755456	0.183782
0.744406	0.076352
0.744527	0.153016
0.515960	0.142578
0.944190	0.062282
0.743403	0.159029
0.733989	0.162740
1.140956	0.135593
0.640315	0.174166
0.793478	0.117149
1.185640	0.209220
0.485853	0.104753
0.737884	0.121212
0.630724	0.120921
0.539783	0.146148
0.713686	0.216376
0.607669	0.092889
0.642261	0.107010
0.642232	0.100383
0.512314	0.134048
0.652929	0.109506
0.884749	0.297123
0.746415	0.118231
0.729372	0.125910
0.714034	0.149215
0.649778	0.134688
0.670823	0.188476
1.143480	0.131729
0.961125	0.153506
0.605749	0.125996
0.654718	0.140686
0.526982	0.142786
0.959160	0.149104
0.751580	0.114250
0.918110	0.213123
0.954637	0.146467
1.257048	0.129037
0.501758	0.138477
0.681735	0.116575
0.497652	0.106501
1.176888	0.364980
0.874116	0.126903
0.772635	0.136369
0.833506	0.149920
0.454827	0.112539
0.778943	0.118869
1.089979	0.078034
0.540982	0.123963
0.489425	0.114417
0.768013	0.126949
0.655074	0.108383
0.810358	0.111179
1.262691	0.117127
0.620099	0.147398
0.727578	0.173823
0.576394	0.142585
0.634988	0.095702
1.141193	0.253924
0.588354	0.112056
0.642962	0.136249
0.672355	0.139370
0.651239	0.115791
0.660027	0.160631
0.857726	0.129225
0.638859	0.147424
0.681000	0.096996
0.949047	0.142922
0.642890	0.122290
0.599829	0.129130
0.950567	0.146114
1.012017	0.235106
1.451983	0.247822
1.206035	0.131233
0.900227	0.178109
1.106213	0.127689
0.787373	0.096054
0.609613	0.238718
0.914072	0.183190
0.700064	0.104409
0.647354	0.126718
0.856069	0.142345
0.911652	0.081586
0.968444	0.098969
0.725626	0.137026
0.520682	0.134976
0.721779	0.134224
1.031243	0.098140
0.936961	0.191667
0.926002	0.112864
0.718849	0.175185
0.624293	0.105942
0.606614	0.195156
0.610592	0.164119
0.533503	0.127200
0.589167	0.163899
0.645856	0.143393
0.676582	0.297925
0.624223	0.160783
0.769296	0.132816
0.772613	0.108970
0.851396	0.082613
0.650811	0.159244
0.780733	0.212141
0.981899	0.111899
0.941828	0.121190
0.477005	0.133513
0.674262	0.207244
0.499640	0.169313
0.931631	0.310183
0.756454	0.131332
0.868986	0.559563
1.028535	0.112611
0.625625	0.132840
0.543406	0.098639
0.796626	0.138888
0.625956	0.096918
0.939978	0.425649
0.725810	0.206124
0.687078	0.188829
0.895004	0.124171
0.599807	0.159556
0.648518	0.106248
0.555620	0.124714
1.084449	0.085778
0.761468	0.165499
1.226623	0.199401
0.749570	0.131335
0.822720	0.110672
0.614994	0.139778
0.786753	0.097385
0.753114	0.097508
0.792634	0.087528
0.844050	1.924161
0.747900	0.156703
1.025533	0.134590
1.471094	0.189506
0.594569	0.110005
0.609534	0.110041
0.656885	0.219297
0.698626	0.205020
0.605195	0.139508
0.908936	0.095314
0.727652	0.142941
0.861920	0.119981
0.535379	0.101529
0.629588	0.106573
0.627200	0.142646
1.129922	0.125099
1.074111	0.196680
0.727883	0.142850
0.884494	0.119013
1.051508	0.104898
0.594619	0.140979
0.626933	0.121735
0.704169	0.184985
0.763336	0.103306
0.615142	0.120699
0.690822	0.118263
0.618621	0.095468
0.656578	0.193927
0.651726	0.132619
1.229188	0.124326
1.217189	0.172230
0.703990	0.124761
1.030967	0.163197
1.020663	0.107248
0.602663	0.091934
0.721844	0.178185
0.704910	0.129080
1.329299	0.181607
0.688188	0.147621
0.564304	0.127690
0.781326	0.105735
0.933819	0.139950
0.633045	0.170333
0.565595	0.159423
0.939302	0.163856
0.664258	0.187686
0.691392	0.096406
1.004114	0.152911
0.727835	0.259674
0.548389	0.139192
1.398847	0.173655
1.192727	0.167488
0.608912	0.114845
0.931474	0.147564
0.833883	0.137125
0.834096	0.122851
0.827804	0.113241
0.632499	0.140182
1.068796	0.140100
0.748253	0.155859
0.523021	0.089179
0.987386	0.118003
0.975792	0.083310
1.098164	0.251132
1.050552	0.137523
0.566155	0.127117
0.870090	0.116372
0.893378	0.583196
0.553870	0.117044
0.919669	0.142950
0.878827	0.321903
0.679782	0.173001
0.927183	0.178531
0.774031	0.110702
0.710794	0.073574
0.755271	0.086815
1.302549	0.152406
0.798190	0.134757
1.182761	0.114655
0.558063	0.100839
0.580137	0.101812
0.816547	0.109230
1.075029	0.100448
0.679890	0.107652
0.874769	0.496651
0.755154	0.099983
0.715844	0.080946
0.778217	0.152852
0.545917	0.144553
0.538134	0.099129
0.661781	0.185895
0.781299	0.065026
0.704521	0.202115
0.646887	0.170471
0.676126	0.236489
0.773222	0.089075
0.641857	0.208813
1.020697	0.207296
0.547289	0.083383
0.770810	0.116319
0.727067	0.142288
0.995150	0.100103
0.781493	0.118922
1.284482	0.228263
0.630127	0.117849
0.842944	0.075564
1.009609	0.316409
0.585289	0.089328
0.547320	0.118927
1.318525	0.116512
0.911978	0.156804
0.814187	0.158395
0.565227	0.153297
0.811313	0.093117
1.067828	0.102678
1.086039	0.086262
0.836699	0.249110
0.835081	0.267743
0.512825	0.139426
0.779573	0.211736
1.254879	0.213045
0.885123	0.113637
0.846803	0.196393
0.495982	0.113736
0.761488	0.167815
0.645751	0.176534
0.641774	0.110985
1.106974	0.142580
1.089552	0.146846
1.347285	0.153672
0.904353	0.100139
0.838553	0.126691
0.842516	0.096246
0.600201	0.112317
0.740351	0.101644
0.790244	0.168865
1.245000	0.113051
1.075844	0.101578
0.652491	0.108817
1.122870	0.093542
1.130913	0.136825
0.754866	0.178603
1.165877	0.108065
0.760498	0.134605
1.006570	0.064444
0.676959	0.134934
0.686541	0.200899
0.935570	0.333578
1.067460	0.417151
0.719608	0.145174
0.724970	0.158699
1.007280	0.087004
0.765808	0.179492
0.617131	0.145728
0.519823	0.108933
0.713368	0.112973
0.863696	0.081536
1.111393	0.088871
0.940724	0.144778
0.634083	0.107064
0.790127	0.143561
0.778044	0.118889
0.645957	0.104352
0.667741	0.110457
0.603559	0.105349
0.983751	0.091327
0.598494	0.246924
0.742643	0.143418
0.941740	0.086340
0.801735	0.065538
1.119303	0.121242
1.277680	0.136963
1.385715	0.156356
0.727660	0.119476
1.247608	0.105874
0.700752	0.272152
0.706603	0.087214
0.910107	0.175636
0.710793	0.211945
0.971247	0.146052
1.325799	0.166829
0.880591	0.086364
0.744097	0.150208
0.462795	0.137359
0.725818	0.121573
0.593594	0.199558
0.664611	0.182066
0.618077	0.162590
1.051399	0.082570
1.027306	0.151856
1.081858	0.086399
0.666099	0.145944
0.800574	0.143642
0.594697	0.172448
1.086148	0.213926
0.907088	0.291415
0.592276	0.170985
0.586298	0.138488
0.622267	0.127819
1.475997	0.211275
1.216224	0.110522
0.738415	0.165507
0.667909	0.079109
0.840758	0.077346
1.337493	0.161560
0.837046	0.098237
1.344954	0.113256
0.749661	0.128873
1.040392	0.221547
1.030940	0.089042
0.667649	0.151059
1.016827	0.091770
0.874272	0.175427
1.114720	0.094034
1.008468	0.194437
0.818748	0.114000
0.527666	0.092530
0.799265	0.122167
0.673746	0.114147
0.600992	0.204820
0.970556	0.129869
0.580245	0.125462
0.772842	0.064742
0.559987	0.090125
0.707854	0.167395
0.615791	0.194967
0.653237	0.141517
0.740519	0.121343
0.651829	0.098206
0.620235	0.197567
0.770454	0.131817
1.186502	0.157530
0.593847	0.102256
0.787572	0.078587
0.790439	0.151589
0.915302	0.128093
0.767169	0.139424
0.591435	0.134439
0.848376	0.137559
0.566256	0.235740
0.638815	0.279195
0.790879	0.125678
0.735527	0.168330
1.305972	0.153187
0.979724	0.121567
0.906623	0.088195
0.836147	0.075616
1.305877	0.225842
1.107870	0.153757
0.627947	0.137164
0.700702	0.164488
0.626762	0.096207
0.678857	0.184385
0.620824	0.184959
1.183201	0.145700
1.142881	0.166209
0.641006	0.096210
0.642885	0.105410
1.259452	0.224388
0.683245	0.143319
0.514024	0.145462
0.818058	0.179515
0.684381	0.189536
0.631965	0.088974
0.840661	0.195318
0.602189	0.199990
1.140290	0.066930
0.740628	0.105710
0.806291	0.111626
0.648273	0.082024
0.572261	0.184614
1.000931	0.148241
1.146550	0.084834
0.789395	0.112397
0.891845	1.163423
0.744570	0.175040
0.646242	0.145077
0.931614	0.094106
1.186059	0.124313
0.748124	0.128694
0.783889	0.069521
1.075252	0.228015
0.697234	0.145063
0.436721	0.092370
0.550720	0.090009
0.759969	0.088690
1.294822	0.180879
0.543989	0.077281
0.935463	0.104420
1.138341	0.083363
1.127271	0.125009
0.633446	0.187244
1.177948	0.065186
0.970429	0.170612
0.898903	0.085281
0.734596	0.124257
0.570571	0.099787
1.103355	0.128297
1.300919	0.180053
0.496705	0.118492
0.907905	0.144713
0.819278	0.098926
0.883160	0.135683
0.646223	0.167748
0.686604	0.133584
0.619492	0.122756
0.542736	0.144368
1.025794	0.063801
0.519196	0.101525
0.526997	0.112652
0.875927	0.111105
0.784210	0.115267
0.872684	0.757396
0.757525	0.146087
0.470347	0.102647
0.856128	1.587101
0.616856	0.195408
1.210552	0.134834
0.583455	0.107104
1.268480	0.113627
0.542531	0.077921
0.739213	0.121421
0.712040	0.110724
0.514001	0.144031
0.667715	0.259101
0.612409	0.168219
0.906471	0.296653
1.022042	0.193958
0.614443	0.187706
0.659893	0.092840
0.712506	0.232556
1.210562	0.126651
0.616691	0.203937
0.623994	0.190921
0.674948	0.141009
0.629500	0.232327
0.735541	0.192108
0.906475	0.743234
0.851041	0.080659
1.021131	0.109330
0.661801	0.128444
0.643210	0.138563
0.678784	0.089369
1.083232	0.218644
0.884559	0.095014
0.682827	0.132676
0.549221	0.142490
1.178937	0.097953
0.711230	0.141951
0.778899	0.147595
0.818452	0.283398
0.846164	0.817900
0.897854	0.663154
0.910244	0.219435
1.228929	0.137034
0.622558	0.175991
0.755441	0.122455
0.711523	0.100267
0.868474	0.112618
0.668132	0.095765
0.801244	0.158658
0.866796	0.119356
0.790658	0.117579
0.659617	0.134246
1.211408	0.124434
0.600478	0.104288
0.531243	0.173989
1.252261	0.120685
0.618767	0.157363
0.599363	0.210236
0.677065	0.201589
0.705792	0.206780
0.497323	0.140807
0.759041	0.169950
0.776397	0.098955
1.105625	0.204254
0.767071	0.094964
0.592942	0.143555
0.710983	0.126265
1.048559	0.107751
0.707407	0.101912
0.603889	0.113270
0.999045	0.158367
0.852433	0.113491
1.210515	0.208519
0.846536	0.076513
0.563322	0.130643
0.993557	0.195165
0.754489	0.249896
0.848908	0.770836
0.766977	0.237835
0.607347	0.100145
0.753271	0.258139
0.559852	0.085773
0.668684	0.167037
0.634188	0.108093
1.114855	0.063756
0.815043	0.118165
0.991167	0.104693
0.752736	0.101860
0.680685	0.113494
1.301671	0.386359
0.774864	0.094635
0.975153	0.062927
0.617293	0.085008
0.742534	0.194537
0.589491	0.237577
0.830038	0.149807
0.778096	0.152445
0.676757	0.114349
0.873683	0.270287
0.773277	0.140665
0.787308	0.158145
0.776353	0.084659
0.701774	0.181102
0.643984	0.197417
0.705653	0.150114
0.735576	0.140479
1.065166	0.085176
1.123986	0.086578
0.529633	0.117175
0.837013	0.100032
0.824768	0.103706
0.674532	0.215887
0.971444	0.099077
0.555867	0.143618
0.651604	0.106538
1.111491	0.281481
0.845114	0.090128
0.806241	0.139566
0.759253	0.099772
0.913529	0.442160
1.399864	0.256602
0.603746	0.141020
0.832083	0.100238
0.737541	0.124704
1.159380	0.166383
0.778831	0.134763
0.652149	0.111282
0.923753	0.337623
1.398581	0.275918
0.602242	0.168490
1.110921	0.150144
0.598742	0.133768
0.735678	0.142676
0.771055	0.103944
0.684637	0.220389
0.911805	0.126896
0.725305	0.127973
0.977417	0.174144
1.081247	0.069661
0.763128	0.147161
0.548940	0.163783
0.915664	0.177154
0.843834	0.124234
0.955571	0.203136
0.852215	0.973227
0.997632	0.078711
0.799238	0.222874
0.632168	0.150789
0.514147	0.095438
1.397303	0.203842
0.703818	0.194970
0.685803	0.092410
0.700917	0.140568
0.745900	0.114829
1.103024	0.084870
0.686082	0.217365
0.729609	0.086430
0.514741	0.099446
0.648238	0.134040
0.704186	0.140048
0.716288	0.200760
0.667446	0.147481
0.631967	0.186803
0.594403	0.190851
0.679166	0.142967
1.314018	0.266329
1.327935	0.209488
0.992751	0.092956
1.042423	0.292733
1.028247	0.118112
1.091541	0.173434
0.722594	0.137764
0.791406	0.136867
0.601966	0.241169
0.613301	0.106219
0.693800	0.130916
0.761508	0.100681
0.851193	0.250650
0.680675	0.107878
0.668984	0.149007
1.229383	0.133987
0.681723	0.137891
0.890239	0.267911
1.095426	0.084889
0.645374	0.123731
1.420870	0.206841
0.574881	0.215030
0.833115	0.121411
0.895775	0.111390
0.895453	0.113734
0.690335	0.226950
0.675186	0.169209
0.954204	0.274753
0.729675	0.118654
0.715345	0.154192
0.758412	0.140710
0.849974	0.078014
1.124625	0.125789
0.730145	0.118235
0.693138	0.120801
0.982143	0.093531
1.043609	0.237718
0.651116	0.140853
0.688041	0.096246
1.304956	0.257500
0.632698	0.152890
1.082527	0.127519
0.655470	0.180235
0.725567	0.157248
0.707451	0.140183
0.682838	0.100201
0.602504	0.165291
0.749216	0.160684
1.148158	0.097111
0.857377	0.593130
0.647963	0.245607
0.934719	0.191055
0.590661	0.144152
1.410000	0.255875
0.499277	0.149273
0.582397	0.150736
0.848776	0.266878
0.752967	0.161622
0.589346	0.178791
1.207008	0.159163
0.978352	0.147800
0.862513	0.138313
0.541102	0.103089
0.791380	0.096327
0.919433	0.107069
0.761664	0.107819
0.776218	0.138547
0.578026	0.095871
0.541900	0.118655
0.563889	0.128140
0.569241	0.095649
0.583014	0.140917
0.847269	0.199720
0.609047	0.160337
0.773676	0.141474
0.546440	0.123960
1.174576	0.125537
0.613493	0.129830
0.656622	0.186701
0.787071	0.120334
1.293393	0.130308
1.012554	0.126235
0.623175	0.211060
0.613107	0.178659
0.742683	0.179753
0.750867	0.099137
1.013719	0.088800
1.082881	0.224295
1.232574	0.108921
0.984837	0.177289
0.919850	0.060031
0.589317	0.167516
0.966066	0.159333
0.690993	0.138410
0.751224	0.159129
0.722878	0.209788
0.810889	0.096456
0.698792	0.151814
0.694989	0.143762
0.977531	0.628869
0.541216	0.095203
0.790645	0.112142
0.695887	0.172211
0.636730	0.091813
0.937165	0.183836
1.285746	0.191549
0.647429	0.185008
0.606299	0.173421
1.229480	0.124023
0.780100	0.108974
0.788129	0.121195
0.705781	0.225473
0.590776	0.171387
0.722783	0.170775
1.047911	0.085366
0.992825	0.158328
0.955269	0.444517
0.729339	0.097041
0.795324	0.141094
1.074106	0.088404
0.920436	0.298377
0.617099	0.121221
0.670580	0.076102
1.113950	0.293812
0.778841	0.305044
1.045208	0.161391
0.669003	0.094731
1.043208	0.073940
1.083566	0.126513
0.735197	0.103161
0.727923	0.136726
0.758752	0.271200
0.778442	0.106630
0.997733	0.185818
0.743432	0.216463
1.107241	0.112771
0.625854	0.175773
1.073371	0.101941
0.788107	0.130007
0.504303	0.105092
0.928717	0.179519
1.184088	0.104513
0.568537	0.131312
0.735402	0.234038
0.698751	0.176440
1.146604	0.057990
1.248131	0.138736
0.762098	0.105715
1.063322	0.254484
0.971698	0.120908
0.487904	0.114237
0.679964	0.167923
1.302992	0.212023
0.875984	0.162536
0.521617	0.128050
0.534160	0.094215
1.073183	0.107159
0.719255	0.113433
0.739934	0.177100
0.486538	0.109937
0.757790	0.119086
0.727323	0.100221
1.127206	0.100034
0.631761	0.252324
0.663394	0.108741
0.784700	0.166109
0.508160	0.130329
1.066780	0.159530
0.889537	0.130332
0.890883	0.474195
0.875634	0.099165
0.598305	0.120359
0.660388	0.155896
1.213223	0.080356
0.984681	0.184157
0.647728	0.223966
0.767081	0.106667
1.086318	0.336396
1.085163	0.096068
0.937523	0.303450
0.771217	0.089581
1.259999	0.124659
0.620982	0.161523
0.712015	0.099085
0.722583	0.115004
0.850131	0.113158
