361.4	49.3341	0.155533	0.175939
310.082	41.1274	0.174384	0.113177
562.196	40.791	0.138054	0.106994
532.988	40.2929	0.142685	0.075994
783.462	50.7808	0.20852	0.076527
468.881	37.308	0.215882	0.062511
646.291	40.9933	0.160564	0.086430
440.634	58.0278	0.14535	0.249150
470.235	39.0916	0.191852	0.081733
884.042	58.6674	0.143914	0.121840
286.652	59.5066	0.145548	0.331675
261.455	41.9767	0.161979	0.108810
506.014	38.2694	0.170249	0.081550
551.513	48.6722	0.245238	0.050541
234.457	42.7163	0.132668	0.190396
635.64	41.1976	0.204366	0.049759
507.105	36.7006	0.227779	0.051409
505.952	41.7874	0.248379	0.059672
366.666	43.9374	0.152189	0.119421
254.083	37.0489	0.224021	0.064970
484.819	42.2589	0.165442	0.110702
509.705	38.4028	0.190091	0.053194
628.429	42.1701	0.185382	0.069897
568.52	54.5933	0.194142	0.090311
273.251	47.7115	0.146868	0.196950
217.824	36.6774	0.140648	0.170545
620.982	48.0853	0.127448	0.123741
185.104	39.0978	0.144299	0.181759
180.663	39.5312	0.246113	0.129737
761.63	55.9781	0.196126	0.079478
677.286	56.6058	0.18066	0.108911
675.86	54.5544	0.140282	0.119605
588.525	48.6131	0.20468	0.099517
237.032	51.3262	0.21337	0.203488
416.933	38.3569	0.222355	0.070786
642.312	40.1325	0.146344	0.077454
687.96	58.3851	0.144027	0.120846
757.473	49.3094	0.143125	0.102809
805.049	53.0111	0.195543	0.057006
541.019	51.7386	0.246265	0.065802
521.149	39.3838	0.149908	0.095681
529.257	57.7926	0.222324	0.091166
817.012	57.6792	0.162278	0.099361
635.727	39.568	0.160121	0.070705
591.287	52.6508	0.148828	0.137739
718.843	50.7405	0.170905	0.075622
601.306	40.0414	0.214	0.055856
465.613	37.3333	0.199311	0.063312
445.45	57.0253	0.138207	0.224314
236.268	48.7075	0.160986	0.209445
252.115	42.2472	0.243468	0.075551
243.706	42.3291	0.18794	0.115282
355.189	43.3298	0.12679	0.207895
299.349	37.382	0.193877	0.102933
272.843	37.0946	0.175579	0.090626
299.306	37.6164	0.215692	0.075772
598.198	47.7237	0.139809	0.139736
407.116	58.6464	0.139924	0.331062
537.035	45.9719	0.129758	0.124116
604.634	53.0994	0.133475	0.162587
391.104	49.1395	0.125013	0.246451
328.007	46.1207	0.19118	0.090877
506.767	45.8731	0.141875	0.139544
415.959	51.4619	0.126658	0.157001
527.154	51.3284	0.184154	0.095168
759.742	46.1323	0.215286	0.052733
327.442	48.8033	0.129984	0.237949
535.468	47.877	0.163417	0.097579
225.827	39.3614	0.162392	0.117878
575.067	41.0434	0.202711	0.090605
458.138	60.6323	0.189689	0.143966
574.209	45.8876	0.165032	0.087068
531.945	37.7748	0.199782	0.063808
531.484	40.2444	0.187473	0.084410
562.953	42.4072	0.142824	0.126093
462.029	46.9305	0.182321	0.088653
642.155	42.4613	0.13652	0.097157
341.469	46.4196	0.131542	0.191374
619.416	37.6268	0.164957	0.072623
438.246	44.4574	0.202102	0.100980
531.826	43.6164	0.142021	0.102807
292.133	48.6746	0.140594	0.378010
222.179	40.8232	0.172406	0.105609
448.267	46.4566	0.136988	0.146633
278.29	44.4	0.171483	0.174847
363.019	44.7689	0.136117	0.209001
278.323	37.6688	0.139505	0.179551
499.692	37.6349	0.149253	0.091881
325.814	47.2464	0.208338	0.123779
178.221	40.0667	0.205739	0.127284
442.795	46.2911	0.129634	0.122240
206.755	37.4652	0.192244	0.154106
409.935	36.6011	0.138402	0.106087
204.594	37.7295	0.179334	0.111137
632.808	40.6032	0.139334	0.099804
490.146	46.5192	0.135729	0.137790
275.529	44.3161	0.138553	0.213458
626.611	54.1929	0.164702	0.103378
425.127	45.2371	0.214481	0.102865
522.865	57.195	0.187273	0.165619
628.918	42.2026	0.201619	0.076863
518.649	58.4357	0.142156	0.248929
228.442	45.3824	0.133548	0.185855
599.912	54.1197	0.141353	0.152769
570.115	52.827	0.21848	0.086772
689.85	48.7711	0.167918	0.084657
540.803	41.1144	0.16608	0.075879
753.251	51.0186	0.209086	0.063191
194.319	46.9855	0.152101	0.231574
372.139	56.9391	0.165746	0.214748
245.307	42.3803	0.144602	0.142815
414.746	51.3565	0.14831	0.185277
530.215	60.4625	0.195252	0.137746
793.622	56.9392	0.18757	0.085644
249.915	56.6239	0.209432	0.468797
253.139	46.4195	0.153368	0.200175
187.108	37.8958	0.206016	0.144135
752.336	49.6273	0.129028	0.112871
580.163	41.7333	0.139028	0.112311
476.713	48.1467	0.18095	0.111150
368.745	44.2556	0.136904	0.149752
266.074	56.9817	0.24797	0.208217
336.947	48.6525	0.130196	0.233572
512.562	60.7233	0.233724	0.091850
743.529	46.2581	0.197263	0.055429
218.713	45.3605	0.182314	0.160670
440.162	39.6106	0.135496	0.111821
263.099	54.887	0.249222	0.153965
690.508	52.5426	0.172858	0.109462
533.435	48.8055	0.13358	0.130892
576.997	38.9937	0.138429	0.105032
588.556	37.1609	0.196414	0.051112
410.432	39.585	0.179598	0.090420
310.082	51.0758	0.224293	0.127314
566.283	57.8891	0.150746	0.160000
720.451	47.026	0.15262	0.094527
505.247	50.2971	0.175128	0.099324
585.557	55.1169	0.200698	0.073092
591.257	37.1982	0.243468	0.040337
736.416	47.8417	0.134766	0.094765
422.41	53.4216	0.148715	0.173711
482.235	55.4444	0.242055	0.090651
287.991	39.5502	0.222095	0.098198
664.195	44.9149	0.146954	0.092583
261.935	38.0794	0.160911	0.145786
215.759	43.7633	0.157491	0.139077
328.585	44.6432	0.146811	0.202142
229.273	50.9308	0.147412	0.248592
451.334	37.0676	0.130145	0.106248
346.124	46.4788	0.183532	0.107698
470.434	37.2289	0.237909	0.045997
572.709	52.3043	0.184148	0.099669
293.534	46.3582	0.22663	0.122900
301.996	42.1124	0.200358	0.126619
344.579	48.9128	0.145652	0.236175
615.408	41.8351	0.145438	0.099649
336.666	39.7152	0.162368	0.136303
534.005	44.2338	0.155532	0.110087
715.702	54.1937	0.148591	0.141870
227.307	40.8332	0.158325	0.177723
375.718	54.9548	0.139949	0.354519
493.365	43.4287	0.211833	0.058175
681.748	50.7527	0.130168	0.156087
407.228	56.2154	0.170972	0.166724
471.634	46.9817	0.22116	0.075549
706.397	45.8852	0.125654	0.103537
325.273	43.7017	0.131061	0.217849
526.517	47.0736	0.125246	0.141574
450.122	40.0547	0.199612	0.068479
374.156	40.3229	0.134897	0.125321
324.96	46.639	0.206591	0.133644
449.796	56.2561	0.156973	0.150681
305.501	45.8122	0.225087	0.083839
338.534	53.7465	0.186874	0.124732
711.028	48.3609	0.137521	0.100708
666.689	51.679	0.203983	0.053433
678.183	49.2123	0.153435	0.109762
415.677	55.0412	0.200606	0.134825
674.35	53.4195	0.193671	0.089573
786.621	51.5766	0.166437	0.086069
239.52	45.1153	0.143675	0.206246
706.341	55.0265	0.228109	0.057207
247.669	48.9309	0.167411	0.228099
392.802	42.9831	0.201431	0.087254
155.77	37.6102	0.128791	0.307200
260.443	57.0218	0.176334	0.224499
530.723	45.824	0.217279	0.080343
476.579	51.0254	0.235931	0.097278
501.086	36.6272	0.164229	0.057154
357.158	41.1448	0.176024	0.107825
607.338	46.3619	0.207304	0.059377
304.564	52.3095	0.226501	0.100608
460.91	39.0332	0.172343	0.086354
622.818	46.8372	0.226594	0.049370
304.259	56.9329	0.170855	0.372970
216.859	43.2159	0.164872	0.168886
579.47	48.1859	0.167752	0.076050
518.546	44.4648	0.152151	0.106800
491.663	39.9751	0.140568	0.094333
510.466	41.0796	0.159446	0.105664
217.454	53.7433	0.156226	0.279449
722.956	48.245	0.240091	0.053028
623.649	45.6079	0.215383	0.061151
523.435	36.9954	0.180189	0.073835
288.68	50.8218	0.148861	0.270893
780.415	60.5919	0.131486	0.171871
497.458	36.7636	0.210447	0.046810
383.308	38.3804	0.192042	0.074950
538.935	41.5182	0.231266	0.057344
295.642	38.9423	0.20609	0.092095
428.469	48.4018	0.242056	0.078909
534.773	47.3116	0.141357	0.125122
289.301	39.0708	0.247715	0.071467
487.264	44.9209	0.13096	0.120968
314.057	37.2289	0.192855	0.090271
404.728	60.7865	0.143356	0.386912
223.5	39.2485	0.229536	0.095684
494.124	42.4578	0.214507	0.051765
277.014	39.1747	0.132455	0.153252
495.248	39.1497	0.143766	0.076117
438.124	47.1879	0.193772	0.101114
804.765	56.1421	0.195936	0.069131
217.091	42.9916	0.23687	0.093609
562.517	59.5949	0.125617	0.245165
975.709	58.7153	0.210373	0.109545
654.475	42.1177	0.185721	0.056588
310.301	38.8008	0.133283	0.162215
567.32	40.5558	0.167246	0.080902
608.293	40.1611	0.168621	0.069049
280.468	47.4849	0.247559	0.116099
658.683	48.9288	0.236241	0.052911
600.323	49.7372	0.233172	0.063002
543.295	43.9846	0.166427	0.095162
430.437	58.9141	0.151595	0.174079
591.955	49.1856	0.149723	0.118635
377.393	41.637	0.162871	0.109589
305.57	40.4486	0.131117	0.208304
759.319	55.2383	0.132772	0.111760
428.487	50.7047	0.147724	0.161865
240.247	51.9004	0.157761	0.331841
532.193	45.2219	0.182605	0.086773
640.798	50.4694	0.219662	0.073256
673.895	53.8167	0.220676	0.063170
506.299	40.7531	0.200747	0.083868
613.189	47.7103	0.161417	0.123635
299.154	38.7219	0.165819	0.132496
541.183	46.0081	0.21492	0.072806
690.078	54.4847	0.152673	0.128184
256.379	41.8334	0.162112	0.135089
709.347	59.4326	0.143963	0.123151
736.945	53.0585	0.140792	0.118887
781.424	55.9226	0.149604	0.141050
461.679	56.9902	0.177998	0.125298
674.892	49.5047	0.152581	0.097572
291.101	41.0732	0.166288	0.199442
371.379	43.4325	0.131013	0.170478
914.206	58.6017	0.238232	0.064378
374.581	48.1249	0.190464	0.136931
167.101	39.0269	0.195373	0.137677
536.228	37.9623	0.239314	0.054518
351.824	44.9779	0.133131	0.194012
723.847	54.9605	0.134372	0.154300
331.418	51.3991	0.221866	0.116923
254.048	59.6804	0.138359	0.402927
838.466	54.379	0.13136	0.117983
734.148	45.7782	0.142683	0.106548
556.978	42.0882	0.183761	0.081895
574.699	41.6293	0.129516	0.125488
254.131	39.6081	0.248506	0.081682
513.991	37.543	0.206696	0.047701
588.156	56.0373	0.131413	0.197668
356.883	43.8178	0.140401	0.259724
526.005	45.6694	0.134662	0.109012
585.502	39.7061	0.156686	0.073002
444.448	40.8789	0.154113	0.102160
319.88	51.6947	0.216047	0.127161
512.204	44.6618	0.209824	0.079365
528.603	41.6454	0.245794	0.057836
295.154	54.8498	0.243954	0.125706
412.687	44.8952	0.137731	0.154397
206.882	36.6686	0.230022	0.088707
797.454	58.6563	0.140918	0.122649
367.645	56.2235	0.144315	0.324206
172.832	42.0574	0.184527	0.155280
484.941	40.8207	0.219266	0.049060
186.613	42.4411	0.141055	0.169734
561.012	58.6488	0.137468	0.165425
864.554	57.224	0.146873	0.101703
562.943	54.2991	0.246948	0.065870
225.78	37.3366	0.125662	0.163989
227.509	45.42	0.218359	0.122218
229.332	42.5708	0.161413	0.144175
857.633	59.4859	0.144433	0.109578
416.737	48.8233	0.197192	0.114710
180.957	39.3541	0.178676	0.156552
618.854	42.3199	0.166526	0.077526
251.641	56.7441	0.21959	0.193566
579.849	39.7594	0.217434	0.055906
601.585	43.2525	0.17831	0.073917
210.406	45.6416	0.146244	0.210350
385.331	56.0307	0.159268	0.168920
458.228	37.3803	0.157406	0.088457
329.009	47.845	0.24103	0.091911
421.587	50.8447	0.238493	0.082441
287.761	54.2762	0.185	0.259664
406.674	51.6525	0.126568	0.185414
587.249	37.0356	0.172279	0.057983
304.648	38.7339	0.211251	0.087405
541.18	39.0372	0.183352	0.080282
628.068	53.4935	0.148048	0.173151
350.606	37.5993	0.187418	0.073705
662.639	51.7702	0.195587	0.060956
357.444	37.3104	0.198174	0.086330
198.115	43.5081	0.178315	0.150848
435.698	40.3196	0.147384	0.099477
583.944	37.2319	0.136121	0.099008
385.106	47.7873	0.138941	0.162704
388.792	42.5331	0.177409	0.083018
441.096	53.802	0.176764	0.131983
529.414	42.3387	0.193767	0.055087
181.709	36.7564	0.189586	0.092319
670.971	41.9754	0.21193	0.049538
571.92	50.5936	0.13807	0.104236
411.079	47.6626	0.131413	0.147281
570.061	46.3657	0.233455	0.053210
468.444	55.0235	0.202789	0.134577
416.697	44.6172	0.128807	0.156780
176.455	38.5685	0.238838	0.088862
697.576	44.4667	0.139394	0.094723
560.406	44.0857	0.13088	0.115766
209.571	41.645	0.133378	0.217243
614.188	51.3657	0.162304	0.113319
493.589	44.8381	0.135541	0.124741
453.134	58.7381	0.169585	0.166962
298.009	60.1952	0.202672	0.198426
618.854	43.6904	0.190361	0.063474
857.525	57.3795	0.147124	0.097290
251.328	54.1396	0.1329	0.290736
253.536	56.9729	0.126882	0.338434
311.826	43.6903	0.172327	0.144159
279.352	44.051	0.178465	0.128771
877.875	56.5739	0.147969	0.089271
520.865	59.6445	0.190753	0.168721
261.575	47.8158	0.217795	0.132894
542.954	46.6036	0.150137	0.115593
735.943	49.6747	0.239812	0.054636
498.001	43.1437	0.158319	0.094866
366.444	42.6412	0.126147	0.200413
352.911	38.2703	0.210417	0.074306
177.966	38.3805	0.183432	0.115114
438.542	42.8395	0.141234	0.127473
514.619	55.0139	0.126175	0.191772
208.82	40.5167	0.136274	0.159781
250.634	47.628	0.220067	0.104526
785.385	60.6627	0.150025	0.166712
659.67	56.2156	0.144338	0.171163
162.951	37.5149	0.162377	0.145926
427.963	59.0336	0.130087	0.244724
184.255	37.7204	0.159201	0.163695
242.727	39.6715	0.190443	0.118635
722.457	54.3421	0.142536	0.122435
151.878	38.8144	0.127359	0.210734
266.73	38.5449	0.176964	0.121482
622.722	44.5534	0.164935	0.086279
339.724	44.2179	0.215665	0.091061
365.581	53.0128	0.144373	0.409947
328.978	52.7653	0.134172	0.289130
337.407	42.824	0.12673	0.198699
410.765	44.5029	0.218093	0.085754
334.599	43.551	0.206904	0.092573
327.128	39.4161	0.20367	0.075357
317.983	48.2572	0.133594	0.252235
687.497	44.965	0.227995	0.046289
919.795	58.3202	0.189353	0.087963
364.469	56.5473	0.167105	0.181780
854.879	56.5323	0.13304	0.114793
288.793	45.781	0.130299	0.167603
521.804	38.8701	0.220594	0.060749
362.156	57.4527	0.128819	0.397659
657.211	44.3557	0.127695	0.104808
476.489	51.0659	0.235908	0.061389
323.462	39.8691	0.137181	0.128267
559.278	54.3826	0.17426	0.113911
229.782	48.0455	0.134353	0.179109
759.861	51.1437	0.14339	0.100605
160.004	37.4167	0.214081	0.104147
471.18	37.4323	0.204256	0.047312
520.683	45.3928	0.144171	0.122238
483.929	37.6627	0.145177	0.092937
543.697	39.0805	0.160269	0.074099
263.217	44.4495	0.239626	0.082309
499.938	49.5177	0.167676	0.116151
557.419	44.1308	0.151174	0.125189
348.528	51.9937	0.215046	0.142805
389.887	46.4631	0.176062	0.121247
697.742	56.9396	0.148922	0.129593
640.219	55.0715	0.152911	0.124700
445.434	53.2924	0.229076	0.119224
293.19	47.6331	0.210559	0.157039
217.663	38.1721	0.178745	0.124991
272.003	48.0577	0.139629	0.198760
424.854	38.481	0.128218	0.117292
290.931	39.6042	0.126459	0.123950
328.28	44.4651	0.166835	0.142993
722.621	48.8836	0.205437	0.060736
609.592	48.4473	0.23344	0.071928
882.918	60.2219	0.199147	0.081738
347.608	47.4036	0.217277	0.106217
367.012	57.3102	0.210802	0.140241
230.066	49.7702	0.244483	0.145673
359.22	60.6474	0.130752	0.455333
754.645	53.3808	0.126625	0.130757
195.771	48.2159	0.131641	0.376074
432.44	37.0436	0.225475	0.062217
462.211	37.0414	0.219851	0.054031
846.567	54.7633	0.182023	0.069957
894.25	58.5279	0.242315	0.073412
217.461	48.5567	0.190329	0.194221
555.647	37.1154	0.164181	0.064733
523.154	49.5206	0.135316	0.126596
260.664	41.8143	0.137038	0.180778
614.334	50.1021	0.211865	0.057461
508.05	39.2327	0.228216	0.060177
361.791	52.1015	0.148594	0.199760
192.597	42.5891	0.126628	0.233231
500.774	36.79	0.131425	0.090707
199.877	38.0209	0.158478	0.123394
433.505	40.2633	0.126589	0.128464
732.903	55.5068	0.155029	0.108473
493.738	54.0493	0.194279	0.127269
317.687	60.2601	0.151549	0.794630
540.958	36.9474	0.146413	0.084570
375.973	38.5635	0.14246	0.108219
474.34	44.6989	0.232246	0.070942
262.824	39.9303	0.125611	0.219374
765.827	60.6678	0.184439	0.091839
479.763	45.8862	0.241651	0.059197
379.203	54.8175	0.230962	0.151523
796.298	52.9929	0.141161	0.109738
292.813	42.0285	0.152113	0.168446
594.027	49.4925	0.246607	0.057010
294.72	43.8577	0.131298	0.161475
440.906	48.0908	0.131613	0.157840
191.078	43.4963	0.154559	0.182299
190.249	39.304	0.125315	0.254661
568.26	52.7589	0.13547	0.143279
372.34	39.3675	0.155248	0.120164
524.287	59.7292	0.189058	0.121041
303.418	42.8076	0.177851	0.141110
459.074	55.2037	0.143398	0.190388
366.216	48.5627	0.149969	0.157108
177.147	37.4311	0.162304	0.140574
834.49	56.2389	0.16629	0.070232
256.599	40.5156	0.133108	0.175510
659.388	60.4273	0.176021	0.091197
623.608	37.5355	0.175447	0.054276
366.302	54.8773	0.13312	0.274375
451.155	46.4945	0.169428	0.131332
696.269	52.918	0.134628	0.141346
164.505	39.0006	0.135193	0.147038
401.751	42.7717	0.144444	0.117581
224.059	38.4439	0.209031	0.145129
589.86	56.397	0.128615	0.152197
465.423	40.5204	0.12617	0.143940
349.342	40.5385	0.140945	0.125256
438.044	50.1845	0.18577	0.100212
247.577	38.193	0.132575	0.139691
581.571	48.8475	0.160899	0.105996
503.586	39.0204	0.226577	0.064539
570.784	50.7278	0.152231	0.138816
402.806	39.0182	0.216893	0.072036
400.414	50.742	0.129529	0.183398
919.019	56.7965	0.167108	0.082909
498.53	42.1873	0.210381	0.074304
479.486	39.2159	0.139944	0.103516
799.569	58.5589	0.173033	0.095932
479.854	53.5395	0.22166	0.097015
875.347	60.554	0.14397	0.152309
556.093	51.5699	0.147486	0.134820
202.701	40.8071	0.182998	0.183202
392.245	55.2954	0.188668	0.172229
456.193	49.5152	0.132115	0.171609
531.143	48.27	0.129553	0.154246
523.36	37.8278	0.168182	0.068025
491.196	55.5193	0.140393	0.222643
400.004	57.5131	0.140126	0.312984
269.607	47.814	0.140193	0.236074
372.817	38.1955	0.249677	0.064724
273.208	59.8654	0.218897	0.281315
319.182	39.4414	0.132325	0.145073
678.18	44.2364	0.231728	0.058789
294.848	51.4695	0.187868	0.179365
259.248	43.2848	0.12782	0.172029
628.302	59.6865	0.15342	0.136828
473.929	44.3599	0.153239	0.106495
706.795	51.6328	0.162561	0.094008
560.133	47.3715	0.174814	0.096772
562.385	36.6358	0.239299	0.048701
438.73	37.3294	0.148004	0.105559
752.36	56.8913	0.130036	0.180235
699.735	42.7977	0.238436	0.051509
306.725	41.4065	0.138597	0.196776
532.09	38.1771	0.164001	0.091930
612.183	47.1868	0.163482	0.100140
440.115	44.2518	0.143666	0.131219
578.776	42.1734	0.140942	0.112502
568.371	47.7034	0.224892	0.057947
230.419	49.0798	0.125986	0.377938
621.144	52.5421	0.145696	0.108997
765.43	47.4454	0.139145	0.085368
684.278	51.5856	0.150425	0.109802
436.864	37.0915	0.234827	0.069503
508.405	45.2973	0.199849	0.074827
701.946	53.8379	0.134809	0.144395
626.509	53.4849	0.146198	0.128074
356.397	47.9194	0.181489	0.132904
533.551	43.2106	0.161826	0.082415
813.133	53.176	0.142455	0.119208
385.391	55.873	0.146786	0.226948
610.392	41.2463	0.133869	0.104751
524.65	44.2195	0.238355	0.045737
627.68	56.892	0.198928	0.087932
778.404	50.5213	0.197531	0.059728
646.611	55.1968	0.230076	0.061215
241.197	53.7971	0.195669	0.253936
711.805	52.4404	0.249455	0.075768
555.598	39.8579	0.23116	0.045908
166.703	40.6076	0.153103	0.175905
400.278	36.9576	0.130929	0.126487
254.117	48.3303	0.166972	0.187975
252.868	43.2016	0.23987	0.089580
530.785	48.7267	0.136974	0.109429
319.299	42.9149	0.171222	0.119432
431.361	42.1385	0.129657	0.144586
507.567	38.68	0.130288	0.101653
567.057	39.0356	0.125549	0.095407
212.893	42.4946	0.130992	0.290401
487.523	38.1769	0.188474	0.070883
273.486	51.8337	0.16967	0.235912
470.149	42.4449	0.148925	0.122350
259.137	44.6835	0.177558	0.204810
604.036	42.2333	0.235559	0.049381
369.573	40.4485	0.187934	0.103500
389.284	40.4481	0.159133	0.093121
512.935	37.5778	0.12567	0.099601
313.098	58.6649	0.129078	0.391582
531.578	52.2901	0.188925	0.101812
357.599	44.8908	0.148513	0.131832
600.275	46.5263	0.156199	0.103364
750.839	53.4978	0.128025	0.139350
729.353	55.9877	0.249993	0.073511
623.898	46.4393	0.190445	0.079689
424.614	47.9001	0.148371	0.179142
271.632	51.055	0.158208	0.173760
825.345	59.1477	0.15197	0.104557
465.703	42.1429	0.14169	0.139556
459.592	49.5296	0.193808	0.087603
309.237	57.3603	0.224933	0.170436
505.839	39.271	0.184311	0.076201
252.853	52.1709	0.135228	0.301961
351.582	36.6671	0.174893	0.073205
598.437	54.2411	0.140154	0.146297
456.095	51.243	0.226038	0.071768
401.459	44.7822	0.185294	0.108758
514.712	48.1564	0.233693	0.069901
478.522	59.33	0.179161	0.155056
411.463	55.8628	0.190733	0.126512
396.573	49.6347	0.179872	0.119943
665.286	49.9941	0.142877	0.132374
362.021	36.6847	0.145478	0.138434
359.326	39.2794	0.135272	0.138446
515.164	56.2482	0.190216	0.128934
384.869	38.1414	0.163071	0.100099
374.703	55.9019	0.127495	0.375810
794.848	59.6703	0.195062	0.066043
353.891	52.717	0.220761	0.096085
810.297	59.8167	0.163478	0.117065
291.949	45.0563	0.205072	0.109999
259.762	39.922	0.18581	0.132866
849.916	58.7223	0.213064	0.089911
488.46	42.0874	0.172112	0.082382
356.815	48.1641	0.135477	0.233085
625.346	46.1785	0.23119	0.060520
357.679	37.7158	0.213974	0.082914
275.954	52.4547	0.129188	0.280339
783.681	48.4043	0.243442	0.060124
160.182	39.321	0.190255	0.168322
647.889	43.8074	0.127343	0.110372
405.738	37.5454	0.144035	0.097076
430.075	40.2257	0.249734	0.065460
579.798	39.1169	0.133661	0.083833
257.681	42.3354	0.193651	0.093595
320.008	59.3122	0.153469	0.532342
512.19	36.6723	0.174741	0.070100
217.079	40.9452	0.167603	0.134723
527.185	37.5096	0.213451	0.048927
424.521	37.1417	0.159207	0.089398
995.327	60.6612	0.157568	0.090880
465.276	46.1768	0.172394	0.119369
523.106	60.7168	0.195669	0.118940
364.414	39.9622	0.221363	0.064990
289.795	44.8722	0.168421	0.194524
406.1	45.6945	0.145541	0.158567
399.816	41.9144	0.204189	0.083601
422.298	37.944	0.226475	0.062901
625.541	58.0157	0.172829	0.110112
885.356	57.1767	0.152449	0.106039
561.908	42.6728	0.169507	0.080533
391.236	54.4533	0.234986	0.131787
381.808	36.63	0.230112	0.057759
266.409	52.06	0.187298	0.386801
555.312	54.8895	0.148664	0.134371
696.191	60.6479	0.227536	0.076110
174.3	39.3107	0.233817	0.089124
398.972	42.2734	0.196351	0.102636
213.39	41.2601	0.197351	0.208833
373.054	39.6569	0.137363	0.136217
418.728	45.8087	0.154323	0.096866
501.69	41.3725	0.13722	0.115951
528.488	46.0279	0.241655	0.062023
453.535	39.8816	0.145892	0.098417
605.782	41.8256	0.13071	0.131357
377.147	44.9197	0.243581	0.077823
213.728	41.337	0.162855	0.162982
297.898	44.1079	0.146779	0.212739
294.714	52.0971	0.20376	0.113036
275.474	45.8241	0.161045	0.189172
432.718	38.1014	0.133605	0.123371
311.653	44.4329	0.222546	0.089437
195.309	42.1349	0.203539	0.116825
188.637	44.1193	0.142836	0.204097
221.099	42.4739	0.161473	0.154138
442.718	44.3026	0.141403	0.138502
455.203	49.5928	0.154928	0.152265
230.258	46.6551	0.136075	0.216164
278.458	50.6621	0.144738	0.297058
513.465	36.8816	0.177661	0.059259
312.924	57.0649	0.239326	0.148531
451.178	44.7236	0.148383	0.117094
540.592	37.109	0.138487	0.093695
143.348	36.8291	0.213852	0.162499
440.081	57.3183	0.226198	0.098747
413.855	37.4393	0.126534	0.129114
271.572	40.7399	0.191759	0.110959
310.853	49.4027	0.213719	0.116130
506.883	37.8594	0.137627	0.093636
372.124	56.934	0.133394	0.339687
599.272	48.1464	0.204675	0.080085
400.04	51.0874	0.159904	0.138410
560.776	53.9158	0.223786	0.068866
690.45	45.2561	0.13795	0.121027
502.322	41.6108	0.172059	0.086307
673.984	44.5978	0.201371	0.057522
356.534	39.5688	0.163284	0.125891
486.75	57.9679	0.202342	0.137735
328.183	54.0359	0.127197	0.356252
549.949	53.5454	0.174117	0.107135
360.232	41.6444	0.149418	0.126989
650.37	39.8957	0.175342	0.066930
326.504	57.0814	0.23514	0.113487
648.286	44.0777	0.198349	0.051942
238.522	36.8683	0.139694	0.110710
323.533	43.9586	0.150779	0.129923
315.837	46.3255	0.233668	0.096574
424.527	58.3788	0.183338	0.166492
590.882	40.3507	0.126311	0.112363
627.355	48.5866	0.146372	0.108859
643.12	40.6231	0.171858	0.074747
507.067	38.9862	0.165608	0.098977
355.574	38.0701	0.152084	0.114086
214.192	46.0884	0.135153	0.274169
465.576	40.0704	0.142676	0.116240
498.187	51.176	0.175479	0.143035
428.493	44.0745	0.186226	0.113319
387.795	36.9147	0.179113	0.081433
720.421	57.8367	0.196508	0.081688
289.413	38.2715	0.168762	0.090290
588.902	36.8726	0.125554	0.095418
471.431	45.9823	0.197638	0.102001
475.35	45.4708	0.215615	0.078006
497.163	45.236	0.140448	0.112515
375.304	43.8796	0.128125	0.151523
383.376	48.4589	0.181748	0.126588
618.668	58.6732	0.144017	0.173158
363.801	46.0099	0.149298	0.182400
400.211	43.1559	0.143125	0.142788
599.486	53.9965	0.18119	0.093619
782.301	49.6019	0.200608	0.052519
285.41	37.9316	0.200181	0.075627
399.77	44.9948	0.215544	0.099239
526.568	56.8897	0.235818	0.084456
262.767	43.4064	0.219947	0.113143
502.575	41.0286	0.143971	0.111983
555.178	39.6338	0.126722	0.105194
348.689	52.2857	0.193681	0.172907
663.058	52.9298	0.141949	0.126832
258.763	41.82	0.137357	0.156364
502.73	41.0996	0.13729	0.111013
231.065	53.2372	0.235598	0.230455
507.855	40.4258	0.184603	0.071009
587.468	48.9602	0.132621	0.150465
351.497	52.1345	0.235321	0.114012
444.576	44.1487	0.153338	0.114765
161.581	37.74	0.184377	0.173310
507.703	41.7974	0.186199	0.076416
300.786	43.6416	0.150734	0.139122
328.779	40.7864	0.133032	0.105038
354.673	37.2214	0.149483	0.106472
493.945	37.2957	0.129123	0.105799
817.77	56.8062	0.22169	0.073884
679.352	54.2041	0.248271	0.051586
250.104	37.146	0.182051	0.106379
656.642	44.1981	0.226177	0.055937
531.988	46.4758	0.133227	0.116625
753.919	48.091	0.179018	0.067912
272.607	55.4207	0.172753	0.161191
690.737	57.4736	0.188202	0.089573
807.209	53.6397	0.159328	0.099496
371.549	39.3951	0.211865	0.084531
488.963	40.2362	0.139406	0.111689
510.916	36.7634	0.218347	0.056014
597.357	60.0088	0.126738	0.203050
267.209	53.6306	0.139726	0.216509
615.684	40.9644	0.157351	0.070114
593.918	42.2444	0.150107	0.118899
169.042	41.8986	0.201452	0.154768
230.316	40.9233	0.188376	0.174672
469.345	52.4925	0.194847	0.128860
510.918	46.861	0.140501	0.114151
384.107	38.464	0.169632	0.096995
782.677	49.4176	0.197563	0.067535
427.496	55.3458	0.152386	0.159508
741.965	49.853	0.127329	0.103660
266.48	38.1336	0.245985	0.071512
532.29	36.5791	0.185727	0.057758
241.93	44.1853	0.125449	0.201908
311.171	57.4459	0.175992	0.322134
210.988	38.9989	0.165719	0.141505
482.104	59.4001	0.169725	0.185950
299.017	40.0687	0.242492	0.081329
339.266	37.5879	0.145491	0.100840
677.176	54.2565	0.13646	0.150661
245.397	37.1496	0.178331	0.108488
370.458	37.0284	0.156839	0.098325
240.98	37.294	0.17211	0.138338
410.913	51.9019	0.170828	0.123645
381.661	54.0544	0.2286	0.101019
611.873	45.1905	0.132638	0.098992
743.736	51.3304	0.228361	0.059112
342.209	37.6748	0.149884	0.121961
432.876	52.0616	0.160027	0.193081
206.032	46.41	0.204903	0.157925
223.899	42.8519	0.215453	0.167561
914.614	58.4634	0.168815	0.097093
498.09	46.6685	0.21374	0.076680
369.726	52.5221	0.178934	0.145070
606.737	39.3966	0.13145	0.103815
324.397	55.5587	0.128822	0.495361
506.41	59.0181	0.219926	0.103629
452.156	44.7338	0.158335	0.109205
455.316	36.9919	0.140351	0.097415
412.672	56.6251	0.229909	0.132962
308.61	39.2872	0.132742	0.128756
584.485	36.5728	0.200773	0.044719
743.898	51.4054	0.19738	0.060273
889.697	54.6648	0.152041	0.088093
446.945	48.524	0.12533	0.155945
519.182	38.4294	0.128842	0.134872
698.533	57.8687	0.169336	0.110302
206.233	39.5107	0.175649	0.149503
308.944	39.9372	0.183895	0.144430
426.943	44.6797	0.152466	0.125925
706.874	42.5419	0.172445	0.070584
672.063	59.3071	0.1636	0.115679
867.057	56.5665	0.233666	0.087496
801.944	58.4861	0.137158	0.151097
842.442	52.2282	0.139088	0.105348
362.905	41.4556	0.200534	0.077451
308.617	49.9415	0.132949	0.230281
211.843	44.5285	0.131756	0.186661
348.932	51.6202	0.160529	0.175954
802.321	49.2333	0.193385	0.054792
194.605	38.518	0.222559	0.098426
633.523	47.1003	0.137768	0.135942
440.431	54.5534	0.187424	0.101810
453.807	53.1212	0.229364	0.105943
479.256	44.6134	0.142036	0.104711
373.27	57.4702	0.166053	0.239623
235.074	38.7448	0.237776	0.103848
522.027	50.799	0.160474	0.131251
589.974	43.9495	0.137655	0.106681
170.386	37.3845	0.148782	0.199884
278.321	41.8073	0.139711	0.142946
170.014	40.5212	0.208848	0.114805
472.304	42.7559	0.152926	0.158144
455.993	38.2629	0.148365	0.119357
216.399	38.3313	0.225916	0.080229
316.126	54.6281	0.171304	0.392678
585.733	57.5111	0.138216	0.179279
283.233	49.8193	0.1889	0.205500
599.947	39.1422	0.187005	0.062204
476.941	49.218	0.214574	0.103693
365.123	52.8338	0.176733	0.115302
265.843	36.5137	0.192383	0.086366
275.949	46.9731	0.139337	0.332383
166.515	42.8577	0.142339	0.301899
642.284	40.565	0.207372	0.058051
412.103	44.3253	0.166484	0.117346
448.32	57.3904	0.198049	0.141031
252.961	53.45	0.174855	0.287966
354.193	54.5472	0.152777	0.447753
588.892	41.7498	0.222026	0.069118
361.137	41.7001	0.216305	0.087787
291.867	44.812	0.156255	0.215753
323.298	37.247	0.217008	0.067627
650.662	57.4944	0.154051	0.119068
474.233	53.1136	0.246453	0.084835
430.119	51.693	0.128966	0.204165
531.976	53.4065	0.126934	0.183517
625.353	51.5095	0.128987	0.167179
689.773	51.6982	0.192684	0.060634
343.549	46.284	0.125054	0.277474
467.266	41.9808	0.138224	0.103449
736.098	52.2049	0.173308	0.069521
705.194	58.8955	0.225201	0.080983
766.21	47.614	0.219771	0.052490
270.631	41.6379	0.170317	0.140496
311.575	40.8216	0.183214	0.121347
310.318	37.3699	0.135478	0.138259
488.645	38.1813	0.161638	0.084039
747.029	60.2685	0.204598	0.090988
492.753	47.6391	0.171676	0.109105
710.837	60.0393	0.129657	0.173247
362.122	40.6133	0.191955	0.137206
710.685	53.1327	0.165499	0.100466
590.464	50.9244	0.203267	0.084321
273.574	43.107	0.127616	0.257774
405.878	36.6501	0.227889	0.060643
326.512	37.483	0.216407	0.067920
185.743	39.7313	0.231164	0.113287
195.66	38.1673	0.183976	0.128475
574.024	45.8869	0.12668	0.138622
543.562	42.569	0.145328	0.080623
654.991	50.2764	0.187263	0.073386
324.834	56.0807	0.174413	0.206858
390.412	45.0739	0.158736	0.111937
441.374	40.439	0.207451	0.058286
387.599	48.1326	0.184687	0.157953
688.979	55.9131	0.130674	0.136150
171.709	38.4092	0.143637	0.193782
470.76	44.2556	0.15546	0.123791
312.933	38.0985	0.148508	0.159557
624.253	38.13	0.192873	0.060762
202.017	42.2964	0.128511	0.210401
299.952	40.1822	0.133402	0.154102
273.013	57.8426	0.14622	0.481037
634.08	47.8717	0.134351	0.130166
322.125	37.5318	0.17182	0.094451
553.616	59.109	0.139656	0.213268
464.914	45.5339	0.221972	0.073742
531.1	59.8817	0.210522	0.115493
227.951	52.1781	0.21269	0.198761
578.432	49.1387	0.206873	0.082717
795.003	48.9039	0.175366	0.062653
309.368	55.0768	0.200107	0.178259
334.645	36.8987	0.131067	0.128492
788.762	57.5956	0.192326	0.068394
304.417	49.2754	0.144982	0.198472
452.322	39.3473	0.126468	0.107922
281.499	44.4502	0.192062	0.117317
537.66	52.9909	0.133487	0.161850
476.34	42.1563	0.157496	0.091130
605.893	44.4837	0.144127	0.089263
525.123	43.4558	0.131019	0.134667
704.806	50.6369	0.18569	0.059043
584.782	55.417	0.149625	0.148030
902.02	58.1053	0.153848	0.091439
431.118	43.227	0.143222	0.114765
185.062	43.0722	0.130638	0.199483
478.758	49.0221	0.147343	0.145469
481.704	47.4498	0.134833	0.137904
598.304	43.1975	0.125449	0.107968
586.77	36.6766	0.192655	0.052031
311.188	50.4026	0.137702	0.244595
284.471	36.9353	0.14291	0.127173
400.953	46.2347	0.242508	0.066268
323.249	41.276	0.169985	0.133136
457.633	40.9693	0.144078	0.131485
678.523	48.2645	0.151762	0.105358
672.936	48.4838	0.12738	0.096876
489.677	39.6198	0.137993	0.102068
444.045	40.32	0.21383	0.056228
501.335	49.2295	0.131853	0.141415
236.057	38.7201	0.183479	0.130356
319.675	45.6066	0.146179	0.189752
224.962	47.8217	0.192617	0.183460
262.281	40.6466	0.131304	0.212466
447.669	42.3958	0.130981	0.157604
601.435	47.0575	0.125117	0.128500
243.123	57.4221	0.192582	0.209065
866.927	59.6932	0.128941	0.151742
236.74	37.2834	0.132971	0.146799
331.922	60.0745	0.146	0.355625
325.198	60.2291	0.201478	0.203703
431.958	36.5129	0.228137	0.057318
624.35	51.0239	0.164264	0.098171
492.313	55.3292	0.179525	0.159021
352.642	43.7846	0.133191	0.192378
524.18	58.2857	0.138277	0.199344
266.71	37.3454	0.185872	0.086754
308.949	44.2884	0.164467	0.275879
273.677	48.8236	0.143173	0.213700
432.483	46.5953	0.183701	0.119046
585.833	44.3834	0.203538	0.075852
366.046	36.5059	0.217166	0.066065
368.081	51.9863	0.141883	0.300069
835.602	51.1625	0.215397	0.066853
787.812	52.3884	0.188763	0.079048
665.171	53.6225	0.136816	0.141065
466.606	42.6563	0.147636	0.120262
523.798	55.0453	0.230314	0.096075
632.456	42.8642	0.158835	0.078279
728.424	45.5315	0.177978	0.070863
597.369	57.6702	0.137254	0.150179
494.848	38.5788	0.203952	0.069007
460.348	40.507	0.188822	0.068854
248.989	37.8371	0.131904	0.159207
363.103	39.7352	0.140176	0.138219
202.166	43.9409	0.154845	0.235828
224.95	37.7895	0.214526	0.115710
758.095	55.9124	0.214471	0.071738
667.366	53.2695	0.145002	0.121248
389.373	38.6579	0.167225	0.097983
191.84	40.3152	0.18119	0.120946
737.492	46.8736	0.132917	0.128397
487.591	38.5131	0.12924	0.118060
694.752	49.003	0.219192	0.058361
790.87	51.6079	0.131704	0.116862
526.56	43.0646	0.159922	0.093879
504.314	39.7367	0.230833	0.046137
587.657	42.6991	0.228287	0.060388
524.344	44.9049	0.188924	0.105908
338.951	55.7199	0.148313	0.284758
291.091	37.2715	0.13982	0.125182
374.919	50.6319	0.180097	0.110169
176.465	40.5494	0.125159	0.291372
634.805	56.5138	0.164709	0.131581
269.578	40.7796	0.214602	0.095857
503.233	44.7315	0.161059	0.094567
159.797	37.3814	0.166678	0.163888
375.755	46.9932	0.138738	0.190919
742.45	46.278	0.130464	0.096249
411.574	38.7141	0.223488	0.055515
469.135	49.0389	0.173905	0.103945
378.197	56.2514	0.127234	0.355195
437.067	40.4084	0.168905	0.101400
391.688	36.7428	0.247644	0.057710
386.211	47.7575	0.125942	0.329867
409.181	55.5255	0.170081	0.141350
641.857	46.2134	0.231092	0.059311
244.106	37.5584	0.138352	0.199468
727.616	45.7559	0.206736	0.050100
853.332	56.7025	0.15934	0.089158
392.531	39.542	0.145406	0.123988
381.257	37.9895	0.156565	0.105771
559.119	38.303	0.126278	0.104602
423.779	47.1045	0.237275	0.099130
366.885	46.9574	0.157222	0.123020
392.896	49.6741	0.165718	0.146191
574.687	53.8454	0.226933	0.062876
677.072	43.6204	0.187499	0.076914
302.577	37.1578	0.217834	0.089201
609.897	42.5512	0.247587	0.049113
424.879	36.8264	0.189493	0.064462
251.843	43.3101	0.14752	0.140237
488.087	39.8828	0.164034	0.098292
232.105	45.7638	0.234939	0.143997
452.641	46.2	0.164135	0.108766
480.938	59.5414	0.146075	0.171270
220.506	41.1546	0.182262	0.122603
488.794	48.6205	0.127473	0.205971
189.984	46.3694	0.149243	0.368951
351.294	49.3885	0.221308	0.119234
491.506	43.2508	0.249461	0.058312
834.131	55.927	0.221139	0.071337
233.766	37.0377	0.126664	0.147937
734.987	47.766	0.130866	0.124838
585.004	47.1437	0.132036	0.134425
534.844	40.071	0.143913	0.082233
596.264	48.8964	0.1455	0.130017
430.207	42.4855	0.220777	0.083753
533.042	60.3982	0.141503	0.161187
282.782	45.5127	0.247743	0.110245
410.061	58.5488	0.151059	0.187335
707.627	43.1564	0.157886	0.079152
527.029	56.1384	0.135593	0.174934
180.737	38.9068	0.207638	0.111992
498.229	43.8655	0.133482	0.102130
296.982	48.8286	0.178684	0.126747
303.502	59.0887	0.141674	0.249861
705.534	59.288	0.158448	0.145331
463.057	39.34	0.150695	0.094828
392.151	47.3211	0.195795	0.097790
309.496	38.3479	0.160846	0.110714
248.337	43.7373	0.197756	0.133111
686.2	44.0479	0.153822	0.077516
564.182	41.7884	0.163527	0.099294
431.232	47.1372	0.138462	0.160192
388.422	53.0897	0.128931	0.474784
495.321	42.1912	0.148306	0.121222
606.521	40.0252	0.133507	0.093440
375.268	40.6403	0.179146	0.098508
552.617	43.4949	0.242359	0.043562
682.713	48.5311	0.169523	0.091140
713.418	57.2946	0.14162	0.141378
442.496	49.7735	0.147474	0.152396
442.523	51.8938	0.160333	0.153715
231.536	36.5455	0.127243	0.194001
659.105	49.5741	0.172824	0.092262
524.032	40.117	0.125921	0.109469
504.044	38.2994	0.210375	0.048929
552.861	49.1846	0.154937	0.116538
600.744	41.0959	0.225983	0.065256
223.598	48.9928	0.130818	0.288997
275.609	37.4312	0.157139	0.125458
478.446	49.4637	0.19591	0.113411
420.16	38.1992	0.210682	0.072783
563.454	55.2215	0.216304	0.073020
581.29	38.8655	0.134886	0.096314
354.688	55.4275	0.182721	0.153265
659.658	47.5308	0.129872	0.135375
179.768	45.3751	0.235597	0.148507
677.755	46.7168	0.18391	0.070266
477.785	46.5281	0.135593	0.141686
271.566	42.9438	0.139321	0.246070
348.612	37.7428	0.184605	0.071845
240.046	41.4391	0.206332	0.109568
406.329	53.6486	0.128652	0.217783
422.278	41.954	0.133961	0.129760
723.029	50.3744	0.140256	0.111619
185.12	40.4534	0.172319	0.158961
357.239	43.1009	0.137689	0.173432
152.233	37.1188	0.138051	0.194960
599.578	51.0667	0.176086	0.082059
667.317	56.758	0.248529	0.046668
488.262	46.8104	0.194688	0.080037
348.817	38.7476	0.175106	0.091298
150.194	36.9853	0.158591	0.152321
771.199	51.727	0.128715	0.148845
550.91	48.9587	0.178095	0.082741
229.62	36.725	0.162627	0.145075
475.698	45.6865	0.209523	0.074150
580.468	41.455	0.151795	0.088562
843.188	58.7197	0.184194	0.078383
629.217	44.653	0.212454	0.062055
417.68	51.7186	0.244444	0.081549
428.942	42.7192	0.163	0.087645
577.017	53.7335	0.236107	0.078758
526.963	46.7951	0.192487	0.090208
248.786	45.5267	0.227195	0.104676
412.973	49.5299	0.185064	0.119474
400.125	59.4811	0.149997	0.184118
686.721	56.5071	0.149207	0.137207
242.094	37.6563	0.235594	0.100507
560.654	36.5601	0.146915	0.076153
339.306	53.8885	0.18739	0.163507
265.034	56.4132	0.155839	0.249296
463.779	55.9277	0.217599	0.120206
636.308	41.7076	0.179559	0.080249
445.529	43.039	0.136414	0.116545
761.538	52.1063	0.161714	0.093471
450.509	48.783	0.241878	0.065177
599.384	42.8164	0.186013	0.087562
239.881	37.3931	0.241019	0.080321
151.805	38.7163	0.132879	0.181819
304.238	37.803	0.194808	0.113870
230.254	41.8933	0.195598	0.155828
202.753	48.5372	0.136582	0.265761
584.513	37.0857	0.146667	0.076045
310.806	40.0025	0.166113	0.140302
253.694	58.2468	0.222877	0.842058
606.006	49.8609	0.153481	0.098424
468.78	43.0001	0.200244	0.085609
365.075	39.9504	0.163105	0.101950
582.584	42.3991	0.129691	0.133466
854.871	52.8741	0.145495	0.124273
458.932	42.72	0.129944	0.113719
684.819	48.9565	0.154328	0.100500
215.89	52.0731	0.138877	0.379986
315.959	36.5633	0.17847	0.083535
322.962	52.2801	0.142837	0.331206
320.821	47.2405	0.139863	0.224285
547.98	44.5628	0.19568	0.077352
281.716	42.8893	0.178414	0.152561
822.593	59.2258	0.139432	0.124406
528.132	45.2657	0.249148	0.065720
518.998	49.7164	0.146035	0.135675
587.656	41.5809	0.140502	0.089379
862.16	56.6513	0.234137	0.064605
370.17	52.7416	0.232078	0.108322
590.083	38.441	0.129826	0.092709
308.401	58.5539	0.202427	0.169472
373.972	43.3697	0.125331	0.155160
245.989	37.8543	0.17139	0.129099
554.686	46.0877	0.135958	0.126425
560.15	46.8952	0.190681	0.096538
669.234	55.3855	0.145675	0.145170
525.748	36.816	0.130727	0.100526
531.211	42.383	0.137188	0.097542
229.761	39.0391	0.223277	0.087294
243.402	38.0609	0.161497	0.137356
332.616	38.6618	0.196057	0.083778
366.906	38.9667	0.173466	0.093773
479.321	40.0781	0.212677	0.050622
802.714	50.2356	0.20697	0.061349
525.251	52.8275	0.154808	0.130410
671.873	51.5761	0.228264	0.077006
736.15	53.3348	0.227549	0.065763
558.758	47.185	0.164821	0.091768
433.299	38.9756	0.189866	0.067740
411.771	43.9314	0.201137	0.115180
205.061	46.3908	0.134249	0.249849
763.678	49.7862	0.136194	0.112662
408.917	38.6102	0.184914	0.069040
406.878	43.8657	0.171112	0.110370
643.516	58.0063	0.138386	0.161639
508.343	41.2552	0.139636	0.100441
271.321	48.107	0.23607	0.125211
541.875	51.8676	0.216575	0.082523
408.718	46.6653	0.178328	0.109213
274.981	41.8712	0.12674	0.214400
518.767	60.0381	0.199707	0.102033
530.398	37.0422	0.177217	0.055107
305.358	38.3598	0.154443	0.104277
585.404	39.5652	0.131888	0.094602
670.724	42.3507	0.126853	0.111608
543.857	44.3224	0.146892	0.084868
286.755	38.2835	0.147725	0.167834
303.343	45.6327	0.164218	0.146024
392.576	59.4423	0.148028	0.254904
274.363	44.7916	0.163626	0.169091
427.662	46.8735	0.224224	0.074836
553.918	40.2834	0.167027	0.076715
732.481	60.4816	0.182371	0.107158
537.889	52.8484	0.152194	0.129344
811.928	53.5602	0.145009	0.117300
466.905	37.359	0.166556	0.088714
410.906	59.5708	0.246453	0.101249
221.075	51.9918	0.24027	0.166053
298.59	48.4852	0.154908	0.298364
189.367	44.1976	0.185702	0.188547
407.09	51.9396	0.137044	0.243682
365.619	39.2801	0.209864	0.094992
316.102	43.0842	0.213253	0.099255
482.866	37.4133	0.171657	0.083099
590.129	46.5534	0.163489	0.097534
433.854	46.5106	0.149603	0.138783
279.005	60.0557	0.156143	0.245961
598.683	56.1374	0.143637	0.152740
547.816	58.1182	0.159664	0.143452
312.794	38.1692	0.179433	0.110232
831.606	59.4835	0.1305	0.143981
246.456	42.5991	0.175605	0.121118
744.395	57.4335	0.133186	0.132514
463.478	36.649	0.14938	0.096913
385.93	40.7236	0.131703	0.158652
333.625	51.9904	0.181054	0.152803
197.637	38.0192	0.20307	0.131810
816.308	55.8546	0.147405	0.122496
508.809	42.8121	0.188329	0.085425
586.073	38.6751	0.225941	0.046376
555.856	42.9821	0.145095	0.100185
635.919	49.1584	0.196012	0.077684
573.818	37.8089	0.165111	0.062970
629.411	53.1714	0.136925	0.146459
766.348	56.2617	0.144411	0.143190
196.308	38.217	0.163338	0.108060
512.061	45.3094	0.154716	0.130804
774.442	52.1668	0.177003	0.099215
549.611	38.9959	0.168196	0.075193
526.071	45.7455	0.197095	0.079778
560.124	54.4879	0.125653	0.254194
658.664	40.6194	0.200575	0.043068
402.388	48.3252	0.211476	0.101324
178.357	40.0182	0.137303	0.173859
642.511	52.6663	0.175199	0.087404
311.918	37.5887	0.164658	0.095929
764.59	55.6942	0.12812	0.147013
623.588	50.003	0.125487	0.187272
638.074	41.3937	0.201037	0.068983
432.703	44.4939	0.161576	0.130568
569.287	40.3823	0.145718	0.103045
324.241	56.8559	0.235191	0.133396
478.029	51.3004	0.1439	0.186789
371.621	38.6496	0.165917	0.103104
540.444	50.4672	0.228605	0.084625
790.233	51.4141	0.12861	0.118367
314.47	43.6285	0.130776	0.186508
549.129	39.1463	0.18025	0.074798
719.753	44.5735	0.133901	0.095933
650.409	45.0044	0.13381	0.106674
630.686	50.2004	0.204284	0.072144
370.383	42.9407	0.195411	0.111896
573.842	59.6015	0.143584	0.168363
474.444	42.088	0.129211	0.127565
474.766	43.0795	0.125835	0.120327
387.3	40.6478	0.156458	0.102170
334.615	39.9519	0.135379	0.165715
502.163	38.8048	0.197349	0.059929
625.137	44.7062	0.127943	0.120664
506.551	55.1692	0.226436	0.109088
561.206	43.8488	0.140894	0.119756
263.697	37.7262	0.171915	0.137558
462.056	52.046	0.163194	0.131970
519.985	37.0152	0.207512	0.047614
562.606	49.6046	0.138201	0.134985
338.006	41.9116	0.240524	0.076637
530.348	44.8425	0.200131	0.065583
396.397	39.5257	0.226076	0.070012
558.124	46.9956	0.17846	0.114241
814.43	51.121	0.146432	0.076332
727.224	56.458	0.176564	0.101364
246.945	46.1041	0.14193	0.194915
396.271	55.1996	0.126302	0.284138
434.234	37.7954	0.192576	0.077905
235.552	38.9006	0.134048	0.132763
742.875	50.7897	0.182736	0.077886
763.181	50.4692	0.139659	0.110219
402.942	49.2844	0.174005	0.133708
824.102	52.8829	0.185483	0.070812
184.662	42.814	0.174022	0.237148
393.832	43.5389	0.209015	0.090055
613.641	43.0207	0.222121	0.052695
412.769	51.4868	0.184015	0.109301
388.449	51.7309	0.208337	0.115213
662.803	42.6217	0.231107	0.047699
501.006	39.064	0.131378	0.112462
380.687	43.1481	0.135286	0.155968
337.899	43.8757	0.193285	0.137075
461.097	37.4719	0.206113	0.058615
570.307	40.9328	0.140602	0.098624
321.208	39.5665	0.127684	0.182133
358.466	37.0902	0.192885	0.065669
754.31	49.4913	0.165486	0.079450
846.075	53.1027	0.207935	0.068655
457.444	57.8612	0.12978	0.234571
755.002	57.4739	0.167959	0.089861
681.524	59.3606	0.238846	0.067163
642.154	40.6988	0.165706	0.060552
692.484	44.4479	0.159626	0.071019
810.832	53.1665	0.225157	0.071997
321.087	38.4223	0.181863	0.083520
598.817	60.272	0.185462	0.118635
872.213	60.135	0.171887	0.104499
609.213	42.3706	0.185665	0.058934
518.015	47.4045	0.176275	0.105797
270.917	38.08	0.180381	0.110167
520.598	60.4353	0.194873	0.111327
321.442	55.5387	0.178423	0.210348
357.347	37.7977	0.184973	0.087595
636.958	40.3909	0.130957	0.101025
421.226	36.5912	0.139695	0.095386
250.992	52.4785	0.186716	0.231944
335.059	40.6641	0.135158	0.119791
466.366	41.7854	0.173121	0.093042
707.179	46.9528	0.207029	0.059102
733.484	49.4551	0.216872	0.068876
295.85	46.2656	0.152638	0.177907
534.662	37.3897	0.222021	0.050400
444.932	38.7265	0.171699	0.065971
372.036	45.6646	0.246404	0.080604
260.618	39.4249	0.126236	0.131556
785.276	52.3076	0.144042	0.104117
512.507	48.265	0.135843	0.136680
519.284	43.807	0.167082	0.081487
166.44	37.0582	0.171687	0.125517
762.643	56.5298	0.132959	0.144571
610.256	47.8197	0.198712	0.062418
508.582	37.074	0.223103	0.047535
517.151	38.0819	0.181177	0.090044
632.621	57.0248	0.189361	0.085468
748.204	56.8502	0.16406	0.108986
458.023	41.1942	0.149438	0.103809
447.301	44.1531	0.155962	0.112457
745.258	60.8055	0.215509	0.084357
330.665	50.8505	0.151727	0.196223
207.709	38.7948	0.168183	0.126135
574.202	38.6328	0.125301	0.103384
679.138	45.3863	0.211643	0.056964
532.478	40.5236	0.202868	0.074500
349.284	60.3748	0.226377	0.167257
659.043	45.8214	0.191777	0.094285
269.012	41.7989	0.125703	0.162841
497.823	42.6993	0.209198	0.077015
615.504	40.5542	0.148719	0.081728
586.285	39.4388	0.179504	0.075250
648.093	51.6237	0.126515	0.120042
367.793	59.3897	0.166083	0.164231
599.527	37.5367	0.228489	0.041789
483.908	43.8818	0.157168	0.112465
847.731	59.7772	0.220524	0.065022
429.376	36.851	0.177422	0.079710
687.783	46.4504	0.174876	0.078408
467.694	52.7762	0.128522	0.212827
833.43	50.9026	0.192711	0.063955
419.171	43.1708	0.187062	0.098802
532.348	45.0289	0.21584	0.057751
578.782	56.4386	0.135822	0.167138
441.768	57.7483	0.14978	0.230734
380.653	36.6486	0.191625	0.093791
616.471	41.7246	0.17341	0.061968
609.834	39.2434	0.152673	0.066449
187.404	40.4145	0.167365	0.161592
336.076	44.261	0.153372	0.137931
174.512	39.4543	0.143152	0.205950
228.932	41.7414	0.127676	0.187118
266.366	40.2947	0.175572	0.119681
435.2	38.8598	0.209359	0.060586
281.898	40.7392	0.139721	0.157492
523.522	56.0898	0.165588	0.112640
868.616	59.597	0.131661	0.132993
695.003	53.6991	0.200102	0.079785
480.61	43.5928	0.157497	0.100956
688.259	54.7255	0.160358	0.127884
615.844	55.2699	0.133822	0.154042
558.828	54.9008	0.151123	0.150920
273.204	47.5174	0.179419	0.193809
576.002	43.1445	0.231277	0.052189
755.667	48.6785	0.21482	0.075370
645.588	41.2689	0.1467	0.078831
379.818	38.4094	0.201458	0.092846
443.059	39.8517	0.125229	0.132139
571.823	52.6681	0.14385	0.120178
280.991	51.876	0.214423	0.145692
215.094	42.9706	0.248981	0.115853
292.686	42.5384	0.207806	0.071019
271.71	52.4984	0.190842	0.216524
498.058	39.8223	0.224007	0.068466
578.018	52.6451	0.146569	0.145244
268.987	60.803	0.131621	0.382248
222.329	43.3291	0.133586	0.206002
212.837	41.4599	0.207691	0.128182
612.054	37.3376	0.156031	0.085364
680.054	48.5082	0.137017	0.121841
458.745	40.908	0.180265	0.083090
403.124	51.5169	0.215152	0.133656
896.11	55.5784	0.236995	0.120141
378.257	51.5863	0.190317	0.141812
215.299	46.6588	0.188006	0.177482
578.45	36.7845	0.175649	0.047075
418.226	37.0155	0.127903	0.114793
484.344	54.1222	0.141406	0.201255
518.008	56.5848	0.126209	0.176063
485.192	46.9242	0.15871	0.114696
191.708	45.3056	0.154518	0.208131
526.582	45.0091	0.235147	0.074241
652.191	48.9083	0.125805	0.125953
489.548	48.7479	0.202493	0.100574
614.846	46.0887	0.127078	0.111324
259.992	54.5113	0.169363	0.240537
209.094	45.6256	0.136208	0.206724
449.742	59.7572	0.216908	0.135091
421.524	43.8601	0.202977	0.082463
854.325	58.3601	0.136712	0.111891
251.233	38.8162	0.185718	0.134331
761.874	48.313	0.131203	0.104521
156.178	40.1721	0.227315	0.158839
471.274	45.3705	0.154581	0.111987
774.91	52.0379	0.171451	0.082313
817.205	59.54	0.195746	0.082786
709.053	46.5495	0.133228	0.117531
303.527	38.4847	0.139489	0.120401
568.545	50.3636	0.181403	0.100207
497.44	43.8055	0.18053	0.102776
696.391	56.997	0.154708	0.116782
205.853	45.7537	0.136053	0.230533
571.651	43.6916	0.131769	0.104916
189.416	39.2901	0.194733	0.149968
575.3	54.7109	0.163776	0.146302
752.293	51.6176	0.142522	0.116089
554.549	59.1946	0.157644	0.148959
375.017	54.6198	0.181661	0.126822
796.92	50.4248	0.127577	0.122317
565.144	45.4263	0.228238	0.061363
294.947	44.7852	0.204228	0.120730
459.058	51.9326	0.212111	0.097682
374.47	46.1394	0.193921	0.137647
396.924	48.3775	0.178822	0.131265
313.83	36.8006	0.244615	0.061246
201.795	44.8433	0.149051	0.154631
245.066	51.4091	0.203032	0.182363
429.077	46.2829	0.193977	0.079084
292.841	42.2948	0.173299	0.124574
213.484	40.9376	0.140372	0.162624
506.706	40.3758	0.147112	0.094425
259.438	38.0224	0.176279	0.118006
406.328	36.8121	0.140167	0.102961
471.423	52.5275	0.185816	0.109236
491.643	38.997	0.244825	0.059612
913.222	55.5206	0.126548	0.118739
572.035	47.3553	0.153618	0.109152
745.843	51.4013	0.143778	0.108816
578.14	38.8126	0.151211	0.080072
153.89	39.2443	0.175794	0.180936
618.129	50.8962	0.148721	0.110569
410.129	38.4885	0.19093	0.085183
358.338	56.6771	0.233427	0.142846
257.719	38.2649	0.222717	0.094911
822.848	53.0439	0.154735	0.109438
422.971	41.5653	0.170942	0.092724
303.1	38.8407	0.177898	0.123082
186.817	43.9845	0.166261	0.142044
541.928	49.0014	0.165584	0.127067
598.562	40.1352	0.143438	0.073403
465.167	36.8564	0.194975	0.055332
668.757	47.6876	0.190399	0.061015
406.938	54.7997	0.134863	0.272453
457.56	50.9476	0.241643	0.067799
362.454	38.4233	0.199491	0.062168
482.969	39.7727	0.148089	0.099869
365.101	58.0417	0.196379	0.189515
563.04	41.9651	0.222548	0.048145
399.184	53.7087	0.23327	0.121117
504.207	59.111	0.219196	0.119070
645.162	60.2567	0.227418	0.084691
247.829	43.4124	0.127257	0.158592
703.722	45.8866	0.184846	0.074066
262.404	42.6506	0.19662	0.122487
330.479	43.3626	0.130689	0.184688
588.505	55.3297	0.130461	0.184152
441.812	39.319	0.224159	0.051629
446.313	40.5272	0.199861	0.063215
786.418	50.7629	0.201032	0.070380
476.569	40.5885	0.186128	0.089138
538.613	58.9885	0.142815	0.173731
358.427	40.1119	0.14151	0.158129
481.486	40.2373	0.146492	0.112245
736.801	48.8659	0.163661	0.064301
674.477	43.3093	0.170111	0.069161
360.075	38.4913	0.18858	0.062484
281.659	37.0332	0.152901	0.114589
399.961	55.9462	0.142818	0.307062
362.697	47.5102	0.142519	0.158074
661.651	50.69	0.139575	0.113731
638.615	47.0607	0.162536	0.091337
427.109	37.4077	0.1425	0.091301
436.039	43.1337	0.137904	0.115848
303.582	40.9721	0.139633	0.218247
192.871	37.0015	0.170202	0.128820
467.113	37.8499	0.221577	0.059680
487.219	51.9213	0.188786	0.090715
272.49	40.0785	0.176379	0.120188
782.611	52.9749	0.171318	0.073044
404.173	43.0796	0.179107	0.111582
819.52	52.8473	0.165274	0.079764
653.705	53.2218	0.220062	0.081919
191.984	40.8542	0.182631	0.173162
601.946	44.8144	0.175478	0.068399
549.182	45.1278	0.248696	0.051641
587	39.7475	0.181628	0.062320
656.529	49.2728	0.144819	0.100175
475.275	45.8181	0.149734	0.114312
341.332	51.7626	0.132111	0.293350
221.189	49.0593	0.161198	0.202045
627.101	43.5165	0.182583	0.079477
535.255	38.0498	0.202081	0.055045
538.815	38.9665	0.248126	0.056920
372.163	53.6781	0.174309	0.135457
689.529	53.2401	0.148948	0.143738
396.177	43.0602	0.130245	0.140071
512.846	39.1336	0.17591	0.094002
260.772	50.1424	0.178318	0.182983
678.525	47.8727	0.160083	0.115072
794.24	52.6979	0.168707	0.088661
324.448	37.2548	0.175516	0.094419
268.404	37.5388	0.175147	0.129901
341.688	45.739	0.128639	0.250900
476.515	39.1786	0.145977	0.101880
607.055	43.2952	0.132173	0.113729
644.697	44.5185	0.155317	0.107049
323.976	53.9157	0.214856	0.153969
384.181	51.3685	0.239172	0.104098
263.958	41.7827	0.129683	0.196661
181.898	38.9605	0.125635	0.164393
267.578	37.0735	0.12801	0.160018
627.324	48.9251	0.18409	0.086368
836.278	56.2963	0.143194	0.111647
606.407	45.6403	0.175292	0.087748
668.213	43.8469	0.136206	0.100897
240.315	39.0324	0.207172	0.088343
284.459	37.6401	0.173234	0.098563
272.351	54.4536	0.169495	0.333855
505.689	52.2833	0.2465	0.082422
317.281	49.5689	0.131368	0.234074
452.486	41.4097	0.154171	0.109492
326.799	36.7362	0.131466	0.116587
353.761	41.2427	0.139188	0.177011
698.82	49.4727	0.139461	0.115860
298.533	42.9774	0.231069	0.111130
160.543	36.95	0.224885	0.138579
348.408	39.9161	0.175266	0.097105
572.571	50.4896	0.230377	0.081939
355.337	58.7494	0.21999	0.132585
497.811	56.969	0.19644	0.125087
431.622	39.7853	0.157392	0.094441
407.453	52.238	0.21141	0.105345
484.713	43.37	0.141872	0.120598
194.934	44.7776	0.125092	0.226604
208.665	39.253	0.140862	0.166773
264.337	37.2654	0.151754	0.139780
530.871	59.9793	0.160503	0.206203
212.862	38.61	0.222861	0.096357
536.642	38.4676	0.189347	0.072074
570.107	54.3545	0.139399	0.170295
282.626	38.6356	0.181715	0.088644
457.647	40.3156	0.175337	0.081900
568.892	50.1038	0.141374	0.135039
648.2	47.7382	0.239857	0.054614
501.308	41.8103	0.20508	0.085017
179.201	40.3369	0.133623	0.189312
325.438	38.1847	0.208422	0.079111
726.325	47.4608	0.136075	0.121060
413.093	47.886	0.155147	0.158792
642.676	58.1341	0.203114	0.100977
593.508	53.4157	0.161453	0.136080
537.556	38.1585	0.151794	0.087446
456.344	38.0564	0.198293	0.074974
273.78	50.0827	0.218114	0.128633
609.934	39.4161	0.183436	0.073496
583.988	36.6771	0.162766	0.065044
648.72	58.1784	0.171819	0.092168
650.394	57.0369	0.141114	0.155936
286.915	44.0467	0.243021	0.101897
646.297	45.6828	0.226458	0.053504
484.371	36.6528	0.183997	0.069533
437.973	40.4325	0.16033	0.099504
321.125	38.411	0.18594	0.098096
275.009	40.5175	0.172369	0.112444
646.476	50.5431	0.14974	0.105115
618.584	38.3456	0.13413	0.084131
492.705	40.896	0.162395	0.099691
263.74	44.9375	0.140308	0.237219
343.989	44.1406	0.14956	0.134804
552.799	48.1808	0.169503	0.089351
253.903	43.893	0.16094	0.193962
405.861	54.2658	0.14335	0.244937
378.34	44.6352	0.133617	0.164010
653.142	53.0548	0.220019	0.083185
527.671	54.3755	0.128451	0.176145
280.572	49.9906	0.158136	0.264398
293.443	38.8192	0.164016	0.095490
594.475	52.5445	0.14704	0.100281
729.534	53.0915	0.208479	0.062639
583.592	38.6769	0.191644	0.068203
269.767	57.9412	0.153193	0.230641
268.435	54.2995	0.202037	0.174597
378.422	42.7112	0.170203	0.099230
861.336	52.5368	0.129346	0.097157
390.6	37.0683	0.17866	0.064670
232.552	51.4447	0.148308	0.278396
605.513	43.9973	0.174827	0.094347
203.484	41.1812	0.151799	0.138662
253.885	38.1748	0.19351	0.139130
339.54	37.044	0.151849	0.135613
219.147	42.6568	0.165009	0.214940
348.471	41.8105	0.248945	0.067163
209.015	43.3651	0.158063	0.192197
579.703	45.6656	0.176758	0.097377
488.366	40.0933	0.194634	0.070262
820.275	56.8729	0.207005	0.068338
783.839	55.0706	0.141128	0.093787
321.015	53.5928	0.232894	0.116811
454.391	42.5531	0.222984	0.071527
169.98	39.0042	0.12843	0.227409
183.079	38.6414	0.12978	0.211185
233.227	48.5165	0.140977	0.235517
669.496	47.499	0.235171	0.063793
555.865	54.1877	0.142887	0.168136
215.119	42.9193	0.146231	0.179128
308.917	46.475	0.16299	0.192459
620.586	55.2467	0.194021	0.070247
392.308	43.5316	0.136502	0.148334
442.275	48.2908	0.189805	0.117618
260.894	42.8434	0.160674	0.162907
403.075	53.8855	0.134299	0.265963
186.011	44.5978	0.201746	0.173736
441.298	47.2144	0.147555	0.145634
718.433	43.8989	0.167874	0.062679
471.063	37.1873	0.215551	0.048684
487.696	44.0926	0.183622	0.091863
540.228	37.06	0.235339	0.058826
409.13	60.3433	0.184346	0.185153
356.369	43.4076	0.1581	0.117221
465.533	44.3101	0.204148	0.079986
245.362	60.6378	0.151912	0.367783
727.604	57.03	0.134639	0.149739
665.036	43.9651	0.249595	0.055001
806.254	51.1217	0.144737	0.093109
620.972	50.0458	0.173726	0.120859
375.67	55.7531	0.141588	0.181661
602.871	40.1092	0.13172	0.109769
619.036	39.4665	0.207918	0.054002
212.495	37.3266	0.23294	0.093622
857.265	52.7065	0.181207	0.082551
355.995	59.8107	0.213283	0.196060
553.063	47.5538	0.153971	0.112261
669.029	45.4461	0.149388	0.087693
466.134	41.5086	0.178306	0.096317
589.642	58.8866	0.13616	0.183219
426.252	43.7337	0.129436	0.157256
541.194	41.6776	0.167384	0.076252
328.619	48.35	0.163407	0.145513
524.195	45.0194	0.146441	0.124953
355.561	39.0136	0.135412	0.144270
503.112	49.4938	0.162654	0.115046
575.433	54.5317	0.161629	0.127747
185.445	36.6941	0.196204	0.107445
340.22	44.7401	0.176246	0.134726
509.55	42.8468	0.207059	0.062916
234.609	47.3876	0.161836	0.196602
557.696	38.2404	0.174967	0.073756
606.939	46.3603	0.128667	0.128673
720.013	55.0576	0.193778	0.080677
543.893	57.7197	0.140995	0.150907
445.268	41.1908	0.150277	0.101360
626.084	56.8395	0.203307	0.092461
739.142	48.1723	0.209838	0.059582
593.935	50.8977	0.199741	0.082306
487.989	42.0639	0.142334	0.117242
458.65	41.5527	0.128103	0.134624
573.134	44.5283	0.139804	0.119049
573.374	46.0366	0.238135	0.069968
344.7	51.4957	0.156791	0.166261
150.122	37.5084	0.217386	0.124199
392.676	37.356	0.161975	0.086439
186.688	41.0683	0.203361	0.160392
431.342	49.5248	0.175409	0.156818
923.414	57.014	0.223377	0.095340
853.14	51.9509	0.170247	0.064187
419.063	38.1594	0.155835	0.104013
628.623	45.7974	0.151971	0.084413
428.111	48.7308	0.152687	0.156081
427.763	44.6148	0.213819	0.078519
746.199	53.8185	0.234482	0.059601
279.677	42.1	0.138994	0.150316
312.307	47.0236	0.149618	0.291552
226.997	37.8402	0.214775	0.093853
672.213	43.2326	0.178712	0.071798
162.303	37.6686	0.162235	0.193363
386.141	40.9571	0.17091	0.106411
787.142	56.5897	0.217012	0.087851
453.036	60.208	0.154496	0.214095
697.588	49.3723	0.162884	0.107230
310.436	38.1032	0.18084	0.101531
228.561	38.6132	0.22328	0.097328
271.755	36.6572	0.210216	0.086854
569.472	48.9412	0.182881	0.089467
208.455	41.1737	0.129147	0.201733
236.3	37.3042	0.177616	0.112846
605.411	44.2133	0.169987	0.087119
533.926	50.1188	0.133957	0.154514
440.194	39.0501	0.181147	0.078842
403.337	37.9779	0.132774	0.116604
355.319	51.4639	0.238357	0.123888
819.835	50.9014	0.177674	0.068579
482.364	37.7581	0.197124	0.058915
681.099	60.2678	0.156316	0.153826
184.386	41.1783	0.211971	0.136680
681.381	51.0964	0.158563	0.120739
679.458	50.2011	0.126836	0.152886
205.428	36.6747	0.164047	0.157423
363.273	42.2144	0.183339	0.097920
809.065	55.2613	0.162188	0.112714
512.92	43.9994	0.217154	0.064456
558.647	53.3726	0.171444	0.105956
732.021	53.91	0.199462	0.089285
269.234	59.6728	0.207379	0.460786
682.854	53.4127	0.212308	0.077490
499.976	47.9739	0.226483	0.065402
431.623	36.9075	0.13378	0.120294
422.434	48.0484	0.227788	0.099346
579.004	59.7254	0.150778	0.165475
731.157	60.4684	0.149825	0.121921
225.322	37.271	0.217744	0.116623
411.596	45.4755	0.154511	0.104133
542.714	42.3458	0.14742	0.096848
470.136	52.2083	0.197605	0.104162
784.476	53.5786	0.142482	0.136677
389.414	59.7507	0.185668	0.153558
337.807	56.8797	0.154034	0.350583
569.297	38.4223	0.187568	0.065333
302.538	45.3008	0.197421	0.108335
303.582	52.187	0.189832	0.160741
467.157	46.9457	0.170191	0.105734
194.561	45.1557	0.186636	0.167567
669.553	58.6737	0.236613	0.063543
763.09	46.8875	0.137236	0.104175
593.559	43.3815	0.231053	0.047653
335.472	55.0565	0.194525	0.163804
455.763	51.1386	0.208355	0.099068
477.03	39.5032	0.14977	0.098781
391.207	45.0635	0.174225	0.096346
450.799	43.796	0.137781	0.103681
180.143	38.0191	0.170424	0.189032
220.481	39.0405	0.214117	0.102303
540.219	45.9308	0.125624	0.147068
361.383	44.2055	0.177133	0.111763
359.936	43.9306	0.210738	0.094075
536.942	40.523	0.242405	0.071636
300.658	50.1375	0.198648	0.142262
242.6	45.7193	0.168398	0.155369
567.954	40.4336	0.140778	0.094407
253.412	39.8844	0.139087	0.181536
421.753	46.7899	0.154926	0.132667
153.883	36.8313	0.129795	0.177837
551.683	52.5462	0.223319	0.072965
356.601	46.1778	0.181744	0.143077
281.356	49.916	0.192188	0.166376
219.009	47.2659	0.199624	0.151666
178.769	42.3888	0.140187	0.230214
655.906	59.7507	0.146427	0.156161
651.614	42.6922	0.152476	0.071131
292.013	45.8184	0.156045	0.209476
507.441	40.7692	0.200772	0.082798
512.863	42.4296	0.169457	0.104351
480.682	53.1219	0.14288	0.176394
318.635	53.8263	0.143185	0.246321
306.586	51.9855	0.215114	0.131126
327.173	53.566	0.171069	0.227714
419.831	43.1622	0.172311	0.115653
409.222	37.1824	0.211353	0.066818
667.017	57.059	0.169988	0.101140
521.11	45.6011	0.19246	0.074885
237.252	39.773	0.150655	0.171900
488.328	37.6953	0.15953	0.078977
738.066	48.1246	0.159148	0.072481
376.129	38.0267	0.180871	0.082360
549.626	52.5971	0.141223	0.136631
642.363	39.547	0.17502	0.059067
216.177	44.809	0.226833	0.108774
536.197	44.8546	0.139078	0.114850
673.079	45.9648	0.230287	0.060557
698.078	51.9299	0.241841	0.051827
176.348	37.8189	0.150882	0.144388
365.707	52.5187	0.141144	0.198369
545.243	43.5144	0.23259	0.054561
255.8	50.4836	0.145876	0.257712
452.716	44.3432	0.158654	0.126204
476.838	38.5354	0.147578	0.091558
233.887	41.5141	0.127391	0.179521
440.633	41.3918	0.126341	0.126472
199.459	39.5507	0.134045	0.213059
599.886	40.3955	0.139888	0.095096
250.054	42.843	0.24888	0.089737
646.308	54.5606	0.20538	0.055617
188.079	38.477	0.125294	0.217356
364.223	41.1481	0.23778	0.065793
323.069	49.8403	0.20994	0.111788
382.181	43.6101	0.191177	0.092483
725.456	48.8415	0.190895	0.063506
421.813	43.1503	0.129803	0.145600
279.744	53.9707	0.139409	0.316947
438.708	41.0976	0.14418	0.143614
454.995	37.6878	0.144456	0.102263
420.588	47.4676	0.232309	0.080780
225.277	38.207	0.24817	0.084763
724.604	48.384	0.141325	0.109042
476.896	42.4724	0.14193	0.125863
576.6	42.7183	0.22157	0.070166
302.378	59.4479	0.146412	0.375011
885.823	60.6995	0.163708	0.082687
285.375	50.3078	0.246673	0.104419
467.605	42.231	0.175695	0.103727
263.985	48.7422	0.16198	0.230330
376.59	45.5822	0.19627	0.107986
719.895	54.8359	0.232149	0.060732
543.74	39.6788	0.131135	0.100800
175.914	37.5644	0.231099	0.104960
466.324	53.8906	0.192183	0.134091
557.149	43.0168	0.185619	0.076973
319.252	36.9274	0.137856	0.131228
301.489	50.1439	0.177662	0.148813
261.051	59.9365	0.146047	0.351595
380.736	47.4022	0.126306	0.215759
586.582	44.7921	0.135989	0.108443
666.464	47.0551	0.183267	0.083257
461.724	40.9708	0.127323	0.130956
571.199	46.0117	0.150924	0.116721
800.521	49.4696	0.165332	0.073421
455.147	58.4943	0.173391	0.193307
562.257	37.2628	0.153005	0.066453
851.037	52.9291	0.152179	0.077681
240.242	45.2463	0.150385	0.187387
591.054	39.9333	0.159657	0.063753
384.339	53.0491	0.128431	0.331524
726.691	55.669	0.178123	0.089458
351.378	49.2786	0.168334	0.152055
685.376	59.4911	0.19962	0.082964
206.85	45.523	0.181909	0.223719
269.297	42.1631	0.134385	0.162638
692.134	54.4095	0.146039	0.132586
260.778	49.443	0.161122	0.214885
414.17	52.5455	0.129237	0.218652
330.35	45.8576	0.14765	0.161433
730.683	48.576	0.142935	0.112161
310.862	57.7255	0.243834	0.113060
605.286	45.3913	0.175328	0.068985
832.946	53.0665	0.142442	0.096817
683.199	46.6876	0.174211	0.075184
163.073	38.9787	0.23333	0.105139
191.34	36.5907	0.132845	0.163434
353.599	40.2312	0.208764	0.110473
637.549	39.2211	0.169965	0.052750
684.885	42.6558	0.153928	0.072812
242.951	45.2673	0.131129	0.203579
240.549	39.8498	0.134168	0.176297
711.532	46.845	0.136333	0.127864
538.237	52.8675	0.212341	0.091582
589.263	41.6224	0.162979	0.074081
319.525	36.7198	0.134948	0.101449
310.372	39.519	0.161914	0.122864
896.799	56.9008	0.227872	0.079096
252.455	55.2239	0.18881	0.256513
219.429	44.4652	0.18945	0.194659
334.414	43.6359	0.157969	0.150151
544.909	52.9261	0.249807	0.063350
363.354	59.3856	0.147898	0.208105
269.486	40.4538	0.159952	0.188320
476.287	44.3885	0.17116	0.086860
184.689	40.2336	0.198852	0.090732
513.882	42.2235	0.157232	0.111935
789.779	49.4198	0.175177	0.064701
402.614	52.6064	0.143495	0.167336
260.661	40.5396	0.127259	0.175824
423.55	51.0248	0.13637	0.155739
252.534	43.1632	0.198024	0.140074
335.266	41.7338	0.207392	0.090828
252.646	38.6919	0.154139	0.104069
600.755	55.2621	0.205032	0.095874
568.262	37.8812	0.194755	0.061152
451.358	43.5707	0.156272	0.116389
375.481	42.9096	0.140002	0.127403
577.404	52.0679	0.189771	0.098981
806.245	54.767	0.178694	0.072630
675.529	54.3475	0.243033	0.055655
712.806	44.5425	0.133893	0.092178
381.151	39.4383	0.170585	0.087812
322.016	56.4869	0.145385	0.492394
488.679	45.6767	0.168928	0.095568
630.967	57.344	0.193325	0.086555
333.512	48.3049	0.219739	0.110496
351.865	44.5688	0.222693	0.092552
816.737	52.3556	0.148089	0.096881
316.193	59.9094	0.196382	0.281658
743.038	55.9153	0.137699	0.125357
325.966	47.8423	0.140221	0.183176
240.266	42.6448	0.125985	0.225042
209.896	50.71	0.145537	0.212567
324.993	38.9084	0.170868	0.116846
252.54	47.2625	0.139036	0.244456
432.166	45.7842	0.206058	0.079283
325.445	38.3374	0.178317	0.102597
378.041	36.7081	0.13972	0.111474
731.318	52.9647	0.17771	0.087770
434.122	38.2969	0.159639	0.078836
834.727	55.9852	0.154421	0.092085
510.177	39.8597	0.168397	0.067416
214.921	43.9754	0.234731	0.172898
425.76	53.9753	0.144429	0.171796
148.903	36.9868	0.161265	0.198200
492.299	42.8803	0.249808	0.060400
695.21	51.0925	0.142141	0.125614
494.251	40.9024	0.234191	0.055817
453.421	50.1279	0.148181	0.133735
461.521	48.5276	0.209624	0.090580
379.027	46.749	0.129622	0.263214
461.563	49.4545	0.203278	0.095827
850.542	57.224	0.139912	0.103277
670.959	54.0123	0.166203	0.096782
442.706	38.2456	0.217273	0.050572
818.561	59.7161	0.231315	0.074536
786.163	60.4979	0.206976	0.108880
482.413	48.0064	0.144628	0.130667
498.191	36.8298	0.128594	0.103548
382.995	48.5256	0.174622	0.130772
571.053	53.9434	0.138755	0.118302
829.39	54.1451	0.150731	0.123294
219.799	44.1125	0.128529	0.232856
657.814	57.2509	0.214068	0.093901
435.532	50.3862	0.160858	0.121756
772.704	57.3784	0.183801	0.076360
680.67	46.6645	0.181928	0.066041
637.309	40.3932	0.184439	0.065977
633.488	60.6195	0.219199	0.133863
338.79	40.4903	0.138103	0.120437
551.827	41.4994	0.158432	0.087398
330.265	49.5139	0.142611	0.175890
703.848	47.7455	0.130539	0.122885
443.423	42.9357	0.224434	0.069114
380.298	36.6979	0.134996	0.108300
448.45	41.4101	0.140917	0.120010
422.613	41.2311	0.196227	0.095389
235.197	48.8911	0.178857	0.271188
219.299	45.2911	0.136734	0.179757
333.922	37.2356	0.147122	0.113595
800.63	58.7606	0.125709	0.142420
264.061	38.2071	0.168474	0.130697
432.668	47.3803	0.183101	0.128395
265.477	39.0684	0.213644	0.096044
824.497	53.4502	0.216445	0.063468
592.412	40.6144	0.238932	0.049388
611.949	53.1245	0.20318	0.086933
173.037	40.8685	0.141555	0.171173
611.897	46.9318	0.247719	0.067899
602.415	55.5443	0.135538	0.152284
297.406	43.7017	0.137842	0.190581
656.068	44.3175	0.164019	0.084980
524.504	40.4884	0.148368	0.098320
484.304	52.5121	0.237254	0.089467
455.044	40.9027	0.138356	0.098935
656.49	59.2017	0.212557	0.081218
459.879	37.6597	0.182393	0.066422
412.648	41.7794	0.145066	0.115869
485.825	47.3297	0.24804	0.058148
231.436	45.1986	0.184314	0.131956
761.053	60.2774	0.197525	0.079677
250.101	50.6266	0.146036	0.201870
556.125	47.9021	0.14131	0.123707
376.166	47.8709	0.14054	0.147472
299.899	41.8382	0.160668	0.142718
419.595	42.4086	0.243131	0.071481
480.355	42.3955	0.13023	0.130747
659.257	45.8607	0.166557	0.087814
823.443	51.8979	0.193757	0.055951
467.302	40.7849	0.199076	0.106898
302.712	55.4087	0.138315	0.233323
637.868	55.6709	0.221741	0.052739
691.581	50.3819	0.129845	0.111076
573.429	51.368	0.148842	0.150791
240.879	36.7937	0.154657	0.138932
297.364	43.1471	0.15809	0.165165
408.821	45.2022	0.139159	0.151713
502.43	43.5748	0.150163	0.138007
730.43	51.0639	0.126381	0.115353
791.078	49.1592	0.158669	0.067395
249.551	47.5163	0.151447	0.231104
785.977	49.5432	0.21872	0.057884
567.285	59.5041	0.135459	0.193033
293.029	44.536	0.185908	0.126644
413.608	49.909	0.155738	0.126904
203.953	40.3638	0.145911	0.150328
343.941	44.1924	0.241133	0.097387
551.631	42.1283	0.195774	0.071544
244.875	39.2224	0.203894	0.087658
407.64	44.0606	0.181466	0.097726
567.236	37.4401	0.139859	0.066916
594.213	59.2363	0.189174	0.128734
660.272	46.797	0.191575	0.072313
311.906	50.083	0.136458	0.436264
370.887	57.682	0.174353	0.184375
373.353	46.7751	0.147499	0.139727
505.109	41.6813	0.180749	0.071440
295.425	38.2989	0.19913	0.092551
458.677	53.467	0.129448	0.209133
192.185	36.9929	0.136321	0.196760
513.954	37.2102	0.139288	0.086796
351.365	50.6426	0.133486	0.326884
421.325	46.335	0.131505	0.145852
493.426	48.1257	0.215737	0.076996
593.217	53.1061	0.128025	0.162911
585.758	55.847	0.203909	0.087541
766.758	48.0139	0.206907	0.054568
281.799	40.4397	0.133399	0.167840
371.015	38.7916	0.226241	0.059942
737.984	55.6538	0.171679	0.085035
770.972	59.9538	0.130558	0.133162
660.691	50.5756	0.174699	0.088082
791.547	56.5311	0.132194	0.115255
714.588	50.4764	0.143883	0.129289
738.125	49.3823	0.132879	0.111657
834.002	57.9497	0.147376	0.117466
239.479	44.6235	0.127132	0.248915
544.769	56.6512	0.126709	0.172897
300.97	42.2141	0.155149	0.132098
620.649	59.0939	0.184433	0.111472
449.367	42.9651	0.139184	0.102169
490.073	40.3707	0.188613	0.069974
494.241	41.5336	0.201736	0.071619
679.209	43.3519	0.176045	0.077125
533.726	41.5581	0.16122	0.076110
390.529	37.4333	0.211519	0.075904
282.541	37.6379	0.15781	0.149090
526.157	49.0921	0.248311	0.063538
555.8	56.7532	0.13985	0.182837
241.581	48.624	0.12718	0.228791
326.427	44.1808	0.18541	0.106851
630.83	40.0876	0.184609	0.064042
534.454	43.0442	0.140041	0.121902
202.97	38.771	0.191644	0.103566
354.776	47.9776	0.149328	0.167461
