13.4718	0.00187731	0.000221749	4.946807
12.9995	0.000802201	0.000214438	12.833232
22.3966	0.000916997	0.000180781	7.542535
20.007	0.000793724	0.000154464	24.134857
9.20596	0.00166793	0.000132807	12.801196
18.981	0.0019787	0.000141045	5.567884
21.5957	0.00141105	0.000206313	3.692973
16.7474	0.000727335	0.000188919	17.524979
21.2501	0.00160217	0.000158637	7.545757
18.8888	0.00191504	0.000171982	2.221435
15.6644	0.00167756	0.000226994	8.172265
18.282	0.00126521	0.000156874	9.053020
12.9077	0.000976306	0.000151973	17.350483
14.4839	0.00064912	0.000194152	21.250963
18.9618	0.000917181	0.00024297	9.812244
16.3163	0.00172292	0.000170332	6.839508
22.5641	0.000894178	0.000132436	15.458710
9.57719	0.00141844	0.000167536	12.751665
13.4522	0.00147538	0.000147676	7.202808
7.61697	0.00108802	0.000151544	7.955072
24.9145	0.00133077	0.000192391	10.171887
19.4017	0.00113602	0.000192155	3.798157
20.3892	0.000950605	0.000231823	10.044592
17.7126	0.00178274	0.000131109	2.583308
17.0305	0.000660045	0.000251547	6.575767
21.3705	0.00076693	0.000215306	18.807335
17.5766	0.00172228	0.000257092	2.644258
24.2965	0.000955181	0.000157749	8.209006
15.1633	0.000649353	0.000150063	24.975592
20.1997	0.000766456	0.00014024	26.674484
14.4394	0.0016612	0.000258832	6.821931
14.4021	0.00145026	0.000182871	10.489949
20.1666	0.00140033	0.000143537	3.310962
22.0318	0.000704093	0.000233778	22.266130
13.3964	0.00096917	0.000218099	17.767498
19.5417	0.000796157	0.000248072	14.315257
21.0109	0.0013872	0.000168778	14.862407
17.791	0.00145089	0.000182817	9.711058
16.3729	0.000979787	0.000227465	13.101286
23.8071	0.000682633	0.000141994	23.922705
20.6961	0.00100548	0.000163731	4.397232
23.0463	0.000916469	0.000135621	7.640301
22.4234	0.00153728	0.000148234	15.247691
10.7236	0.000738751	0.000247098	5.391095
12.7716	0.00175988	0.000209565	7.852813
10.4422	0.00173986	0.000214864	10.267591
17.8834	0.00162911	0.000228172	6.780417
12.4148	0.00127546	0.000250054	5.741798
14.9467	0.00085877	0.000163745	7.063001
22.6548	0.00141311	0.000259839	4.354428
14.4248	0.00181893	0.000193198	7.811232
11.3285	0.00160967	0.00014766	11.146328
23.0079	0.000813442	0.000201759	19.528345
15.7332	0.00163051	0.000259887	2.290257
18.798	0.0014658	0.000224542	7.334245
17.6458	0.00198244	0.000226121	8.013046
22.9477	0.00138242	0.000154872	8.530092
8.54986	0.00197405	0.000150558	15.622043
19.608	0.00189645	0.000233901	5.709457
21.2388	0.00190026	0.00024478	3.631952
9.29159	0.00195272	0.000191378	8.396552
17.885	0.00098165	0.000144669	18.711157
13.2708	0.00168319	0.000158531	6.514682
23.5032	0.000661323	0.000208299	18.181973
15.2605	0.0013966	0.0001986	3.381781
16.414	0.000856395	0.000188706	27.181946
16.3042	0.00112929	0.000242724	8.878294
14.1412	0.00111484	0.000241097	10.926823
18.0513	0.00180304	0.000205668	2.705528
16.6248	0.00156881	0.000243671	5.015695
11.1803	0.000742723	0.000214749	6.628668
12.833	0.0011322	0.000254796	12.374531
24.6815	0.00114369	0.000164963	7.000898
14.335	0.000891427	0.000196819	19.914877
12.0572	0.00148428	0.000214643	8.857576
12.6786	0.00161659	0.000138849	7.731870
21.8032	0.00186339	0.000132147	4.833165
17.2723	0.00122253	0.000211385	5.330060
13.2725	0.00170788	0.000134131	12.231703
24.7535	0.00194259	0.000156851	2.382684
16.837	0.00159368	0.000158201	5.086536
23.3642	0.00164777	0.000174181	2.606354
19.1029	0.00175522	0.000248325	2.401801
11.0999	0.00188028	0.000142581	18.411465
15.5603	0.0010955	0.000159397	23.902109
13.3666	0.00194702	0.000254999	4.333463
14.1258	0.00155973	0.000217487	5.259925
13.4075	0.00104738	0.00020193	15.232569
21.6888	0.00142845	0.000150087	10.343260
10.3294	0.00104811	0.000160147	21.407434
12.341	0.00167746	0.000163696	6.408956
12.6926	0.00115894	0.000251427	8.858151
23.2302	0.00193217	0.000226286	2.876095
23.0288	0.000700583	0.000176597	6.025571
14.0333	0.00178551	0.000238906	7.152273
10.7061	0.000995384	0.000143873	21.316916
8.26601	0.00117907	0.000178381	25.968454
16.8326	0.00164391	0.000209065	9.793427
17.0049	0.000730827	0.000203861	15.845976
15.4061	0.00109963	0.000244725	10.080091
19.1905	0.000615919	0.000166106	12.877632
20.5	0.00148468	0.000206014	9.160650
12.5095	0.00126413	0.000211439	14.659909
21.2504	0.000704907	0.000148479	20.543575
15.2899	0.00153587	0.000233105	6.545206
21.0064	0.000677521	0.0001757	30.052784
21.9182	0.0017358	0.000132478	7.340224
13.5798	0.00162745	0.000211795	12.343511
15.7755	0.00175085	0.000205762	7.108560
16.9766	0.00105944	0.000242888	7.280770
17.8272	0.00167849	0.000176598	2.329181
15.8757	0.00150415	0.000171993	2.818520
17.2616	0.00166587	0.000187283	6.503306
13.0157	0.00198725	0.00013391	6.923716
20.8568	0.00187432	0.000140519	1.048079
21.2692	0.00156343	0.000160817	25.331951
11.8785	0.00103235	0.000219464	12.969151
12.0091	0.000640428	0.000158383	13.819867
12.4844	0.000630501	0.000208095	14.170073
10.0844	0.000849833	0.000131465	30.701946
13.1458	0.00173012	0.000208851	4.691399
12.7903	0.00184284	0.00016552	3.768409
14.157	0.000941255	0.000172083	14.824408
10.8049	0.000856945	0.000159609	20.367432
21.0129	0.00177154	0.000223632	5.198143
13.8371	0.00191003	0.000190827	8.297690
13.6299	0.00167682	0.000156295	8.881998
20.3007	0.000809221	0.000168308	19.956091
13.8699	0.00152244	0.000201897	3.184811
23.4757	0.00112625	0.000220862	6.263349
19.5503	0.0013341	0.000217342	2.347166
23.2608	0.00188186	0.000183224	5.950929
14.4237	0.00190015	0.00024469	5.879037
21.753	0.000694521	0.000244226	18.825439
13.5505	0.00120133	0.00023806	14.330214
19.3651	0.00140019	0.000167417	6.136798
19.5995	0.000608782	0.000141081	18.725607
17.5553	0.000733513	0.000257061	13.741264
19.9367	0.000722839	0.000155945	23.339449
10.1172	0.00140385	0.000166167	11.557353
21.8685	0.000660345	0.000214237	17.206074
16.1346	0.00127958	0.000241869	3.600801
20.9641	0.000955741	0.000224724	3.930017
13.8521	0.00188482	0.000237934	4.697501
18.8529	0.00149135	0.000177395	3.806244
19.1454	0.00176709	0.000196095	2.132228
14.3705	0.00138001	0.000200626	7.820678
24.1168	0.00153245	0.000208122	10.170062
18.788	0.000823906	0.000226648	11.625601
23.5902	0.00175057	0.00013118	5.023127
21.9518	0.00150527	0.000170251	2.492718
19.6117	0.00147579	0.000156762	2.769441
14.8019	0.00158274	0.000252319	4.082186
18.8192	0.00183134	0.000172836	6.522491
23.8384	0.0015901	0.000239979	4.394825
20.2188	0.00198203	0.000205965	6.400195
18.3395	0.000702772	0.000206751	14.022041
19.2352	0.00107115	0.000175217	5.336425
17.982	0.00121279	0.000193437	4.072617
12.2714	0.000877691	0.000193881	17.233629
20.3218	0.000947629	0.000181906	8.811479
8.571	0.0016365	0.000185326	18.237122
24.7674	0.00139928	0.000219427	7.193449
16.5772	0.00178141	0.000231106	8.297739
7.98323	0.00178313	0.000252367	8.322141
23.1839	0.00067118	0.000227006	14.837962
14.1459	0.00143028	0.000221647	7.780663
15.1245	0.00181959	0.000237794	2.200972
19.2089	0.00196577	0.000169266	3.071572
23.9657	0.00142943	0.000191892	8.798139
21.4759	0.00103157	0.000253837	9.508522
16.9854	0.00155551	0.000224617	9.135788
24.9133	0.000793396	0.000207665	6.528021
20.4676	0.000650131	0.00021316	8.989734
21.0522	0.00162324	0.00024858	2.826784
15.2714	0.00114535	0.000166689	18.456585
22.3326	0.00157378	0.000184642	6.125693
22.9447	0.000764431	0.000246849	10.935392
7.78542	0.000719274	0.000242685	10.106825
13.227	0.000867525	0.000195164	14.031992
19.3381	0.00198547	0.000202245	5.910703
23.1473	0.00182495	0.000183258	1.813852
14.1523	0.000996961	0.000195137	9.614993
15.3828	0.000874761	0.000203152	17.587196
12.6552	0.00161943	0.000191007	8.084678
12.5839	0.00114602	0.00024102	8.101082
20.0101	0.00183039	0.000238418	8.905578
13.5849	0.00155959	0.00025885	3.616553
15.5015	0.00197503	0.000180841	2.835431
18.5517	0.00128446	0.000232494	6.437665
20.8411	0.00175311	0.000209121	2.075463
14.7982	0.00173774	0.000194779	4.711761
21.3137	0.000661337	0.000200638	8.199507
19.3754	0.000984683	0.000195444	14.418566
14.279	0.00102721	0.000210802	10.757379
15.9199	0.000702295	0.000241754	9.484620
19.4042	0.00165569	0.000142207	3.693367
23.5597	0.0014644	0.000247417	10.867398
20.6372	0.00168876	0.000184092	8.062390
17.195	0.00174274	0.000248785	2.061647
19.0693	0.000874036	0.000227919	16.762812
23.0547	0.00142887	0.000143696	8.999665
21.2123	0.00078684	0.000243068	19.921005
20.1685	0.000672061	0.000194426	9.677985
20.2715	0.00178568	0.000184003	1.979005
11.4533	0.00122991	0.00023578	10.600987
21.8017	0.00185203	0.000174064	2.274380
13.6494	0.00155647	0.000238833	7.038845
23.4834	0.000800127	0.000192338	11.848280
13.8391	0.00105129	0.000131599	13.330203
11.4313	0.00108422	0.000246151	8.617955
16.351	0.00116491	0.000253859	8.506086
21.4469	0.000832538	0.000216398	11.369662
23.0731	0.00194646	0.000190236	4.286529
22.4048	0.00138798	0.000168293	2.334378
24.3318	0.00138274	0.000186375	7.726110
21.9922	0.000989005	0.000178141	9.322864
16.7886	0.00126704	0.000200869	1.084506
12.8052	0.00137486	0.000148131	8.112669
13.5997	0.00126727	0.000239909	9.249338
16.4866	0.00179009	0.000254191	3.042778
17.6891	0.00175895	0.000169416	1.654289
17.1033	0.00147016	0.000195623	5.497272
14.0736	0.00063957	0.000178776	7.176174
11.2267	0.00186908	0.000226242	9.036942
14.524	0.000897662	0.000160879	14.794515
17.166	0.00097548	0.000237278	9.676725
19.2088	0.00150511	0.000259174	4.302262
17.0253	0.00162725	0.000193314	3.112525
23.2494	0.00191963	0.000243065	2.187053
20.6222	0.00179685	0.000231081	5.431363
22.0111	0.00157611	0.000205443	13.836761
24.5195	0.00139931	0.00023726	14.644267
22.2147	0.00101907	0.000157721	12.709784
7.64808	0.00197481	0.000241958	6.118733
19.5493	0.000830444	0.000169591	13.658628
19.1826	0.00184431	0.000205239	1.188884
18.9352	0.00159384	0.000241757	1.582597
18.1829	0.00113906	0.000244676	6.086993
14.9269	0.000740953	0.000189741	18.803753
16.2678	0.00166216	0.00018675	9.100118
14.2572	0.00189634	0.000214806	5.179624
20.1837	0.00149655	0.000232459	13.842499
20.4143	0.00126488	0.000252054	12.833911
24.69	0.00184978	0.000220886	3.183589
20.5988	0.000689213	0.000186587	23.610626
14.3545	0.000863893	0.000130933	13.301979
20.2105	0.00132226	0.000175212	7.498672
9.53235	0.00189362	0.000134386	7.744891
10.4153	0.00197543	0.000204491	7.302975
24.7722	0.00144878	0.000161862	1.728562
22.8604	0.00160003	0.000223515	6.162781
10.6124	0.00142794	0.000221215	10.831532
23.6304	0.00139919	0.000229674	2.046146
14.3997	0.001246	0.000169685	13.156555
24.1979	0.0006844	0.000169172	24.693537
24.6134	0.00146981	0.0002515	5.400170
12.6816	0.00194038	0.000130107	6.445193
21.9153	0.00151865	0.0002273	4.174357
13.8883	0.00154616	0.000205748	2.365394
20.6048	0.000705461	0.000170647	16.406605
22.406	0.00161025	0.000168344	21.654348
13.951	0.00187095	0.000146449	2.092759
16.5474	0.000784598	0.000200465	14.625814
14.7933	0.00121794	0.000153545	7.995062
20.8851	0.00198575	0.000185464	7.879972
22.4719	0.00111389	0.000209886	5.421200
17.9319	0.00144785	0.000259926	4.219062
16.4759	0.00173912	0.000233448	7.112634
17.5491	0.00123092	0.000130417	12.072874
24.0334	0.00173044	0.000131301	1.283158
20.431	0.000707971	0.000159006	17.937490
16.8399	0.00182164	0.000132909	8.210731
23.7207	0.00198264	0.000162561	2.388293
18.0366	0.00158928	0.000164757	3.413746
15.8672	0.00135508	0.000144623	9.295705
10.9622	0.00107042	0.000134353	25.256363
14.8114	0.000675051	0.000171663	5.653370
16.6564	0.000894626	0.000139314	35.038765
18.7027	0.000879534	0.000198901	17.468990
12.6506	0.000989224	0.000236392	13.037135
15.0448	0.00199927	0.000163118	18.627146
14.5477	0.00134965	0.00019291	8.726046
13.4606	0.00175758	0.000177716	4.605702
11.2659	0.00095775	0.000228437	17.712980
22.261	0.0017471	0.000225967	0.899196
14.5427	0.00173417	0.000228357	3.254762
24.522	0.00143374	0.000135263	2.716945
19.9643	0.000919691	0.000235378	10.105339
16.1416	0.000694838	0.000201103	8.336522
21.3194	0.000657834	0.000156852	32.514046
15.5919	0.00134987	0.000147329	4.456365
15.3419	0.00175719	0.000231234	6.842400
13.4282	0.00119858	0.000132009	17.773388
24.9852	0.00188536	0.000183814	2.868816
10.1359	0.00110541	0.000176296	7.646667
15.1337	0.00176436	0.000152579	6.217275
17.4177	0.00121379	0.000217116	9.050360
16.8413	0.00182852	0.000152492	1.964653
13.1249	0.00115371	0.000259867	5.565460
18.5031	0.00152876	0.000223952	6.383986
15.9846	0.000682322	0.000165455	19.076635
17.7218	0.00069393	0.000144777	17.394880
13.7823	0.00176304	0.000183981	4.748213
23.6728	0.00191574	0.000223768	1.775130
24.8032	0.00101132	0.000181035	6.942477
15.6546	0.00186235	0.000202593	4.204735
22.4561	0.000647788	0.00018548	20.813313
12.8729	0.00115385	0.000149519	18.553791
24.4092	0.00186451	0.000130456	2.783267
14.559	0.00104483	0.000209624	6.563952
21.3469	0.000805519	0.000171651	17.294819
8.02965	0.00147631	0.000178568	17.913029
15.8289	0.00142517	0.000231903	9.256498
12.0502	0.00163677	0.000134642	9.247511
15.9319	0.00120284	0.000247559	5.149596
8.69148	0.00118401	0.00025691	16.405018
15.3697	0.00131776	0.000247513	5.729835
20.6128	0.00177527	0.000159543	2.863126
15.8354	0.00105277	0.000240511	5.241492
18.5668	0.00138126	0.000251585	3.011372
18.8102	0.000732593	0.000241958	17.560411
22.4832	0.00107625	0.000140631	7.259083
17.9501	0.00192255	0.000188477	4.966834
16.4822	0.00154979	0.000200273	5.540066
17.4881	0.000831508	0.000160314	17.570850
8.46281	0.0017749	0.00018367	17.110939
15.9945	0.000760866	0.000182857	20.750706
20.8522	0.000808497	0.000231735	5.553009
15.8706	0.00189292	0.00017655	7.541468
20.7848	0.0012316	0.000212788	2.730261
15.2175	0.00156687	0.000136266	11.069674
24.3464	0.000820959	0.000239013	8.419867
14.0529	0.000855686	0.000209553	19.883083
23.4294	0.000796354	0.000137762	21.508955
15.7025	0.00148227	0.000215801	3.098160
20.2995	0.00105191	0.000246151	8.836837
12.2193	0.00170569	0.000180975	6.110768
18.2174	0.0011821	0.000212114	6.548341
17.3298	0.00118889	0.000189161	17.419216
14.9629	0.000935474	0.000222901	7.743725
13.6831	0.000834188	0.000156537	16.062263
18.7529	0.00174792	0.000243248	2.409216
23.0976	0.00134224	0.000157557	2.349012
14.4177	0.00117919	0.000180865	12.824346
23.0138	0.0014883	0.000172091	6.317431
16.3386	0.00104498	0.0001381	20.661007
12.932	0.00107056	0.000256381	6.862357
24.1383	0.000788764	0.000252791	6.590161
15.3762	0.000924031	0.000215047	12.975314
12.6328	0.000649611	0.000245883	17.252508
22.1241	0.00164179	0.000172469	7.433088
15.1919	0.00180024	0.000227001	8.660140
23.1758	0.00118999	0.000206471	6.982707
13.9785	0.00076151	0.000257566	10.991830
15.7621	0.00168695	0.000247116	4.234396
23.9922	0.00100621	0.000231488	5.828822
10.0098	0.00147444	0.000229548	8.934794
22.182	0.000631339	0.000248387	15.352699
10.1968	0.00134196	0.000163751	18.069569
14.8478	0.00131987	0.000240928	8.866324
23.9925	0.000740067	0.000213387	9.661879
21.5703	0.00131772	0.000169378	8.803672
10.4389	0.00150137	0.000225136	9.687138
16.0958	0.00189577	0.000153829	2.642579
11.4999	0.000668759	0.000243365	8.425673
22.3705	0.00193041	0.000191173	1.935891
15.2122	0.00103549	0.000165159	25.751499
17.1767	0.00147594	0.000130782	4.239269
20.5702	0.00155605	0.000192556	5.509968
18.8275	0.000723082	0.000156203	20.737301
19.7227	0.00185364	0.000173852	6.061945
9.71607	0.000730011	0.000258434	12.693777
24.0972	0.00174248	0.000187622	5.295197
13.2486	0.000715336	0.000246443	23.875271
15.1302	0.00142342	0.00014884	6.071309
13.3022	0.00178222	0.000210558	3.623509
22.8259	0.00146246	0.00014748	2.097079
16.9463	0.000605994	0.000230277	11.927857
22.5583	0.00176951	0.000166287	5.218176
13.2968	0.00148314	0.000257384	4.638332
19.7727	0.00187191	0.000161291	1.653910
23.7091	0.00122659	0.000212739	2.458030
18.5823	0.00126938	0.000163324	1.129589
12.3336	0.00190545	0.000169727	7.550754
19.7358	0.00194684	0.000256669	2.171638
9.38639	0.000726652	0.000190597	13.983920
13.3021	0.00113834	0.000199432	6.848022
18.1776	0.000686313	0.00019752	10.083244
23.2091	0.00155797	0.000164423	2.911286
22.4209	0.00100841	0.000170051	2.748913
9.47378	0.00173252	0.000225199	18.384094
24.1061	0.00138055	0.00014599	1.153424
23.9329	0.00127051	0.000182615	6.946519
21.0723	0.00184542	0.000236131	3.178269
23.823	0.0011049	0.000244239	3.261306
15.9318	0.00184498	0.000218267	2.946019
24.5445	0.00198383	0.000248745	2.949165
14.491	0.000727374	0.00025687	10.382338
16.7415	0.00166827	0.000172938	2.658386
17.718	0.00155688	0.000188091	2.725281
21.1509	0.000600104	0.000165207	34.821354
9.04809	0.00119014	0.000252751	6.376610
11.9572	0.00107671	0.000165146	9.414015
13.7964	0.000786083	0.000224359	9.166969
16.6379	0.00150055	0.000183508	6.615075
21.2775	0.00137011	0.000223022	3.788209
12.7424	0.00116759	0.000200213	22.191061
16.0481	0.00180426	0.000241657	9.726889
9.55766	0.00150496	0.000133891	13.398279
14.2491	0.00173422	0.000216233	6.166514
20.5837	0.00082822	0.000254346	8.034807
24.3816	0.00184789	0.000213711	3.095445
12.825	0.000621852	0.000166271	10.363308
11.7718	0.00152814	0.000189026	17.310007
22.8638	0.00122018	0.000239161	2.391826
20.0749	0.00128726	0.000193086	4.177089
13.3454	0.0010701	0.000229267	10.008993
24.6274	0.00150726	0.00024924	8.184717
10.5474	0.00189812	0.000187509	8.680642
13.52	0.000973084	0.000193266	4.037292
19.1458	0.00156551	0.000252856	12.934787
9.26146	0.00126421	0.000211769	13.595245
12.9327	0.000873205	0.00025054	10.000200
14.1899	0.00122412	0.000162647	10.367033
18.8635	0.000600366	0.000227627	12.270025
14.3969	0.00117618	0.000195981	19.803806
18.9006	0.000772439	0.00022875	7.968573
14.968	0.000960927	0.000202622	21.884878
12.6601	0.00130287	0.000234083	10.440884
15.3116	0.00199639	0.000130024	9.736261
22.0423	0.00104483	0.000249575	5.725434
12.211	0.00142343	0.000199835	4.227353
21.8948	0.00181223	0.000255449	2.307627
10.1136	0.00066205	0.000141168	12.847563
8.1309	0.00180064	0.000141447	10.805937
13.6864	0.00144258	0.000176778	8.298987
14.1479	0.00111555	0.000195642	12.346894
13.6221	0.00104464	0.000149244	5.962829
23.5034	0.00169619	0.000177925	1.900071
23.3054	0.00159497	0.000228378	2.421297
13.1416	0.00124543	0.000216221	13.587448
22.5665	0.000670089	0.000153651	27.597122
24.714	0.000675063	0.000186619	26.310049
21.9657	0.00173503	0.000165715	5.861213
22.9931	0.00118026	0.000157849	6.215334
9.58765	0.000864121	0.000199638	8.698193
23.3041	0.00154264	0.000251853	1.781051
16.2742	0.000983142	0.000195264	11.054224
22.4228	0.00107157	0.000151019	8.646315
14.6221	0.00067934	0.000202868	8.354553
17.8082	0.00154303	0.000214679	1.833183
18.2409	0.00194089	0.000139634	6.749884
11.119	0.000687248	0.000157887	23.359772
19.8922	0.00105566	0.000208261	8.278239
15.1042	0.00142803	0.00017609	5.416339
19.8171	0.000919627	0.000130027	27.633875
9.74009	0.00120787	0.000138047	13.068176
13.5606	0.00122081	0.000143762	29.976156
19.7143	0.00152071	0.000247265	8.415071
8.6848	0.00116082	0.000161247	25.048260
11.565	0.00106844	0.000154032	21.031963
24.6624	0.00085843	0.000187178	6.306466
12.6961	0.00178659	0.000228892	4.122967
24.9442	0.000677611	0.00013435	41.648533
20.4669	0.00142279	0.000168275	5.573798
18.248	0.00069661	0.00016082	17.768366
13.6302	0.000984901	0.000195202	12.604195
12.6626	0.00184237	0.000212188	7.188346
16.0745	0.000616655	0.000187809	3.403247
15.0586	0.00150924	0.000147861	5.251903
24.509	0.00126751	0.000229128	3.758340
22.0895	0.00118601	0.000221627	7.575701
24.3726	0.000740548	0.0002356	8.150085
20.6744	0.00197649	0.000199263	4.615968
20.8221	0.00136211	0.000215409	8.808783
19.7363	0.00118805	0.000133599	8.010674
10.7376	0.00121224	0.000207732	9.282039
14.6365	0.000745914	0.000249211	14.047739
10.5936	0.00130047	0.000174066	16.692202
19.6631	0.00151115	0.000192683	2.660970
24.7349	0.00127016	0.00021078	13.245428
10.7053	0.00131119	0.000156293	9.322747
20.7196	0.00149132	0.000257598	7.267875
15.0824	0.000703201	0.000148487	10.186057
18.5049	0.00116441	0.000236379	4.464237
14.4357	0.00161583	0.000208778	4.531482
9.33637	0.0010377	0.000169008	12.645678
15.6668	0.00100583	0.000229406	16.738001
16.0905	0.000981061	0.000174476	13.641759
12.0942	0.000881622	0.000256581	15.375302
21.6418	0.00150979	0.000253494	2.597511
11.835	0.00102415	0.000219885	18.897751
20.686	0.00104407	0.00013076	6.283186
7.75092	0.00113673	0.000175886	17.093609
20.0533	0.00190833	0.000203334	1.385581
18.3674	0.00107438	0.000175962	10.645531
13.0796	0.000939127	0.000198173	7.042104
16.3254	0.00074546	0.000146948	24.808714
15.4593	0.00106512	0.000137899	26.859222
14.8762	0.00103871	0.000256087	9.849408
8.99187	0.00152271	0.00017456	9.096369
14.5105	0.00159763	0.000166717	4.433138
22.5558	0.00110573	0.000136886	6.759311
15.3258	0.000942368	0.000211793	14.440742
22.9702	0.000618051	0.000132961	26.241409
22.5788	0.00100739	0.00015286	15.798360
21.8003	0.000928849	0.000246938	9.428697
12.4294	0.00128298	0.000139287	10.313795
14.7573	0.00133484	0.000221589	4.931066
10.9635	0.00185866	0.000184529	7.171680
18.541	0.00123064	0.000249912	3.441334
24.5628	0.00075598	0.00022583	15.228541
21.4416	0.00170124	0.000157916	3.511916
14.0966	0.000656164	0.000145317	7.175879
22.4665	0.00173332	0.000171429	5.676403
17.9764	0.001838	0.000245666	6.243535
18.803	0.000736625	0.000188744	11.912188
14.5143	0.00121532	0.000181508	13.492353
16.651	0.0015162	0.000142892	2.982585
14.1387	0.000830831	0.000193436	19.479517
14.0102	0.00099436	0.000166143	21.435734
23.4463	0.00069262	0.000225742	14.537645
14.3505	0.00064858	0.000226772	14.576559
22.6546	0.00169172	0.000141775	3.303242
13.1955	0.00163711	0.000165709	10.242162
22.3657	0.000766546	0.000243834	11.462959
16.4423	0.00125303	0.00024007	5.208108
12.7563	0.00163801	0.000139673	8.107801
14.3615	0.00193164	0.000202251	2.154604
7.7991	0.0010015	0.00018286	14.536695
20.7854	0.000742616	0.000257577	16.206907
18.701	0.000619551	0.00022612	17.709034
24.2276	0.00170662	0.000231207	3.797278
13.7321	0.00171754	0.000165962	7.679089
18.7489	0.00151344	0.000178528	8.848741
7.60191	0.00113738	0.000150195	28.083933
13.7535	0.000880485	0.000159513	27.700632
21.7168	0.00186459	0.000171403	3.399665
22.4221	0.000767899	0.000232332	13.386147
21.5567	0.00197022	0.000165788	4.636759
18.3246	0.00123287	0.000248234	2.399017
18.2436	0.00176757	0.000246272	0.836352
19.6642	0.00162306	0.000135965	9.619436
8.35527	0.000874138	0.000220606	8.897403
15.0291	0.00193592	0.000228633	5.311063
24.9333	0.00111535	0.000189997	8.131662
21.9368	0.00148863	0.000242107	1.850472
14.156	0.0010624	0.000254135	11.040438
12.9699	0.000746039	0.000220225	6.577200
19.9647	0.00071443	0.000154888	15.249727
9.03589	0.00189007	0.000177859	11.414801
22.7326	0.00131322	0.000247407	11.412428
20.6764	0.00187718	0.000177343	2.027133
7.98964	0.000865351	0.000194656	12.363159
8.68827	0.00115389	0.000213492	19.208494
13.8165	0.000901904	0.000190709	26.330938
12.7267	0.00171022	0.000195338	9.390226
21.9147	0.00112032	0.00021909	9.322042
17.6148	0.00143923	0.000241769	8.140337
18.7841	0.00099242	0.000141931	18.737377
23.5572	0.00138179	0.000139455	13.559557
11.0748	0.00184018	0.000214491	7.101851
15.5361	0.00192265	0.000228672	4.484787
16.8123	0.0012852	0.000213562	5.192827
19.3443	0.0011439	0.000243088	6.400975
10.8414	0.000897545	0.000258759	10.252439
18.0522	0.00138006	0.000200855	2.596430
22.2943	0.000860379	0.000174589	14.043631
15.2721	0.00166398	0.000164665	6.358088
21.5705	0.0006325	0.000130344	15.196121
19.0673	0.000614402	0.00017482	18.294140
18.4689	0.00124521	0.000211005	4.815553
12.9126	0.00156979	0.000235085	5.279264
11.8252	0.00071543	0.000253711	13.420802
10.1524	0.00129629	0.00018668	18.069447
23.5691	0.00149248	0.000248636	6.639575
14.563	0.00191115	0.000209894	1.964349
18.4246	0.00114413	0.000167679	2.601204
12.6505	0.00067763	0.000199568	18.913425
24.9649	0.0018471	0.000191285	1.852830
17.9887	0.00198433	0.00015411	8.244613
24.0724	0.00129357	0.000188144	2.086176
24.6549	0.000938103	0.000191258	5.516036
15.2225	0.000934313	0.00025057	6.886712
19.6779	0.000865536	0.000241911	10.642954
14.2622	0.00120786	0.000210246	9.602352
17.8207	0.000922289	0.000158271	18.072094
21.9055	0.000671046	0.000254243	11.914838
17.9252	0.00119574	0.000193354	5.475704
24.2501	0.00122373	0.00025518	6.800485
24.2413	0.00121585	0.000249238	2.896895
21.5393	0.00151828	0.000162744	3.949592
24.398	0.000767551	0.000167812	11.117529
14.4858	0.000894528	0.000239161	7.175473
20.8664	0.00126556	0.000151781	2.533082
9.33521	0.0018439	0.000191398	10.107574
10.0688	0.00159242	0.00025955	6.599149
21.2776	0.000734345	0.000237022	12.327427
20.1043	0.00148543	0.000210273	2.755317
18.6747	0.000801347	0.00020562	18.628231
17.6004	0.00105245	0.000132372	20.596415
17.6344	0.000860647	0.000256692	5.906079
8.3881	0.00173457	0.000181988	19.856182
17.8773	0.000736082	0.000173086	20.667561
13.3079	0.00166496	0.000224185	10.498442
11.3303	0.00147974	0.000210409	5.740486
23.0406	0.00183048	0.00021409	9.730201
24.1196	0.00198393	0.000171672	3.127419
20.5324	0.000654758	0.000242663	17.673641
15.3003	0.000919639	0.000221328	9.180593
11.2811	0.000699014	0.000177367	13.338147
13.5338	0.000640336	0.000242627	10.756105
14.1261	0.00154348	0.000217015	9.600097
8.86497	0.00196231	0.000233528	10.204287
23.1432	0.000777303	0.000253056	10.082887
12.5662	0.000661768	0.000160915	7.670920
15.7499	0.000712045	0.000238849	13.602568
12.7571	0.00188145	0.000253561	2.439557
16.6603	0.00108468	0.000217888	7.361707
18.403	0.00151383	0.000172242	4.376403
13.2764	0.00158091	0.000227066	6.731894
23.8459	0.00194929	0.000246527	4.931421
17.9005	0.00199725	0.000253099	5.137174
13.4972	0.00142547	0.000223029	5.800185
24.9618	0.000755605	0.000133113	14.709636
13.8211	0.00124672	0.000153076	20.056017
16.8956	0.00167409	0.000187761	6.220385
18.7568	0.00070526	0.000250931	16.564240
21.1725	0.00106367	0.000234027	1.674765
19.8564	0.00143158	0.000251084	10.624465
21.9512	0.000692586	0.000208733	28.217937
9.39764	0.00121056	0.000245244	5.124593
12.7464	0.00187322	0.000137585	5.492193
23.3348	0.00141126	0.000172404	8.790389
17.9987	0.000862998	0.000249654	10.535743
21.3372	0.00123435	0.000259977	3.986396
18.3676	0.00108481	0.000191845	12.149328
24.9091	0.00161741	0.000237769	6.126144
22.3097	0.00153504	0.000253431	2.115865
8.35184	0.000780264	0.000225646	9.266771
23.9389	0.00156833	0.000141123	6.248027
20.4236	0.00174172	0.000201495	1.490406
24.4577	0.00170965	0.000221585	2.678506
20.7843	0.000728633	0.000132823	30.771250
9.18132	0.00138468	0.000216327	7.881469
14.3839	0.00132679	0.00017738	6.634656
17.6762	0.000838076	0.000197785	6.768683
13.992	0.0012781	0.000178446	21.819731
14.904	0.00131256	0.000172033	12.063192
19.5909	0.00157733	0.000181765	3.963076
13.7709	0.00132604	0.000186221	11.057790
12.8765	0.000765079	0.000223105	13.530698
22.1719	0.000932026	0.000177716	7.168321
21.3101	0.00158464	0.000203254	2.206892
7.64847	0.00118939	0.00020358	15.666804
21.8866	0.00125926	0.000219764	4.025499
23.6677	0.000773509	0.000216543	11.622263
7.74073	0.00102234	0.000162671	14.147247
15.6291	0.00139359	0.000257872	3.449616
12.6183	0.000854205	0.000140806	25.308510
12.614	0.0015169	0.000143003	20.473228
22.8692	0.000645805	0.000250593	16.004929
17.7782	0.000976962	0.000248601	10.405386
23.109	0.00178758	0.000204422	8.404855
13.3822	0.000637081	0.000242527	11.253059
13.8176	0.00168039	0.000148054	8.135089
13.9695	0.000805177	0.000179435	23.748865
11.3042	0.000718312	0.00016647	25.101360
24.0957	0.00125767	0.000234029	9.725550
12.6528	0.000915582	0.000151044	30.055246
24.564	0.00184327	0.000219815	2.094873
21.8383	0.00166793	0.000217119	7.950219
14.7622	0.000864723	0.000132128	20.815985
17.9431	0.000658318	0.000158044	12.950735
14.4772	0.000651297	0.00023667	13.195890
23.3799	0.00138848	0.000165191	8.712580
13.6314	0.00141539	0.000163844	6.684765
8.509	0.0019176	0.000210923	16.571075
21.8133	0.0018703	0.000184533	3.600488
13.0182	0.00110592	0.000215398	12.240251
17.1297	0.000857676	0.000256835	15.541824
21.7701	0.00150745	0.000168768	2.063773
15.9966	0.000705258	0.00024964	12.019659
14.0182	0.00163379	0.000168634	9.444853
17.6922	0.00116136	0.000177728	8.360219
19.9167	0.00193583	0.000197268	2.464858
14.8186	0.000907512	0.000251553	8.492083
21.498	0.000630693	0.000218594	15.584391
19.1148	0.00079109	0.00017899	28.191843
7.89186	0.00088449	0.000224484	5.601703
13.273	0.00109738	0.000242656	10.311068
23.4089	0.0013287	0.000204595	1.719120
12.744	0.00113479	0.00017376	15.330650
17.0743	0.000823184	0.000177237	10.732776
23.7998	0.0013036	0.00019152	2.962480
24.3481	0.000681545	0.000145014	35.616962
18.9639	0.00165192	0.000214259	2.417077
13.4065	0.00111673	0.000147879	13.613421
20.083	0.000967145	0.000249434	9.390390
7.69965	0.00120381	0.000181679	16.427078
16.8984	0.000636558	0.000172515	8.595685
13.5548	0.00168733	0.000208829	4.283296
17.6738	0.000905848	0.000204483	13.790654
15.899	0.00175391	0.00016226	4.633053
24.2609	0.00183176	0.000205895	1.853832
12.7166	0.00177309	0.000221147	2.311981
14.0724	0.00175343	0.000187023	3.709526
20.9571	0.00122719	0.000172118	5.458117
20.2755	0.00115085	0.00025152	5.546740
21.8382	0.00113906	0.000212945	3.728139
14.7785	0.00181569	0.000217907	5.887886
18.4014	0.000683767	0.000169811	24.913101
15.3823	0.000842953	0.000215757	11.157546
10.3589	0.00178054	0.000208876	7.849668
18.9596	0.00140221	0.000221124	5.133684
23.3645	0.00187643	0.000177606	5.846239
9.53861	0.00160871	0.000197963	22.640606
14.9148	0.00144271	0.000135799	11.380454
20.27	0.00140953	0.000195639	7.641319
14.9649	0.000699518	0.000132032	14.026171
21.0575	0.00182779	0.000241336	11.557807
22.4003	0.00169717	0.000175995	2.464919
21.1219	0.000772189	0.000220332	14.955141
21.9368	0.00149252	0.000200934	2.287816
12.8123	0.000804231	0.000253923	9.307624
22.537	0.00087003	0.000148292	15.860441
12.7692	0.000696998	0.000157195	10.678429
14.1048	0.00190874	0.000157148	9.494320
21.5376	0.00107269	0.00013404	7.431683
19.2154	0.00185122	0.000244789	2.628520
13.3745	0.0018186	0.000259284	5.682524
11.0468	0.000759245	0.00023648	15.334140
18.3176	0.00107002	0.000214779	6.344821
20.4726	0.00147109	0.000145323	4.034669
17.884	0.00137169	0.000257927	3.181312
16.0142	0.000742569	0.000193093	10.915952
21.8312	0.000765349	0.000235736	11.992981
14.6916	0.0013278	0.000223868	10.958246
10.4545	0.00151744	0.000167957	8.486606
12.4019	0.00143464	0.000194859	15.639875
22.0182	0.00116114	0.000170214	7.120049
13.2396	0.00140799	0.000246367	4.473348
13.785	0.00102263	0.000156743	24.743425
17.0989	0.00180434	0.000178236	10.435957
23.8354	0.000891959	0.000161452	7.587922
22.8663	0.00104338	0.000206903	7.750377
7.98836	0.000860146	0.000239044	9.709514
16.1577	0.00104605	0.000165988	16.681643
7.78285	0.00195851	0.000214067	12.420230
21.6632	0.000640976	0.000131493	31.402554
22.5473	0.00147309	0.000171838	2.915076
18.214	0.00174206	0.000203085	9.226024
14.5222	0.00168233	0.000257741	2.269861
9.14298	0.00103122	0.000191403	17.764170
8.82302	0.00100341	0.000213175	14.151273
20.7457	0.00109184	0.00014014	4.927426
13.9232	0.000920574	0.000168955	24.944614
10.2216	0.00171092	0.000196591	7.540971
24.2806	0.00178938	0.000168249	6.348104
13.6917	0.000671015	0.000233873	8.931651
10.0228	0.0017277	0.000186539	13.651094
15.6556	0.000723785	0.000178178	13.552028
16.0328	0.00151579	0.000177189	5.442473
15.5829	0.00175277	0.000146802	6.582514
22.716	0.00167557	0.000251599	1.343189
8.81904	0.0013295	0.000138961	26.710184
13.8783	0.00178058	0.000165576	10.213984
18.1391	0.000931761	0.000248689	8.920155
14.0536	0.00069456	0.000147698	42.625095
12.2836	0.00193777	0.000222481	6.942376
20.2004	0.00121803	0.000138713	8.864820
16.1566	0.000991852	0.000199985	18.312794
17.1804	0.00116467	0.000241372	4.682837
12.8585	0.00173587	0.000157108	9.107862
14.469	0.00180105	0.000196939	6.795790
18.9612	0.00144917	0.000185606	6.529577
13.6507	0.000955036	0.000177953	8.392008
18.007	0.00141339	0.000241118	4.051629
24.0956	0.00097623	0.000245782	3.133045
17.9661	0.00129635	0.000198227	5.284717
24.2749	0.00119795	0.000178018	7.707730
21.3121	0.00117123	0.000168321	6.247203
14.5285	0.00133049	0.000135765	18.982607
17.4413	0.0018879	0.000167729	1.871038
16.3262	0.00108951	0.000182733	11.062725
14.0706	0.000785183	0.000159734	33.591072
20.5886	0.000819093	0.00015028	16.452124
14.3008	0.00171356	0.00024367	5.096437
12.8452	0.000698437	0.000169201	24.512318
12.8783	0.000962769	0.000219066	12.305309
17.9411	0.000989535	0.000226694	5.730504
22.5013	0.00062406	0.000150699	42.260818
16.7787	0.00114941	0.000192989	8.285310
17.655	0.00182683	0.000191964	4.491706
16.0549	0.00127024	0.000198094	5.430341
14.6308	0.00198298	0.000142586	10.844599
13.6877	0.000855451	0.000209713	5.058321
8.06906	0.000987835	0.00017583	11.266702
12.5203	0.00186066	0.000219566	6.918017
13.7979	0.00182547	0.000189322	9.518551
11.5626	0.00159768	0.000215364	9.637460
13.0036	0.00178854	0.000187551	6.412435
20.6283	0.000972509	0.000241183	9.086225
14.7908	0.00104671	0.000188546	10.596201
15.5098	0.00155669	0.000140788	10.725924
19.4166	0.00154948	0.00017057	3.178737
18.5238	0.00185025	0.000225276	1.985578
12.3704	0.00101893	0.000236755	16.699812
21.1114	0.000655562	0.000214467	20.385098
18.7893	0.0010903	0.000205688	5.956748
8.35478	0.00115566	0.000133216	7.349622
12.2937	0.00124818	0.000155465	12.941072
15.7641	0.00141703	0.00015627	11.020528
10.4092	0.00126044	0.00013979	18.486435
18.1781	0.0012366	0.00024345	5.930987
14.9858	0.00111701	0.000240118	13.748682
11.7525	0.000703487	0.000212331	7.832514
19.3508	0.000993173	0.000150131	15.194107
19.21	0.00130346	0.000182161	5.244179
22.3971	0.000920105	0.000255417	6.506126
12.8059	0.00112993	0.000236157	11.873169
16.9275	0.00148237	0.000224315	2.032429
17.4392	0.000981956	0.000252962	7.164877
22.0481	0.00116903	0.000156917	6.976795
13.127	0.00178964	0.000206174	8.994718
14.2531	0.000740109	0.000151089	13.663536
13.2111	0.000797293	0.000146904	28.685156
20.8409	0.00172745	0.000222498	8.023669
24.6884	0.000954362	0.00017571	6.312249
13.6578	0.00132672	0.000149383	12.138243
12.4971	0.00134861	0.000198955	8.996076
17.6794	0.00126651	0.000137357	1.622811
19.9245	0.00103183	0.000240666	9.781824
21.314	0.000898238	0.000241544	10.600259
13.5902	0.00183719	0.000242421	4.067163
20.3602	0.0019619	0.000222319	4.442283
18.0976	0.00143904	0.000255524	4.648722
20.2824	0.00172202	0.000199453	7.465223
19.7782	0.00117572	0.00024567	3.794616
23.828	0.00140712	0.000241523	3.990154
23.3503	0.00163987	0.000175567	7.069531
19.9555	0.0014393	0.00024318	7.115592
12.0747	0.000639768	0.000150094	8.008164
23.3439	0.00136104	0.000234506	1.490981
24.4771	0.00117364	0.000205123	19.064075
14.6158	0.000831493	0.000214938	13.063347
17.1542	0.00159678	0.000201518	1.542611
15.4048	0.0017695	0.000202213	11.041310
18.3822	0.00134864	0.000158379	11.994123
11.3787	0.00099483	0.000228181	11.845438
10.7943	0.00184204	0.000165647	12.599768
14.8883	0.00175507	0.00014181	6.203773
18.645	0.00100124	0.000211257	9.036674
15.2651	0.000633018	0.000244803	10.352580
24.9744	0.00112541	0.000200364	9.533686
22.18	0.00148296	0.000173879	1.841771
19.9335	0.00170396	0.000241872	8.804146
10.8626	0.00108897	0.000206634	9.999350
12.0663	0.00172055	0.00019956	10.539553
18.0743	0.000846573	0.000178901	21.802744
14.8556	0.00178929	0.000223707	3.526899
18.2926	0.00140259	0.000162403	1.194116
17.0785	0.00141917	0.00018666	4.132859
10.5928	0.00125133	0.000147118	17.008259
23.1286	0.00137775	0.000156588	10.796236
23.7288	0.000976326	0.000211291	3.389910
13.8766	0.000878044	0.000178587	11.767557
15.0633	0.000728205	0.000144353	27.467779
16.6419	0.00166385	0.000202367	7.429128
11.9608	0.00101101	0.000247392	8.350122
17.7588	0.00083824	0.00020464	13.073436
15.2739	0.000752292	0.000197797	5.514453
13.3135	0.00130179	0.000201226	9.283216
22.7373	0.00194321	0.000187566	5.619924
24.5252	0.000694064	0.000218036	13.085958
8.73194	0.00105328	0.000229226	12.830736
20.6823	0.00160283	0.000180295	12.436564
18.3117	0.001216	0.000207367	8.875963
15.4465	0.00185727	0.000245946	4.198247
23.1826	0.00118501	0.000240633	8.237791
16.9348	0.00149729	0.000259613	3.539277
15.9142	0.00174847	0.000250725	5.071843
12.3883	0.000904231	0.000257953	13.105852
14.618	0.000631392	0.000210722	24.391586
13.3222	0.000607838	0.000238622	9.613952
22.7963	0.00132893	0.000240001	2.101517
12.1998	0.00145846	0.000205512	11.523835
18.2754	0.00165511	0.000199256	2.931691
22.3982	0.00062328	0.000257994	9.738695
22.5983	0.000654817	0.000254664	18.990385
23.5263	0.000622968	0.000176453	30.345871
15.0241	0.000648724	0.000238754	11.308414
8.06354	0.00174718	0.00024745	9.123086
12.5027	0.00196206	0.000206704	8.660107
21.8209	0.00159632	0.000150637	10.913433
21.8318	0.000940173	0.000178728	6.820258
24.845	0.000805446	0.000191206	5.685527
23.8712	0.00174158	0.000209189	2.024228
21.8742	0.00176438	0.000149659	5.542898
23.1234	0.0010143	0.000246056	5.618623
23.1427	0.000824256	0.000184791	5.473125
13.9513	0.00166452	0.000259319	4.754096
13.1836	0.0013622	0.000217344	13.559766
19.4629	0.00123761	0.000254302	3.306538
8.91395	0.000898306	0.000135668	17.602161
12.8872	0.00185863	0.000171954	2.304882
13.5971	0.000897237	0.000139233	22.786196
23.7794	0.000902991	0.000195381	4.552903
21.9373	0.000610523	0.000198797	6.746491
17.1962	0.001689	0.00013344	1.838707
23.4479	0.00113501	0.000156017	3.036908
24.1868	0.00164731	0.000207805	4.138957
19.1014	0.00142611	0.000159328	7.218961
13.4187	0.00191679	0.000170187	2.749127
16.7422	0.0010467	0.000161514	15.425128
20.9759	0.000859317	0.000147411	14.496839
21.5649	0.000753406	0.000140205	21.516281
8.6471	0.00193367	0.000245915	7.752137
15.7547	0.00172291	0.000141182	6.071399
14.5078	0.00143307	0.000190153	1.827596
20.4778	0.00107989	0.000209653	5.678215
14.4052	0.00144434	0.000217292	7.517329
21.4871	0.000749924	0.000149095	24.475899
12.9047	0.00197547	0.000169955	6.036930
20.5099	0.0014058	0.000184259	3.332203
13.3761	0.000621382	0.000214548	7.173914
10.9173	0.000694546	0.000137613	11.974066
7.7499	0.00107783	0.00022211	11.249090
13.0709	0.000668312	0.000194788	24.264542
22.208	0.00178512	0.000199233	0.913412
15.0798	0.000833018	0.000205307	9.805859
13.6954	0.00110515	0.000156137	28.056656
21.6727	0.00136805	0.000244487	2.832181
16.1198	0.00174954	0.000139918	4.734509
19.2348	0.00117687	0.000249706	8.768976
15.5624	0.00106136	0.000250295	12.109024
10.9296	0.00193044	0.000200077	11.280540
19.0252	0.00168839	0.000146146	2.266548
18.6295	0.00115567	0.000252321	2.110888
7.80552	0.000885943	0.000226099	8.536349
21.2951	0.00107085	0.000180594	6.446036
14.0914	0.00147914	0.000218245	4.820801
18.8135	0.000941713	0.000171739	21.306736
19.0244	0.00112721	0.000250422	3.848442
23.5088	0.00160908	0.000203556	5.027817
20.0896	0.000855225	0.000166436	18.961004
12.7613	0.000941736	0.000175139	16.680883
22.7798	0.00115575	0.00014098	2.817767
15.3706	0.00172926	0.000194029	2.457007
12.6183	0.00119441	0.00019911	10.056997
13.7578	0.00126751	0.000172789	6.249310
15.4685	0.00157584	0.000189409	5.456539
13.0254	0.0016766	0.000257726	2.930502
14.9109	0.00137985	0.000225752	2.443729
14.2313	0.000903264	0.00016089	5.885643
15.9112	0.000892918	0.000236253	13.701517
13.1155	0.00121685	0.000167527	19.527252
18.8007	0.00115654	0.00013097	7.378703
23.6988	0.000687043	0.000211556	17.108469
17.4321	0.0017313	0.000188986	2.441042
9.52259	0.00127544	0.000255127	6.388731
13.4821	0.00139677	0.00021588	10.263330
13.0323	0.00186613	0.000247398	6.952094
17.7194	0.00133426	0.000167544	7.860877
17.4076	0.00107495	0.000154258	20.988049
14.5522	0.00193609	0.000230777	1.955546
19.4401	0.0019919	0.000237603	4.969853
19.4356	0.000997584	0.000191842	7.576829
23.4731	0.00112827	0.000247017	9.542733
8.6192	0.00179852	0.000239073	5.206127
20.9426	0.00180869	0.000196777	12.198332
11.6832	0.00118589	0.000137637	23.388233
22.125	0.000645217	0.000250168	9.384105
19.7157	0.000752653	0.000251609	11.668678
18.001	0.000946069	0.000130009	25.298313
16.3937	0.00115831	0.000242762	4.107785
20.555	0.00191888	0.000182851	8.033821
18.4503	0.000671482	0.000253091	16.705807
14.2776	0.00153789	0.000210853	4.294711
15.9173	0.0012402	0.000132742	8.069189
21.5652	0.00132406	0.000257413	3.970853
21.8157	0.00155284	0.000219512	7.741489
23.6368	0.00193415	0.000249988	0.924619
21.7092	0.00113533	0.000224699	3.816394
13.107	0.00144356	0.00023968	8.312855
8.02138	0.000852832	0.000159239	6.958438
13.2163	0.00127402	0.000145327	19.866644
14.0899	0.00119103	0.000177268	19.459377
20.2006	0.000639283	0.000192307	15.318644
18.9566	0.00121336	0.000254376	5.134708
13.8191	0.000925317	0.000142967	26.626820
8.86045	0.00109108	0.000199426	8.934844
15.1126	0.00107413	0.000200275	15.139830
11.6034	0.00110017	0.000239524	8.998762
8.7698	0.0010474	0.00023221	10.769046
8.59117	0.00115726	0.000171235	19.115683
19.4208	0.00121591	0.000214121	5.876071
19.3073	0.00160847	0.000192934	2.449478
20.2578	0.00187123	0.000169474	1.700951
21.2939	0.00165877	0.000197096	2.562532
13.3738	0.00149319	0.000205329	12.510441
21.8754	0.00124848	0.000144518	7.847549
23.1854	0.00185734	0.000216554	4.062521
23.9899	0.000708011	0.000203399	19.177540
10.6715	0.00153003	0.000179945	7.169558
16.6392	0.000681466	0.00018859	3.862656
12.2982	0.00166736	0.000162741	4.119186
20.3246	0.000801561	0.000227073	14.600698
20.3992	0.00163342	0.000191077	2.520539
14.2156	0.00100858	0.000168088	11.181838
23.7465	0.0018552	0.00024357	2.447356
15.5301	0.00153432	0.000157721	3.127774
12.7348	0.00105202	0.000164845	11.199903
19.7858	0.000825633	0.000176673	21.477011
22.3004	0.00181698	0.000167102	2.969603
24.7726	0.00131408	0.000175906	3.022139
16.9716	0.00163271	0.000245663	5.158566
11.7283	0.000954323	0.000178364	22.955070
18.791	0.000668481	0.000226675	9.816356
13.0227	0.00163602	0.000221262	8.885554
13.0425	0.00196757	0.000218621	7.042882
20.9979	0.000746048	0.000145674	16.086861
14.2223	0.00118596	0.000147307	20.505905
13.206	0.00142471	0.0002175	6.628465
14.7623	0.00163058	0.000212508	7.828269
23.3005	0.00137415	0.000175854	3.668497
19.5258	0.00124917	0.000176201	4.193091
14.7495	0.00158891	0.000208009	4.252257
23.7288	0.00172103	0.00024859	1.503507
23.8732	0.000978278	0.000178563	6.062400
8.7118	0.00102738	0.000162088	9.381433
19.1003	0.000738585	0.000251377	13.538920
12.9066	0.00177669	0.000246458	2.245430
24.6805	0.000821608	0.000244315	4.499547
19.2352	0.000642939	0.000239389	14.217545
15.7257	0.00114219	0.000184188	2.841054
22.8752	0.00123236	0.000161995	4.905166
15.9095	0.00116478	0.000212396	13.683537
14.1857	0.00147946	0.000163883	5.244392
16.7904	0.00173377	0.000234216	2.573165
14.5247	0.00196977	0.000155811	6.971955
21.5441	0.00104489	0.000248675	4.891073
12.595	0.00190374	0.000142005	3.015693
14.6578	0.001058	0.000194246	11.059013
22.4615	0.000624479	0.000247811	14.014967
15.695	0.0016029	0.000240076	5.822623
22.7058	0.00103619	0.000233903	1.717452
15.5564	0.00197875	0.000193652	3.075197
10.635	0.00090795	0.000152799	30.275671
15.2163	0.0010408	0.000251595	13.269499
13.9305	0.00143133	0.000164681	12.206281
16.4142	0.00149336	0.000210258	8.006956
19.786	0.00138354	0.000162169	4.430434
24.1679	0.000849817	0.000134789	16.308594
22.4887	0.00131203	0.00021167	2.007527
13.7128	0.00189507	0.000259227	3.853957
11.2104	0.00103637	0.000222668	9.740208
8.74221	0.00110544	0.000252785	10.367410
21.3898	0.00179936	0.00022464	5.794583
15.815	0.000844168	0.000189214	7.931812
19.0852	0.00121351	0.000235665	1.117904
18.2337	0.000756634	0.000184044	21.593758
11.4655	0.00166202	0.000254752	11.218459
7.68299	0.00182285	0.000245613	9.437113
23.4561	0.00147045	0.000167874	2.666942
14.9603	0.000650781	0.00022117	9.952319
14.2852	0.00190101	0.00022038	4.048384
18.2311	0.00146651	0.00023943	3.101689
13.5266	0.00081699	0.000141088	29.797085
20.5246	0.000789305	0.00016434	37.003742
16.1122	0.000841709	0.000195278	19.339403
22.3112	0.00181773	0.000207957	2.039412
17.9683	0.00177229	0.000158281	1.844985
15.7227	0.000984094	0.000230803	16.794731
16.8665	0.00174893	0.000246807	3.272916
13.7135	0.000836529	0.000196522	14.702692
18.2702	0.00101049	0.000180027	13.210467
10.9719	0.000958746	0.000147807	22.892956
13.7049	0.00152582	0.000259375	7.684338
17.4517	0.00115464	0.000132648	11.901400
12.5837	0.00107874	0.000178113	19.613775
21.8925	0.00074083	0.000247355	7.543933
22.2824	0.00137523	0.000159637	20.359154
22.4621	0.00166947	0.000182137	2.061584
12.0812	0.000992651	0.000131651	15.710256
13.6972	0.00116225	0.000204293	16.033127
17.0621	0.000849201	0.000259773	14.799835
10.4516	0.00197306	0.000173565	10.765986
22.858	0.000766717	0.000144335	20.973253
18.6245	0.000614727	0.000140338	14.711856
13.266	0.000600455	0.000216123	7.385645
16.3683	0.000629916	0.000221541	9.021812
20.3719	0.00065348	0.000184427	8.407946
21.844	0.00142002	0.000219481	5.520409
24.4856	0.00111452	0.000259881	5.543515
22.943	0.000770318	0.000223669	7.832295
24.6186	0.000613366	0.000171284	9.042135
20.724	0.001424	0.000151084	7.233915
14.5052	0.00135752	0.000135935	14.764908
22.6184	0.00104208	0.000223061	5.523041
14.3002	0.00181731	0.000166831	3.091226
16.0576	0.000624084	0.000137976	22.409449
18.2633	0.000799714	0.000179668	35.937016
14.9371	0.00179355	0.000198386	6.365924
13.4609	0.000674771	0.000245919	6.676700
18.3319	0.00173312	0.000183198	8.659262
12.7753	0.001042	0.00015244	20.665854
14.0971	0.00107859	0.000251292	13.329623
7.99846	0.000656805	0.000131578	19.216505
10.2424	0.00140658	0.000130859	6.440520
20.4816	0.00120671	0.000131748	9.762962
24.4759	0.00198777	0.00017397	3.876206
18.8311	0.00188297	0.000151405	2.875273
16.7795	0.00138444	0.000243709	5.359694
18.7067	0.00104873	0.00015184	10.355581
23.6059	0.00107701	0.000142851	5.815642
22.1786	0.00149115	0.000259732	9.047031
13.6328	0.00157549	0.000176761	8.900287
10.7275	0.00136061	0.000183762	11.348074
23.4302	0.000652548	0.000252116	4.523456
18.6337	0.00109234	0.000149958	18.754110
10.9416	0.00060648	0.000174523	20.535048
21.9718	0.00131173	0.000250213	7.038512
20.7867	0.0016796	0.000133857	3.657224
11.7837	0.00145059	0.000177775	14.459065
17.704	0.001165	0.000204494	4.469158
10.7858	0.00139775	0.000225778	11.801612
21.9988	0.00165282	0.000204323	2.205482
23.6594	0.000690763	0.000203706	31.424561
16.4759	0.00151307	0.000162703	3.638221
12.8915	0.00152294	0.000214332	5.972228
15.7906	0.00101092	0.000230263	9.649168
24.3185	0.00118304	0.000246471	11.002035
17.426	0.00175886	0.000257799	4.809826
21.6486	0.00138639	0.000238412	2.143938
22.5526	0.00157286	0.000156354	3.066567
19.9032	0.00160163	0.000132595	3.521317
14.6097	0.00127245	0.000136345	10.405545
16.3921	0.00103835	0.000191235	8.351925
9.53905	0.00131872	0.000210975	12.074389
15.1403	0.00190605	0.000155562	3.893832
22.1607	0.00123351	0.000253483	2.871333
8.97528	0.000785854	0.000152393	13.050418
24.4428	0.000683066	0.000209018	17.075855
20.0314	0.00101987	0.000210442	4.106231
11.5552	0.0019601	0.0002414	10.037638
14.617	0.00101011	0.000154153	13.568544
24.123	0.0014428	0.000185451	1.006050
24.8562	0.00183696	0.000153572	2.874613
12.9158	0.00146613	0.000177741	13.944674
16.9493	0.000603442	0.00022214	10.037973
13.245	0.000691196	0.000199865	2.676511
24.1418	0.000910232	0.000156143	7.082776
17.6547	0.00136902	0.000136167	3.212714
23.5072	0.00138288	0.000236081	1.585591
14.6747	0.000619135	0.000258404	6.106388
9.14546	0.00172139	0.000176105	9.401594
12.6835	0.00126573	0.000194408	13.675815
20.3159	0.00163406	0.000238593	7.812632
10.1782	0.0016965	0.000160559	6.620421
22.0521	0.00089074	0.000257398	5.344744
18.5026	0.00154838	0.00020467	2.788906
21.7993	0.00125605	0.000211596	13.103917
19.4418	0.00148155	0.000138644	8.868577
24.2568	0.00171546	0.000170068	6.810641
14.7304	0.00144411	0.000174256	14.391630
24.3021	0.00195083	0.000178489	4.857429
7.60785	0.00179127	0.000192726	9.631336
16.2865	0.000690665	0.00023498	10.896367
23.6775	0.00181608	0.000200349	2.777264
8.90242	0.00183836	0.000190183	13.811766
15.0972	0.000912067	0.000232265	7.382701
10.5171	0.00146868	0.000156417	11.385424
9.05108	0.0016268	0.000176749	28.946615
20.2718	0.00194487	0.000213673	2.921918
17.4457	0.00143067	0.000229011	2.180909
20.9328	0.00180222	0.000229004	3.532533
14.9749	0.00143917	0.000250389	3.574962
20.7462	0.0015138	0.000158968	10.085817
14.677	0.00176229	0.000136733	3.026655
7.85762	0.00154802	0.0001893	8.019857
16.5643	0.000877111	0.000176524	19.963102
22.1048	0.00194617	0.000204201	2.758681
13.6827	0.000830127	0.000132351	13.989243
14.6391	0.00096544	0.000256281	9.677675
9.97421	0.000609562	0.00016629	7.934694
23.7642	0.0012787	0.000145002	4.034113
15.4914	0.0010675	0.000190546	14.817123
12.9517	0.000610374	0.000142805	31.742620
14.8607	0.00146663	0.000223392	0.867862
22.4557	0.000718856	0.000240196	16.787510
12.9985	0.000687447	0.000177256	9.711007
23.0887	0.00168691	0.00015429	2.381322
14.1678	0.00152342	0.000193145	5.765150
24.3556	0.00163703	0.00019392	6.202095
12.7589	0.00126331	0.000213766	7.080031
15.0342	0.00159965	0.000237453	3.364614
11.5446	0.0015909	0.000207512	8.886950
15.2866	0.00152456	0.000182322	7.241595
16.9689	0.00107931	0.000135646	19.638632
16.4718	0.00179031	0.000213236	6.547342
16.2935	0.00173478	0.000136848	2.710658
24.5108	0.00189061	0.000244847	0.994094
15.1515	0.00189692	0.000231064	10.454344
16.1566	0.00162783	0.000170421	3.102274
22.797	0.00134136	0.000163409	9.474681
13.3466	0.00167982	0.000244112	2.203599
24.1916	0.00150256	0.000190261	5.184998
22.6318	0.00178583	0.000143418	1.450580
15.5587	0.000815768	0.00019107	9.965460
17.9479	0.00174789	0.000252619	7.022849
14.5905	0.000912092	0.000191354	14.983446
13.3155	0.00132242	0.000162626	20.694069
23.699	0.00157088	0.000146193	1.488410
17.9813	0.00061134	0.000252265	7.406490
19.6862	0.000928224	0.000133128	21.458662
7.69155	0.00143231	0.000205743	17.604000
15.5155	0.00126163	0.000200725	11.891634
16.564	0.000967414	0.000206953	11.348878
7.8149	0.00125973	0.000209199	17.456493
19.3573	0.00142934	0.000200178	4.487594
22.2807	0.00112978	0.000146157	6.499070
19.6492	0.000893524	0.000186487	17.948019
15.5676	0.00110987	0.00018147	10.092463
13.1698	0.0016842	0.000151743	7.658128
22.4054	0.00169108	0.000253869	1.810721
13.0323	0.00182112	0.000164929	6.825639
24.3614	0.000780001	0.000238948	4.943403
18.9965	0.00184133	0.000242672	1.842263
15.3421	0.00153208	0.000134188	8.696413
19.479	0.00151319	0.00016232	2.792885
18.7376	0.000627205	0.000130579	30.453217
23.9815	0.0017503	0.000164638	1.612293
12.5469	0.00160005	0.000173579	10.927839
15.7521	0.00170298	0.000140829	7.381425
13.0739	0.000810785	0.000167566	7.299402
14.4821	0.000637093	0.000185116	16.279152
23.1396	0.00150978	0.000230597	6.937020
17.6149	0.000657201	0.000227164	6.980824
14.6684	0.00170021	0.000187584	3.070768
12.9031	0.000944937	0.000154649	20.427702
20.5756	0.00188013	0.000165497	5.032306
15.3723	0.00122365	0.000188498	5.848935
14.4576	0.000797643	0.000244914	11.487631
11.4851	0.000839423	0.000193207	20.027258
17.7906	0.00109963	0.000243958	5.275323
15.2024	0.00174199	0.00021976	7.507581
14.1323	0.000997665	0.000152431	16.220201
18.6974	0.00125205	0.00024146	5.237705
17.1159	0.00161778	0.000227938	6.905511
15.1577	0.00178337	0.000242626	4.869140
21.1336	0.00150742	0.000145903	1.094847
15.6877	0.000752043	0.000189406	6.106082
17.1021	0.00119602	0.000209261	8.294269
13.8345	0.0010623	0.000162221	9.106773
17.6	0.00177263	0.000252335	12.110520
17.7077	0.001372	0.00014871	6.049724
13.4707	0.000694584	0.000185625	19.367290
21.7855	0.00076669	0.000180993	15.894018
19.1787	0.000635362	0.000178866	14.116048
23.1208	0.000679572	0.000166668	29.547531
24.4049	0.000620815	0.000146861	31.387915
10.8872	0.000716961	0.000187685	9.503035
19.2294	0.000769614	0.000179455	18.147554
16.3817	0.000971888	0.000144531	22.139088
23.1922	0.000686462	0.000152745	15.282709
14.111	0.000945676	0.000218151	14.834918
14.025	0.00193845	0.000160658	5.159552
20.259	0.00105292	0.000217236	3.923413
23.3592	0.00190807	0.000145806	3.320996
19.1959	0.00131122	0.000204967	6.246098
18.7129	0.00178682	0.000171466	7.544629
15.6586	0.000788724	0.000143883	25.347200
19.423	0.000730898	0.000200221	14.967661
15.6611	0.000940899	0.000234238	16.204868
13.4383	0.000723156	0.000188228	5.150093
22.4071	0.00144115	0.000234826	6.759741
22.4604	0.00166397	0.000134461	7.824634
23.5629	0.00167013	0.000174583	4.627119
14.5555	0.000791949	0.000244983	5.858850
19.3927	0.00172613	0.000195946	4.036523
22.883	0.00151929	0.000246844	6.478509
15.2124	0.00147677	0.000142507	4.262139
23.8549	0.000914167	0.000175586	6.423231
14.542	0.00160215	0.000172818	10.270073
20.1746	0.00176605	0.000252971	7.402322
8.8451	0.000823332	0.000135901	10.410310
17.827	0.00104991	0.000213303	8.989864
13.3537	0.00161052	0.000207624	5.868292
19.2038	0.00185675	0.000251877	5.541921
23.7567	0.0016182	0.000249361	1.943489
16.5937	0.00125417	0.000191301	8.570471
14.9487	0.00152351	0.000220368	10.232176
24.6719	0.00113966	0.000155197	11.086111
13.4456	0.00123657	0.000145033	22.716579
12.7546	0.0013625	0.000182199	10.622429
15.4611	0.000619578	0.000189668	9.339417
18.2343	0.00153796	0.000196012	6.233224
12.4025	0.00143994	0.000178884	12.427796
24.215	0.00149984	0.000146867	8.773348
15.8942	0.00111229	0.000142493	19.215626
18.7258	0.00190011	0.000180661	5.887204
16.2889	0.000834502	0.000181757	6.180920
24.8074	0.000972421	0.000147311	8.413533
21.4239	0.00162109	0.000168373	10.565737
15.0397	0.00150205	0.000240475	3.832566
24.0862	0.00161022	0.000255923	2.433137
17.6146	0.00104232	0.000192863	10.211042
12.8156	0.00134568	0.000202895	5.099387
20.5552	0.00151354	0.000166435	1.695110
18.4254	0.00141285	0.000210216	2.396197
20.7957	0.00116847	0.000158245	3.284723
14.0946	0.00077505	0.000163123	17.405949
21.6507	0.00133464	0.000160747	13.708479
13.6725	0.000928341	0.000226626	8.636960
8.55372	0.00166897	0.000209	7.871499
16.5677	0.0008914	0.000219199	11.292899
22.0572	0.000791678	0.000209824	14.410278
9.6855	0.00145592	0.000257749	8.920727
19.068	0.00149689	0.00019443	12.135253
9.52177	0.0017215	0.000151571	12.113375
18.8235	0.00160575	0.000172888	2.848088
20.6257	0.000706259	0.000194584	13.667768
16.1209	0.00101031	0.000235145	6.812650
14.6996	0.00086406	0.000187241	13.443411
13.9055	0.00159241	0.000251395	2.635667
11.9678	0.00197002	0.00025989	5.334123
13.9298	0.00111587	0.000236818	10.156620
17.7591	0.00119104	0.000244801	8.050447
24.1842	0.000860679	0.00019608	9.443670
18.8949	0.000930911	0.000244976	4.373658
18.2756	0.00183169	0.000159842	1.014795
16.7707	0.00178984	0.000209878	3.447058
20.4638	0.00147693	0.000204575	3.544757
18.0761	0.00166424	0.000140275	8.243489
14.9943	0.00184177	0.000204112	4.003991
20.184	0.000804058	0.000139118	44.309811
10.8678	0.00122759	0.000177949	7.664183
12.783	0.00157345	0.000253016	15.728541
12.6504	0.00193059	0.000152393	6.923357
16.8958	0.00138748	0.000172156	9.120596
18.9088	0.000995403	0.00020135	7.990532
15.7509	0.000838485	0.000179287	18.564295
13.7747	0.00125529	0.000198575	13.058403
19.0921	0.000797531	0.000155809	24.407612
17.5748	0.000681285	0.000159843	29.529064
13.7967	0.000807634	0.000186356	20.903912
17.768	0.00175736	0.000158383	1.369100
19.1542	0.00159754	0.000244617	3.095305
15.7798	0.000747949	0.00017407	4.337187
16.9784	0.00128773	0.000185405	4.510881
16.1189	0.000966698	0.000145457	11.755030
15.646	0.00130136	0.000159713	10.836811
8.68932	0.000939174	0.000145748	18.767790
16.5066	0.000936417	0.000191953	16.642769
15.9761	0.000829634	0.00017681	8.255721
13.0875	0.0010068	0.000187452	8.633014
17.2331	0.00186668	0.000229454	5.861929
20.9441	0.00158603	0.000160866	3.414365
20.3595	0.00146885	0.000242163	3.516530
15.4077	0.00116163	0.000164207	7.831789
12.5269	0.00191602	0.000135494	5.929820
13.6266	0.00166483	0.000200619	4.704425
16.6335	0.000912933	0.000180344	22.112869
17.1717	0.000723708	0.000204307	9.238547
14.0289	0.00106066	0.0002573	6.299603
22.9444	0.00131243	0.000177079	2.095957
17.41	0.00170267	0.000194804	3.222081
23.1394	0.00147429	0.000172454	11.692625
13.7153	0.00145309	0.000158352	7.123979
15.8422	0.000735018	0.000197236	11.805175
13.5665	0.000633149	0.000149633	27.986374
18.0541	0.00099191	0.000155512	11.993387
16.2657	0.00155252	0.000143062	6.102463
9.651	0.00103118	0.000211233	20.686424
24.1021	0.0008351	0.00025559	4.506974
24.6718	0.00124613	0.000214031	3.518467
18.2579	0.00199515	0.000152094	2.159087
19.872	0.00151029	0.000228346	3.712602
8.78973	0.00128237	0.000181974	12.750887
24.421	0.00139781	0.000241755	6.952137
19.339	0.00175785	0.000186868	4.408895
9.21248	0.00147121	0.000180678	9.880896
13.3187	0.00176597	0.00022313	6.786493
17.7723	0.00193282	0.000257908	3.589780
19.1763	0.00110347	0.000139621	9.449502
8.72883	0.0011877	0.000192032	11.199203
17.2306	0.00173174	0.000130637	9.105675
13.3346	0.0011396	0.00019987	20.924763
20.6846	0.00154156	0.000155089	4.077641
22.8982	0.00119191	0.000245395	3.305898
18.0102	0.00149949	0.000162909	11.215010
8.4397	0.00139137	0.00017173	9.496345
22.8515	0.000920337	0.000168952	11.018234
22.4484	0.000606557	0.000233781	12.692503
18.2683	0.000701226	0.000249189	10.324270
22.5902	0.00195639	0.000242778	2.620579
14.2131	0.00140371	0.000209584	8.452686
13.1868	0.000975676	0.000256856	8.792854
21.9997	0.00136032	0.000224659	1.870818
17.9344	0.00123151	0.000225626	8.702341
16.4446	0.000991027	0.000145561	17.762753
22.6444	0.000675971	0.000164736	20.446037
13.2122	0.00191105	0.000214403	9.589820
24.6658	0.00167436	0.000214097	3.850025
17.039	0.000839943	0.000141035	21.455561
22.4835	0.00129993	0.000150222	6.908390
15.7452	0.00099737	0.00015379	17.388985
24.4756	0.00127289	0.000156	2.543272
19.9106	0.000696887	0.000206814	8.130512
17.5671	0.001974	0.000207913	12.190584
14.1917	0.00199427	0.000218619	7.259947
23.0363	0.00115279	0.000134448	5.826276
17.4956	0.000663336	0.000212023	18.694565
22.5138	0.00184475	0.000179511	4.548752
24.2428	0.00181169	0.000259007	2.805963
14.0382	0.00134266	0.000223109	8.194189
9.59776	0.000906131	0.000247685	11.397102
12.8601	0.00196822	0.000206535	9.032415
12.5483	0.000727215	0.000198432	14.614664
22.604	0.000758927	0.000147168	35.078800
12.2657	0.00111042	0.000200397	8.499834
8.04066	0.00149237	0.000164383	5.008756
17.3681	0.000937105	0.000146182	21.739031
23.5616	0.00120824	0.000211031	4.042377
13.7251	0.00140778	0.000183742	9.925730
19.594	0.00172023	0.00017872	1.887529
7.52389	0.0018118	0.000182432	19.301689
14.7397	0.000724142	0.000187335	17.200760
7.61437	0.00171806	0.000242102	13.915186
19.7861	0.0008644	0.000223753	9.760294
13.684	0.00165039	0.00021929	5.193839
13.8234	0.000638796	0.000140578	15.395663
18.434	0.0016828	0.000135203	1.980354
14.7735	0.00111276	0.000253193	11.297692
18.0167	0.000884019	0.000175817	14.557266
11.365	0.000680694	0.000210929	8.228376
13.8766	0.00126848	0.000212672	9.582822
15.0164	0.00192244	0.000214762	5.980922
8.3431	0.000892876	0.000230937	9.394666
23.595	0.00174398	0.000158986	5.754076
12.7099	0.00139718	0.000208536	13.861669
19.3128	0.00196659	0.000172691	7.134373
19.5701	0.00134829	0.000251789	7.907421
12.9469	0.00181971	0.00017924	2.449880
10.6618	0.00119024	0.000196748	7.291828
22.8742	0.00140425	0.000237473	2.963851
11.8661	0.0015093	0.00022128	7.444629
14.8622	0.000618697	0.000204137	6.216807
7.77852	0.00191558	0.000138576	12.082865
13.0111	0.00143169	0.000162438	10.338293
16.9349	0.00084712	0.000162463	20.265507
24.5407	0.000997411	0.000168702	2.594716
23.789	0.00128162	0.000201178	15.838171
24.234	0.00127349	0.000209959	8.519749
21.1777	0.00164847	0.000146241	2.497476
9.78324	0.00167727	0.000135351	15.247850
20.5098	0.00174381	0.000253811	2.735823
11.23	0.000930957	0.000200959	19.830750
20.464	0.00184268	0.000142676	7.006569
15.9869	0.00101416	0.000141823	16.649124
21.7001	0.00144984	0.000241451	6.140240
13.9195	0.00065872	0.000249141	5.141252
16.422	0.00194217	0.000137795	11.044243
21.4547	0.000808763	0.000189091	13.060392
20.7764	0.00123943	0.000152951	3.080443
20.9265	0.000893608	0.000175507	8.947783
24.6073	0.00151691	0.0001965	6.481473
19.4551	0.00137634	0.000133351	4.623084
22.2071	0.0019278	0.000189721	4.688787
22.9153	0.00167663	0.000136332	12.794300
22.1122	0.00172297	0.000198753	6.612277
18.1954	0.00106275	0.000187177	6.622041
18.6752	0.000745882	0.000134461	25.846939
12.6976	0.001226	0.000235477	4.402408
19.5431	0.00153508	0.000163843	1.568829
23.4509	0.000788212	0.000199481	17.561424
24.3222	0.000823993	0.000214964	8.801302
21.7584	0.000971606	0.000154787	6.743603
9.05634	0.000990518	0.000149131	16.289942
22.483	0.000793536	0.000137957	27.642578
13.6948	0.00163614	0.000170903	9.331778
21.273	0.00149185	0.000258918	7.688483
23.9302	0.00149697	0.000131172	1.130550
23.0428	0.00094711	0.000173425	3.342424
12.2842	0.0018449	0.000163095	10.474019
22.0961	0.00126585	0.000142118	4.444223
23.0977	0.000748602	0.000240483	11.421937
8.1007	0.00169421	0.000214456	11.678438
17.639	0.00164467	0.000140395	2.740873
14.2416	0.00160882	0.000163902	8.821539
24.9559	0.00166973	0.000175836	4.608006
15.358	0.00196367	0.000230165	1.346876
19.213	0.00156089	0.000199761	3.099763
12.8536	0.00180554	0.000219476	4.713879
13.5492	0.000994213	0.000215214	12.480834
21.8968	0.00119474	0.000218103	9.971310
23.4438	0.000959311	0.000252404	5.270623
17.8466	0.00118937	0.000192519	5.821223
23.0378	0.000759676	0.000256249	2.242655
24.5474	0.000647983	0.00024948	10.917360
22.6871	0.00120467	0.000218651	6.473007
11.77	0.000631748	0.000130002	24.402950
12.7249	0.00171488	0.000135075	14.752668
21.1364	0.00151871	0.000170349	2.475665
22.1546	0.00141223	0.000225541	13.780716
18.6682	0.000796753	0.000228495	6.577516
13.8437	0.0017825	0.000136344	8.123555
24.9585	0.00184699	0.000160425	5.512164
13.1412	0.000937115	0.000223455	9.197279
13.0748	0.00169818	0.000257255	2.805893
14.316	0.00102182	0.000168929	12.986957
19.4016	0.00134095	0.000205753	6.761416
17.3663	0.00141098	0.000236539	7.329414
14.5383	0.00153401	0.000243133	7.796842
15.52	0.00169995	0.000181025	8.403009
18.0515	0.0014741	0.000149446	3.879816
14.7817	0.00108842	0.000179518	18.527021
16.9595	0.000736073	0.000238441	3.663763
13.4035	0.00116197	0.000134071	22.720564
19.0107	0.00166527	0.0001714	1.514826
13.2596	0.00101991	0.00021425	8.196264
22.7746	0.00191092	0.000150231	2.220771
18.4724	0.00105537	0.000255388	6.862855
23.1616	0.00131804	0.000170539	8.433554
17.3085	0.000894186	0.000178172	12.987308
12.676	0.00112576	0.000167699	19.062368
24.5732	0.0019643	0.000255183	1.652810
20.9473	0.00140393	0.000226853	7.197657
12.8722	0.00111544	0.000188546	15.441996
20.1912	0.00193962	0.000180911	9.359067
24.9691	0.00168226	0.000200516	7.861165
9.97373	0.000800158	0.000198053	12.030403
20.2349	0.00113417	0.000232764	8.798761
18.1478	0.00187492	0.000218075	4.779616
9.08423	0.000738646	0.000190749	15.984240
21.2903	0.00166542	0.000189341	4.836307
24.1017	0.00141908	0.000212488	1.757727
12.819	0.00154192	0.00019079	10.711409
21.3154	0.00108481	0.000219621	6.284781
23.2494	0.000628968	0.000197013	4.555161
14.8636	0.000818025	0.000178869	17.338675
14.2307	0.00185119	0.000166372	7.145953
9.15679	0.00115929	0.000221616	8.494543
20.1171	0.00131093	0.000153028	6.709392
16.105	0.00161687	0.000200578	4.246326
17.857	0.000726606	0.000139324	26.439579
14.5522	0.00157494	0.000257612	11.369864
24.5499	0.000670539	0.000258324	5.039454
22.7204	0.000624364	0.000193032	25.320471
17.8524	0.0010305	0.000141446	17.653154
13.8636	0.00150012	0.000189506	8.537573
21.6694	0.00129328	0.000188291	3.822667
13.0547	0.00115721	0.00016541	20.141396
8.79305	0.00176611	0.000226374	10.927607
10.461	0.00106231	0.00019273	19.258646
12.0202	0.001417	0.000251143	7.069890
16.9794	0.00191955	0.000131077	16.464832
13.8479	0.00180119	0.000220488	9.592257
13.0987	0.000634049	0.000259828	1.917300
22.273	0.000891895	0.000137898	10.085884
23.1954	0.00160238	0.000140847	3.866941
16.4062	0.00148729	0.000193644	7.808984
9.04409	0.0012	0.000207437	14.585652
22.9815	0.00188048	0.000133533	1.208549
12.7707	0.00117336	0.000248107	11.981222
16.2352	0.0015734	0.000166846	2.042980
16.254	0.0016489	0.000172223	4.300767
22.0757	0.00130284	0.000144444	4.831928
11.8533	0.00190129	0.000248312	6.359057
16.0562	0.00108387	0.000246652	10.801207
24.7202	0.00172065	0.000210909	6.402683
19.8923	0.00155557	0.000130994	9.176455
13.8185	0.00143009	0.000232285	4.486731
22.2739	0.000873921	0.000207944	8.163371
13.8898	0.00143779	0.000215163	8.168901
13.2306	0.00132693	0.000154921	17.140041
12.7386	0.000818493	0.00015908	15.465830
20.6145	0.000768014	0.000258883	16.997129
17.9154	0.000654718	0.000202506	9.917596
12.6551	0.00166586	0.000142662	14.393415
19.6686	0.00174468	0.000149498	10.190989
19.1817	0.00112529	0.000170236	3.626887
14.9792	0.000863039	0.000179304	20.177889
9.30069	0.000934106	0.000156681	2.237434
13.4354	0.00187012	0.00025411	2.471260
13.4896	0.00121102	0.000140848	17.843168
14.6616	0.0010455	0.000155855	23.454699
14.9773	0.00182992	0.000179158	5.607340
16.3689	0.00154026	0.000165447	4.763767
13.5449	0.000619754	0.000207343	27.522776
13.5652	0.000989892	0.000141728	16.600414
23.9849	0.000846972	0.000183051	5.358287
11.4882	0.000990058	0.000185615	4.054277
14.719	0.000942656	0.000155816	14.252062
13.0574	0.000930719	0.000132145	28.413006
10.2486	0.000673662	0.000238129	9.703937
11.0933	0.00172127	0.000249008	7.919370
13.9836	0.00167343	0.000148721	4.967546
15.0162	0.00180624	0.000165671	4.223124
19.4973	0.00136135	0.000157326	2.955245
13.2268	0.000790229	0.000153492	8.140685
16.5076	0.00175269	0.000250621	2.263222
20.4018	0.00109978	0.000214965	5.789101
18.0464	0.00126242	0.000132017	8.396104
24.9197	0.0019269	0.000148373	1.371834
14.3214	0.00145591	0.000240238	5.082517
10.516	0.00112053	0.000259279	9.124889
20.4314	0.00139591	0.000155608	3.340371
14.2729	0.000955268	0.000177825	11.274173
13.2595	0.000607034	0.000145216	16.310581
22.2404	0.00167571	0.00014952	5.395414
13.3915	0.00166896	0.000165328	10.566676
16.5128	0.00196579	0.000166656	3.509193
14.8901	0.00154346	0.000254455	6.964228
8.26558	0.000969192	0.000178046	17.032324
15.6986	0.00144429	0.000211903	4.938532
19.4395	0.00105083	0.000254381	5.126472
19.1941	0.00157381	0.000167862	1.936831
14.3414	0.00128347	0.000251316	9.351718
14.7154	0.000886192	0.000230237	11.178303
21.034	0.00114298	0.000192387	4.705426
20.573	0.000903018	0.000255271	8.998203
9.52465	0.000734247	0.000250432	5.735907
20.2727	0.00154242	0.000256359	6.831288
12.9942	0.00159027	0.000215278	6.054585
19.2163	0.00162074	0.000171639	2.520940
22.0556	0.00177868	0.000161709	1.925414
15.9867	0.00165669	0.000238176	5.612595
22.3716	0.00183172	0.00014675	2.583938
15.3792	0.00177373	0.000148127	2.115497
18.0836	0.00140955	0.000240004	3.901947
20.1889	0.00181826	0.000145033	3.808929
15.803	0.00197917	0.00014768	6.906601
16.6585	0.00191261	0.000184197	6.642209
24.5695	0.00126304	0.000178606	5.685150
12.2929	0.00113993	0.000148183	9.803354
13.87	0.0018505	0.000197255	3.223691
13.0965	0.00150056	0.000154101	14.457735
8.44886	0.00156291	0.000170073	12.517747
23.0248	0.00125407	0.000253061	2.593705
24.7054	0.00183052	0.000168442	2.320621
15.6283	0.00086608	0.000177155	23.693159
19.06	0.000968058	0.000175718	7.120024
13.4431	0.00125826	0.000191869	9.959205
8.40403	0.0008315	0.000133332	11.347383
24.4077	0.00168034	0.000146045	1.573259
18.2787	0.00127705	0.000245692	3.112856
13.53	0.00185285	0.000212217	7.378980
22.5757	0.000970725	0.000233193	2.995052
14.2558	0.00195029	0.000256909	7.652707
21.9931	0.000734935	0.00013294	15.637980
11.704	0.000666238	0.000251135	7.024276
7.72131	0.00136099	0.000175629	13.632314
20.16	0.00131588	0.000216377	4.193462
24.4038	0.000853628	0.000171886	6.374602
11.1824	0.00101629	0.00016178	13.465039
22.2531	0.00136099	0.000205629	3.151835
22.3354	0.00103061	0.000172568	6.660615
13.7559	0.00175037	0.000146352	2.138184
18.9068	0.00183216	0.000163204	2.146343
22.6255	0.00117383	0.000190202	7.623734
21.7538	0.00176878	0.000216989	9.450018
24.364	0.000779803	0.000144136	28.060928
21.9387	0.00134746	0.000184533	2.779337
15.551	0.00170498	0.000168776	2.633943
22.2985	0.00167829	0.000152498	2.947713
19.4051	0.00147491	0.000239312	5.744877
17.0596	0.000711789	0.000248202	7.239230
17.1345	0.00194559	0.00023929	2.809070
23.061	0.00124996	0.000214801	7.319777
16.0428	0.0013326	0.000227869	8.004815
24.8427	0.000819548	0.000213694	6.209365
18.0145	0.000966009	0.000155536	13.847380
13.5484	0.000814557	0.00023106	8.615191
22.1183	0.00136191	0.00021121	2.248412
19.7804	0.00148801	0.00019337	2.429234
15.6148	0.00194326	0.000216454	1.700749
11.222	0.000957749	0.000208648	13.909601
10.7544	0.00140791	0.000135542	17.368107
20.3887	0.00187685	0.000138003	3.093941
22.2833	0.00174537	0.000225191	5.193991
15.3412	0.0017319	0.000194815	3.001827
22.4826	0.000869889	0.000204634	15.511492
15.2578	0.00106098	0.00021833	11.170459
22.6184	0.00119168	0.000201224	5.903667
23.3256	0.00199705	0.000246257	3.082575
21.9271	0.00167827	0.000138447	2.169459
17.3152	0.000781712	0.000148178	30.677734
22.9872	0.00164702	0.000195599	5.789590
19.5996	0.00198247	0.000184228	1.280864
22.6643	0.00150508	0.000223022	7.504233
12.2389	0.000605455	0.00020507	11.006517
21.8082	0.00107302	0.000134553	9.191994
7.78978	0.00178386	0.000136129	13.306322
13.0336	0.0016061	0.000257296	9.215405
21.9353	0.000717507	0.000220968	12.509752
16.4985	0.00154142	0.000242031	3.914371
20.1017	0.0010498	0.000244724	7.867938
8.13407	0.000678661	0.00020572	8.353149
22.7712	0.00172014	0.000249332	1.206641
21.5552	0.00137638	0.000179214	7.671252
14.2543	0.00148715	0.000257159	4.106662
14.6525	0.000662946	0.000181794	30.820591
22.6105	0.00166831	0.000243003	4.864632
22.7728	0.00104068	0.000186047	4.814615
12.5712	0.00149968	0.000159984	11.802297
16.8591	0.00111877	0.000175481	8.679682
14.6089	0.00196317	0.000151747	5.427427
16.8477	0.00128216	0.000198808	9.952587
18.1492	0.00195834	0.000172263	1.479649
23.056	0.0019298	0.000185926	1.499412
23.6822	0.00153679	0.0002343	3.324090
19.4854	0.00145005	0.000177935	8.264912
17.0779	0.00177637	0.00023694	4.513261
20.2122	0.0017043	0.000163331	1.523305
23.0376	0.00113542	0.000175789	5.119472
9.46266	0.00125989	0.0001742	24.603394
14.2081	0.00134103	0.000136591	13.254298
12.4265	0.000861632	0.000132054	19.090836
19.1316	0.00144112	0.000245529	3.372543
14.653	0.00199025	0.000196054	6.406190
14.451	0.000670482	0.000234939	12.375065
10.9815	0.00096066	0.000195502	19.212238
10.4645	0.000634808	0.000215472	14.070773
16.8118	0.00196845	0.000171169	1.958824
22.9288	0.00167897	0.000259795	3.703539
23.9547	0.0011387	0.000146031	6.767329
14.9681	0.00177621	0.000245006	2.232676
17.1978	0.00141943	0.000150239	1.904775
11.9351	0.00190022	0.000210292	6.055984
24.5392	0.000710202	0.000226565	16.505396
11.2717	0.00158132	0.000132848	12.346863
12.9889	0.00190546	0.000193931	4.899261
22.0036	0.00170091	0.000153952	5.902010
23.0963	0.00146776	0.000199867	2.961362
9.61245	0.000646878	0.000183195	13.180315
18.7823	0.00183041	0.00023391	3.747983
17.5287	0.00124559	0.000192185	17.185909
11.6931	0.00162582	0.000148711	8.792646
14.8523	0.00168752	0.00020131	2.707035
21.4852	0.000723259	0.00020885	15.248637
24.3286	0.000725339	0.00021849	18.970453
14.6201	0.000970261	0.000168484	28.686625
9.75784	0.000763893	0.000155683	15.868497
24.0513	0.00197145	0.000135267	2.454417
12.2968	0.00155557	0.000131777	7.766212
15.3863	0.00105954	0.000179777	13.926895
23.495	0.0018366	0.000231023	1.003458
11.3704	0.00106774	0.000159556	16.816290
16.4468	0.00149838	0.000210071	8.084658
20.4331	0.00141444	0.000186795	7.560629
18.9342	0.00070449	0.000241433	19.595186
21.0217	0.00122385	0.000192065	1.942287
9.7892	0.00107447	0.000183817	12.229277
22.9955	0.00183074	0.000231581	2.250338
13.0146	0.00136771	0.000171469	18.987190
24.5401	0.0019612	0.000141508	3.559249
17.1318	0.00125344	0.000246211	2.170407
13.5252	0.000791546	0.000188458	7.203104
12.6302	0.0015728	0.000132432	9.914217
20.8092	0.00164971	0.000226806	7.194371
14.3743	0.000623537	0.000225726	11.360564
8.57305	0.00179584	0.000131221	7.601499
10.8702	0.00153539	0.000170233	7.590362
16.2111	0.00173315	0.000154598	2.678961
20.3019	0.000605424	0.000160449	23.276875
13.8201	0.000999751	0.000188939	11.309463
10.5691	0.000801176	0.000237335	9.592070
8.33209	0.00138671	0.00016973	22.375019
19.8318	0.00147373	0.000135718	8.358541
22.2979	0.00199454	0.000230161	4.463422
20.0974	0.000818267	0.000146386	24.700035
14.3215	0.000960605	0.00019377	21.822462
19.645	0.00175761	0.00023575	6.789034
17.0409	0.00117088	0.000255783	5.937771
18.4857	0.00076969	0.000218179	14.478002
23.5188	0.00116064	0.000243215	3.887700
14.3465	0.0017985	0.000199859	9.239511
16.9905	0.0016102	0.000184	7.099210
15.3758	0.001311	0.00015526	5.966862
16.0714	0.00123272	0.000186113	9.684550
21.4055	0.000943711	0.000131143	23.843782
12.9365	0.00119361	0.000213472	11.712818
21.9483	0.00113942	0.000235204	6.492422
16.867	0.000847889	0.000180364	20.260855
19.437	0.000729105	0.000178624	11.236046
19.9131	0.000699292	0.000210453	10.233480
17.9714	0.00111577	0.00021672	9.454008
20.112	0.00160103	0.000155349	3.618705
15.1468	0.00182969	0.000200199	10.285153
14.5793	0.00185741	0.000145791	7.358889
12.6336	0.000708801	0.000189454	7.102514
23.3788	0.00140451	0.000149237	2.270938
18.4932	0.00187689	0.000218576	8.075686
23.3097	0.000944286	0.000153232	2.625841
13.9864	0.00130794	0.000169535	13.265973
12.8701	0.00127975	0.000195713	13.962839
18.5319	0.000693761	0.000137749	23.446632
24.838	0.000705912	0.000135373	32.231865
16.1125	0.00199547	0.000151779	13.995956
17.6588	0.00187277	0.00023915	2.923967
16.8737	0.00109167	0.000164949	19.702065
15.7564	0.00185556	0.000172571	2.566472
17.5636	0.00145664	0.000231846	4.362475
14.9252	0.00106316	0.00025271	6.704488
13.7428	0.0017422	0.000141621	6.286969
15.5983	0.00135551	0.000167549	7.617855
18.7757	0.000895462	0.000187004	22.730528
11.0875	0.00152906	0.000254621	8.550081
17.3079	0.00165708	0.000219335	7.549995
19.314	0.000804221	0.000137735	25.158020
18.4664	0.000896819	0.00024474	10.337110
8.95371	0.000649832	0.000167713	9.538127
11.1512	0.00103579	0.000169009	16.220417
13.7496	0.00192328	0.000192856	5.659707
17.8447	0.000973906	0.000146513	22.564564
20.3782	0.00089031	0.0002242	8.366933
20.2574	0.00189381	0.000151737	1.531182
18.1761	0.00163734	0.00014142	8.112867
19.5336	0.000874455	0.000192192	15.218832
18.0007	0.00105057	0.000230062	9.276710
20.4367	0.000647092	0.000191262	23.950191
24.1136	0.00121095	0.000184589	8.362720
18.9265	0.00079478	0.000214349	30.406958
18.3161	0.00161212	0.000189462	2.818848
12.6192	0.000682379	0.000209891	16.603168
12.6866	0.00161585	0.000223551	5.525177
23.3516	0.00136846	0.000135626	3.059497
8.1327	0.000819738	0.000150737	9.034331
16.1859	0.000649927	0.00022521	5.636741
23.2876	0.00172662	0.000219299	6.239308
19.707	0.00153504	0.000157643	2.509220
10.681	0.00169543	0.000246232	13.153394
16.2337	0.00183673	0.000150564	7.093414
13.18	0.00133413	0.000203698	9.262630
22.1391	0.00165794	0.000189803	16.209080
12.5897	0.00151806	0.000233064	2.332752
17.6881	0.00185548	0.000232606	1.861183
14.7578	0.00113738	0.000197904	11.989694
22.9096	0.00195687	0.000140125	4.588163
21.5191	0.00138638	0.00022877	1.943621
20.7314	0.00125194	0.00020238	1.931191
24.3055	0.00139924	0.00013804	10.115543
21.2036	0.00143662	0.000161997	7.765804
21.8466	0.00163897	0.000221607	5.686313
24.7408	0.00128181	0.000186421	10.094641
23.1502	0.00173306	0.00016652	2.720303
20.6499	0.00117965	0.000194146	5.851687
12.8246	0.00137422	0.000209003	17.022188
20.5869	0.0018702	0.000156167	1.689216
16.6593	0.000741503	0.000140999	17.592560
12.9458	0.00085934	0.000209723	9.305587
24.7572	0.00171145	0.00018473	4.574924
16.9193	0.00064462	0.000159971	13.996191
14.3409	0.00141147	0.000170432	16.397749
21.0372	0.00199905	0.000200859	4.782574
23.835	0.00198183	0.000194321	6.360884
21.6594	0.00083472	0.000202522	11.209853
13.1184	0.00177361	0.000171264	7.800122
13.2571	0.00077851	0.000194352	27.500141
20.3704	0.00152771	0.00018122	10.763761
13.3362	0.000724211	0.000259899	2.418028
18.7052	0.00140231	0.000159957	9.947786
22.6801	0.000947425	0.000167597	6.017998
13.6683	0.00177164	0.000132639	3.593105
23.6331	0.000848905	0.00024515	5.722172
20.4803	0.00175104	0.000141156	3.026880
22.8367	0.00139262	0.000161407	1.406465
17.564	0.00148723	0.000206563	7.194725
16.0649	0.00183782	0.000144911	7.444946
16.4747	0.00117279	0.000153963	12.557848
9.50651	0.00171869	0.000230213	10.236101
24.9459	0.00106861	0.000233278	6.124421
13.0332	0.00119989	0.000238473	8.290758
15.5184	0.00111034	0.000167917	8.669012
16.2695	0.00178214	0.000241831	9.882852
18.264	0.000988125	0.000220375	11.345179
17.3548	0.000637725	0.000249646	12.307675
15.152	0.00152071	0.000174773	2.178274
12.9648	0.00175522	0.000154893	7.879059
13.0675	0.00116367	0.000215931	12.304245
8.71422	0.00154838	0.000144811	22.709839
15.3421	0.00182016	0.000258581	2.969881
15.7814	0.00101547	0.000149497	16.346151
19.7236	0.000962688	0.000209216	15.367628
17.4161	0.00165826	0.000226603	3.915945
18.2622	0.00118058	0.000150446	13.652555
22.0867	0.00143042	0.000189056	14.296602
14.6728	0.000764933	0.00020051	21.491138
15.9095	0.0010409	0.000163517	16.558710
17.178	0.00179729	0.000185741	12.046669
24.7155	0.000827363	0.000175434	11.528270
22.758	0.00196812	0.000185958	3.129945
16.1376	0.00146524	0.000136033	2.947298
9.06672	0.000780897	0.000257621	11.941029
20.1045	0.00106411	0.000151947	7.233361
12.7958	0.00173093	0.000199207	8.005296
21.0555	0.0012137	0.000142253	8.270648
17.5255	0.00102619	0.000205846	5.162770
16.0543	0.00152967	0.000196727	6.410119
11.8161	0.00134056	0.000237832	10.469824
13.8088	0.00119551	0.00016583	12.496124
10.8028	0.0016458	0.00015767	14.162344
14.6553	0.00176194	0.000158812	3.579294
13.4965	0.00183954	0.000208198	4.371262
13.2797	0.000647775	0.000254593	11.260736
22.0194	0.00166485	0.000175215	6.493093
10.2792	0.00186761	0.000185165	10.814669
20.5616	0.000934698	0.000251447	13.938878
15.927	0.001224	0.000187061	9.993513
14.1356	0.000721677	0.000180025	6.127941
18.2361	0.000699072	0.000171405	6.633754
13.6439	0.00145513	0.000185631	8.223565
14.8666	0.00123158	0.000232283	3.869849
15.5019	0.00104575	0.00020323	12.362581
17.1513	0.0014873	0.000232151	3.791143
24.2906	0.000668341	0.000220895	9.283778
21.5719	0.000915061	0.000130122	12.280420
10.5825	0.00133218	0.000213945	7.896609
23.7133	0.000957983	0.000165474	10.461879
16.3833	0.00116477	0.000235207	10.345074
13.154	0.000856342	0.00020637	17.330244
20.4358	0.00113029	0.000222565	8.253144
20.5946	0.00191652	0.000177844	1.069516
14.0526	0.00152745	0.000167326	5.565554
8.77329	0.00106283	0.000259062	6.525982
13.5275	0.00170916	0.00019558	5.591494
21.1077	0.00182196	0.000186894	2.920502
14.0448	0.00150237	0.000169381	10.249129
19.0889	0.00160364	0.000231282	3.348272
21.2189	0.000804022	0.000163623	23.191814
23.6352	0.00155298	0.000218705	3.968282
12.3014	0.00189129	0.000211692	9.321937
10.1224	0.000604406	0.000223305	7.537693
12.7783	0.00161175	0.000147326	6.039574
12.7043	0.000603973	0.000133564	12.817093
9.20963	0.00152598	0.000143944	15.915909
17.2785	0.00198904	0.000207399	5.887592
10.8354	0.000984712	0.000201053	16.191978
16.6662	0.00189956	0.000189581	7.775771
18.3942	0.00117502	0.000169294	10.175257
18.4751	0.0017474	0.000242422	6.214193
13.4159	0.00106312	0.000150706	17.567736
21.7598	0.000963415	0.000253928	6.678153
15.9704	0.00141481	0.00015469	2.003863
18.8527	0.00164654	0.000220473	2.038160
9.02387	0.00193343	0.000214116	8.325183
14.0126	0.000959935	0.000168423	23.234858
22.0353	0.00191222	0.000208071	5.962519
20.011	0.00104378	0.000143127	14.784841
13.907	0.00180853	0.000230192	8.295315
22.6046	0.0011808	0.000146743	10.733737
8.07715	0.00175569	0.000141914	17.225410
13.2567	0.000796895	0.000188616	15.585561
17.6193	0.00100282	0.000255297	3.772916
20.5565	0.000907429	0.000244047	3.841600
10.5734	0.000973064	0.00013183	48.631187
20.7007	0.00146171	0.000223381	5.507828
12.8842	0.00184914	0.000238822	6.546832
15.2836	0.00133327	0.000206015	10.740265
22.2597	0.00082151	0.000219885	6.537266
22.4727	0.00111171	0.000130105	9.338807
13.3118	0.00172384	0.000151612	1.904442
22.5778	0.000743442	0.000247177	16.344913
18.7325	0.00153096	0.000188108	2.377252
18.9653	0.0016135	0.00021055	14.931091
14.006	0.00183071	0.000230497	2.163493
20.1436	0.000626383	0.000214067	11.558754
17.9621	0.000650268	0.000238058	17.151043
15.8099	0.00154051	0.000159201	2.047983
12.7577	0.0011968	0.000181185	6.318830
10.937	0.00184315	0.000161755	8.297623
16.2188	0.00198891	0.000146494	16.708088
24.7591	0.00129472	0.000207678	9.726992
18.4888	0.000744974	0.000213994	22.939953
12.6075	0.00187652	0.000163163	7.260599
13.6298	0.000606426	0.000140765	31.222479
10.4459	0.00114588	0.000170219	21.636898
10.5336	0.00187932	0.000176159	9.609805
14.1443	0.00165587	0.00014519	3.552633
22.4461	0.00126174	0.000259152	2.775132
18.492	0.00105047	0.000250266	2.837157
17.5861	0.00178462	0.000176337	1.941444
16.7265	0.0011728	0.000152863	8.701348
14.1324	0.00164078	0.000183622	3.157189
22.9805	0.00173741	0.000192164	3.954840
23.3776	0.00124426	0.000172985	4.564086
21.9141	0.0014669	0.000245801	3.720008
24.3915	0.00149551	0.00015891	7.721875
15.8134	0.00128924	0.0001825	5.115522
9.45225	0.000786577	0.000174253	11.916523
24.6515	0.00183529	0.000198018	2.693258
14.6643	0.000808791	0.000234606	7.320793
15.1812	0.0018502	0.000171651	6.814143
11.546	0.00171714	0.000241231	9.033868
24.5648	0.00130089	0.000212178	5.203282
13.531	0.00127521	0.000142398	22.617664
19.2854	0.0010895	0.000209004	6.153798
