13.4718	0.00187731	0.000221749	0.809294
12.9995	0.000802201	0.000214438	0.962963
22.3966	0.000916997	0.000180781	1.203704
20.007	0.000793724	0.000154464	1.354032
9.20596	0.00166793	0.000132807	0.758301
18.981	0.0019787	0.000141045	0.661280
21.5957	0.00141105	0.000206313	0.778765
16.7474	0.000727335	0.000188919	1.530952
21.2501	0.00160217	0.000158637	0.646809
18.8888	0.00191504	0.000171982	0.662892
15.6644	0.00167756	0.000226994	0.802724
18.282	0.00126521	0.000156874	1.004932
12.9077	0.000976306	0.000151973	1.141497
14.4839	0.00064912	0.000194152	1.301629
18.9618	0.000917181	0.00024297	1.020561
16.3163	0.00172292	0.000170332	0.811083
22.5641	0.000894178	0.000132436	1.391232
9.57719	0.00141844	0.000167536	0.745482
13.4522	0.00147538	0.000147676	1.005239
7.61697	0.00108802	0.000151544	0.844082
24.9145	0.00133077	0.000192391	0.976070
19.4017	0.00113602	0.000192155	1.047081
20.3892	0.000950605	0.000231823	1.219283
17.7126	0.00178274	0.000131109	0.645949
17.0305	0.000660045	0.000251547	1.396405
21.3705	0.00076693	0.000215306	1.201385
17.5766	0.00172228	0.000257092	0.773842
24.2965	0.000955181	0.000157749	1.356195
15.1633	0.000649353	0.000150063	1.840940
20.1997	0.000766456	0.00014024	1.614206
14.4394	0.0016612	0.000258832	0.785092
14.4021	0.00145026	0.000182871	1.004992
20.1666	0.00140033	0.000143537	0.873780
22.0318	0.000704093	0.000233778	1.619277
13.3964	0.00096917	0.000218099	1.145103
19.5417	0.000796157	0.000248072	1.185215
21.0109	0.0013872	0.000168778	0.734255
17.791	0.00145089	0.000182817	0.774889
16.3729	0.000979787	0.000227465	1.226549
23.8071	0.000682633	0.000141994	1.471517
20.6961	0.00100548	0.000163731	1.263559
23.0463	0.000916469	0.000135621	1.071132
22.4234	0.00153728	0.000148234	0.740470
10.7236	0.000738751	0.000247098	0.830029
12.7716	0.00175988	0.000209565	0.772005
10.4422	0.00173986	0.000214864	0.683623
17.8834	0.00162911	0.000228172	0.812302
12.4148	0.00127546	0.000250054	0.777759
14.9467	0.00085877	0.000163745	1.377608
22.6548	0.00141311	0.000259839	0.727027
14.4248	0.00181893	0.000193198	0.691194
11.3285	0.00160967	0.00014766	0.912667
23.0079	0.000813442	0.000201759	1.106250
15.7332	0.00163051	0.000259887	0.744133
18.798	0.0014658	0.000224542	0.798389
17.6458	0.00198244	0.000226121	0.675626
22.9477	0.00138242	0.000154872	0.800920
8.54986	0.00197405	0.000150558	0.638932
19.608	0.00189645	0.000233901	0.611851
21.2388	0.00190026	0.00024478	0.598767
9.29159	0.00195272	0.000191378	0.619978
17.885	0.00098165	0.000144669	1.122369
13.2708	0.00168319	0.000158531	0.910250
23.5032	0.000661323	0.000208299	1.662300
15.2605	0.0013966	0.0001986	1.058750
16.414	0.000856395	0.000188706	1.306582
16.3042	0.00112929	0.000242724	1.054895
14.1412	0.00111484	0.000241097	1.171457
18.0513	0.00180304	0.000205668	0.705615
16.6248	0.00156881	0.000243671	0.751105
11.1803	0.000742723	0.000214749	0.912428
12.833	0.0011322	0.000254796	1.104501
24.6815	0.00114369	0.000164963	0.898155
14.335	0.000891427	0.000196819	1.400983
12.0572	0.00148428	0.000214643	0.671079
12.6786	0.00161659	0.000138849	0.902198
21.8032	0.00186339	0.000132147	0.641667
17.2723	0.00122253	0.000211385	0.961307
13.2725	0.00170788	0.000134131	0.705473
24.7535	0.00194259	0.000156851	0.608261
16.837	0.00159368	0.000158201	1.004348
23.3642	0.00164777	0.000174181	0.695373
19.1029	0.00175522	0.000248325	0.621856
11.0999	0.00188028	0.000142581	0.740343
15.5603	0.0010955	0.000159397	1.170974
13.3666	0.00194702	0.000254999	0.823837
14.1258	0.00155973	0.000217487	0.945211
13.4075	0.00104738	0.00020193	1.137474
21.6888	0.00142845	0.000150087	0.939435
10.3294	0.00104811	0.000160147	0.762887
12.341	0.00167746	0.000163696	0.860814
12.6926	0.00115894	0.000251427	1.043786
23.2302	0.00193217	0.000226286	0.568421
23.0288	0.000700583	0.000176597	1.438671
14.0333	0.00178551	0.000238906	0.897044
10.7061	0.000995384	0.000143873	0.934632
8.26601	0.00117907	0.000178381	0.782090
16.8326	0.00164391	0.000209065	0.823290
17.0049	0.000730827	0.000203861	1.399408
15.4061	0.00109963	0.000244725	1.133465
19.1905	0.000615919	0.000166106	1.566667
20.5	0.00148468	0.000206014	0.860920
12.5095	0.00126413	0.000211439	1.017751
21.2504	0.000704907	0.000148479	1.639879
15.2899	0.00153587	0.000233105	0.800568
21.0064	0.000677521	0.0001757	1.542767
21.9182	0.0017358	0.000132478	0.757650
13.5798	0.00162745	0.000211795	0.698696
15.7755	0.00175085	0.000205762	0.819255
16.9766	0.00105944	0.000242888	1.044490
17.8272	0.00167849	0.000176598	0.793838
15.8757	0.00150415	0.000171993	0.917486
17.2616	0.00166587	0.000187283	0.731907
13.0157	0.00198725	0.00013391	0.622805
20.8568	0.00187432	0.000140519	0.745051
21.2692	0.00156343	0.000160817	0.689510
11.8785	0.00103235	0.000219464	0.811180
12.0091	0.000640428	0.000158383	1.088333
12.4844	0.000630501	0.000208095	1.117905
10.0844	0.000849833	0.000131465	1.078372
13.1458	0.00173012	0.000208851	0.952685
12.7903	0.00184284	0.00016552	0.646936
14.157	0.000941255	0.000172083	1.227640
10.8049	0.000856945	0.000159609	0.931407
21.0129	0.00177154	0.000223632	0.635861
13.8371	0.00191003	0.000190827	0.600000
13.6299	0.00167682	0.000156295	0.898816
20.3007	0.000809221	0.000168308	1.235092
13.8699	0.00152244	0.000201897	0.887283
23.4757	0.00112625	0.000220862	0.953384
19.5503	0.0013341	0.000217342	0.878491
23.2608	0.00188186	0.000183224	0.535586
14.4237	0.00190015	0.00024469	0.630367
21.753	0.000694521	0.000244226	1.409174
13.5505	0.00120133	0.00023806	0.916881
19.3651	0.00140019	0.000167417	0.891437
19.5995	0.000608782	0.000141081	1.634035
17.5553	0.000733513	0.000257061	1.364516
19.9367	0.000722839	0.000155945	1.517751
10.1172	0.00140385	0.000166167	0.805393
21.8685	0.000660345	0.000214237	1.537621
16.1346	0.00127958	0.000241869	0.999830
20.9641	0.000955741	0.000224724	1.109577
13.8521	0.00188482	0.000237934	0.797313
18.8529	0.00149135	0.000177395	0.769784
19.1454	0.00176709	0.000196095	0.687621
14.3705	0.00138001	0.000200626	0.613476
24.1168	0.00153245	0.000208122	0.669931
18.788	0.000823906	0.000226648	1.114063
23.5902	0.00175057	0.00013118	0.626239
21.9518	0.00150527	0.000170251	0.806921
19.6117	0.00147579	0.000156762	0.785797
14.8019	0.00158274	0.000252319	0.935359
18.8192	0.00183134	0.000172836	0.774560
23.8384	0.0015901	0.000239979	0.683112
20.2188	0.00198203	0.000205965	0.692457
18.3395	0.000702772	0.000206751	1.464220
19.2352	0.00107115	0.000175217	1.129600
17.982	0.00121279	0.000193437	0.892376
12.2714	0.000877691	0.000193881	0.884466
20.3218	0.000947629	0.000181906	1.291667
8.571	0.0016365	0.000185326	0.748794
24.7674	0.00139928	0.000219427	0.785973
16.5772	0.00178141	0.000231106	0.804380
7.98323	0.00178313	0.000252367	0.588352
23.1839	0.00067118	0.000227006	1.411987
14.1459	0.00143028	0.000221647	1.086636
15.1245	0.00181959	0.000237794	0.800480
19.2089	0.00196577	0.000169266	0.710033
23.9657	0.00142943	0.000191892	0.684320
21.4759	0.00103157	0.000253837	1.074433
16.9854	0.00155551	0.000224617	0.868707
24.9133	0.000793396	0.000207665	1.345479
20.4676	0.000650131	0.00021316	1.533443
21.0522	0.00162324	0.00024858	0.718373
15.2714	0.00114535	0.000166689	1.107238
22.3326	0.00157378	0.000184642	0.631309
22.9447	0.000764431	0.000246849	1.231302
7.78542	0.000719274	0.000242685	0.777231
13.227	0.000867525	0.000195164	1.290840
19.3381	0.00198547	0.000202245	0.661381
23.1473	0.00182495	0.000183258	0.663182
14.1523	0.000996961	0.000195137	1.295154
15.3828	0.000874761	0.000203152	1.101244
12.6552	0.00161943	0.000191007	0.837174
12.5839	0.00114602	0.00024102	1.023062
20.0101	0.00183039	0.000238418	0.723014
13.5849	0.00155959	0.00025885	0.889407
15.5015	0.00197503	0.000180841	0.695916
18.5517	0.00128446	0.000232494	0.936789
20.8411	0.00175311	0.000209121	0.605474
14.7982	0.00173774	0.000194779	0.782494
21.3137	0.000661337	0.000200638	1.645659
19.3754	0.000984683	0.000195444	1.152609
14.279	0.00102721	0.000210802	1.280342
15.9199	0.000702295	0.000241754	1.368210
19.4042	0.00165569	0.000142207	0.860155
23.5597	0.0014644	0.000247417	0.920665
20.6372	0.00168876	0.000184092	0.762626
17.195	0.00174274	0.000248785	0.760966
19.0693	0.000874036	0.000227919	1.420098
23.0547	0.00142887	0.000143696	0.747181
21.2123	0.00078684	0.000243068	1.234054
20.1685	0.000672061	0.000194426	1.626984
20.2715	0.00178568	0.000184003	0.594258
11.4533	0.00122991	0.00023578	0.751742
21.8017	0.00185203	0.000174064	0.575316
13.6494	0.00155647	0.000238833	0.650954
23.4834	0.000800127	0.000192338	1.337037
13.8391	0.00105129	0.000131599	1.332636
11.4313	0.00108422	0.000246151	0.927470
16.351	0.00116491	0.000253859	1.062454
21.4469	0.000832538	0.000216398	1.152041
23.0731	0.00194646	0.000190236	0.655882
22.4048	0.00138798	0.000168293	0.920642
24.3318	0.00138274	0.000186375	0.885496
21.9922	0.000989005	0.000178141	1.117597
16.7886	0.00126704	0.000200869	1.067918
12.8052	0.00137486	0.000148131	0.917647
13.5997	0.00126727	0.000239909	1.066956
16.4866	0.00179009	0.000254191	0.670823
17.6891	0.00175895	0.000169416	0.813113
17.1033	0.00147016	0.000195623	1.063676
14.0736	0.00063957	0.000178776	1.704124
11.2267	0.00186908	0.000226242	0.640575
14.524	0.000897662	0.000160879	1.165854
17.166	0.00097548	0.000237278	1.183407
19.2088	0.00150511	0.000259174	0.760597
17.0253	0.00162725	0.000193314	0.805710
23.2494	0.00191963	0.000243065	0.628035
20.6222	0.00179685	0.000231081	0.657363
22.0111	0.00157611	0.000205443	0.821563
24.5195	0.00139931	0.00023726	0.746154
22.2147	0.00101907	0.000157721	1.074167
7.64808	0.00197481	0.000241958	0.519797
19.5493	0.000830444	0.000169591	1.540464
19.1826	0.00184431	0.000205239	0.663953
18.9352	0.00159384	0.000241757	0.772275
18.1829	0.00113906	0.000244676	1.003962
14.9269	0.000740953	0.000189741	1.663717
16.2678	0.00166216	0.00018675	0.795953
14.2572	0.00189634	0.000214806	0.800231
20.1837	0.00149655	0.000232459	0.837946
20.4143	0.00126488	0.000252054	0.927150
24.69	0.00184978	0.000220886	0.567580
20.5988	0.000689213	0.000186587	1.471517
14.3545	0.000863893	0.000130933	1.614975
20.2105	0.00132226	0.000175212	0.974475
9.53235	0.00189362	0.000134386	0.664368
10.4153	0.00197543	0.000204491	0.608525
24.7722	0.00144878	0.000161862	0.813683
22.8604	0.00160003	0.000223515	0.712450
10.6124	0.00142794	0.000221215	0.677677
23.6304	0.00139919	0.000229674	0.742058
14.3997	0.001246	0.000169685	1.180458
24.1979	0.0006844	0.000169172	1.471296
24.6134	0.00146981	0.0002515	0.796552
12.6816	0.00194038	0.000130107	0.664215
21.9153	0.00151865	0.0002273	0.720559
13.8883	0.00154616	0.000205748	0.696575
20.6048	0.000705461	0.000170647	1.710574
22.406	0.00161025	0.000168344	0.740843
13.951	0.00187095	0.000146449	0.813059
16.5474	0.000784598	0.000200465	1.167403
14.7933	0.00121794	0.000153545	0.807452
20.8851	0.00198575	0.000185464	0.594200
22.4719	0.00111389	0.000209886	0.878476
17.9319	0.00144785	0.000259926	0.835958
16.4759	0.00173912	0.000233448	0.679551
17.5491	0.00123092	0.000130417	1.039580
24.0334	0.00173044	0.000131301	0.616626
20.431	0.000707971	0.000159006	1.543675
16.8399	0.00182164	0.000132909	0.707848
23.7207	0.00198264	0.000162561	0.548132
18.0366	0.00158928	0.000164757	0.810705
15.8672	0.00135508	0.000144623	1.182022
10.9622	0.00107042	0.000134353	0.931928
14.8114	0.000675051	0.000171663	1.565696
16.6564	0.000894626	0.000139314	1.390557
18.7027	0.000879534	0.000198901	1.376585
12.6506	0.000989224	0.000236392	1.240807
15.0448	0.00199927	0.000163118	0.648634
14.5477	0.00134965	0.00019291	0.883117
13.4606	0.00175758	0.000177716	0.837563
11.2659	0.00095775	0.000228437	0.734004
22.261	0.0017471	0.000225967	0.655286
14.5427	0.00173417	0.000228357	0.795702
24.522	0.00143374	0.000135263	0.809720
19.9643	0.000919691	0.000235378	1.095360
16.1416	0.000694838	0.000201103	1.431875
21.3194	0.000657834	0.000156852	1.656958
15.5919	0.00134987	0.000147329	1.159194
15.3419	0.00175719	0.000231234	0.898263
13.4282	0.00119858	0.000132009	1.049557
24.9852	0.00188536	0.000183814	0.582867
10.1359	0.00110541	0.000176296	0.763405
15.1337	0.00176436	0.000152579	0.882426
17.4177	0.00121379	0.000217116	0.920959
16.8413	0.00182852	0.000152492	0.858935
13.1249	0.00115371	0.000259867	1.136398
18.5031	0.00152876	0.000223952	0.857444
15.9846	0.000682322	0.000165455	1.487261
17.7218	0.00069393	0.000144777	1.695652
13.7823	0.00176304	0.000183981	0.817375
23.6728	0.00191574	0.000223768	0.658122
24.8032	0.00101132	0.000181035	1.121503
15.6546	0.00186235	0.000202593	0.762690
22.4561	0.000647788	0.00018548	1.652787
12.8729	0.00115385	0.000149519	1.163724
24.4092	0.00186451	0.000130456	0.597506
14.559	0.00104483	0.000209624	0.971919
21.3469	0.000805519	0.000171651	1.274406
8.02965	0.00147631	0.000178568	0.845060
15.8289	0.00142517	0.000231903	0.800000
12.0502	0.00163677	0.000134642	0.717102
15.9319	0.00120284	0.000247559	1.040253
8.69148	0.00118401	0.00025691	0.617745
15.3697	0.00131776	0.000247513	1.003802
20.6128	0.00177527	0.000159543	0.647236
15.8354	0.00105277	0.000240511	1.031340
18.5668	0.00138126	0.000251585	0.740124
18.8102	0.000732593	0.000241958	1.222515
22.4832	0.00107625	0.000140631	1.035700
17.9501	0.00192255	0.000188477	0.653924
16.4822	0.00154979	0.000200273	0.871189
17.4881	0.000831508	0.000160314	1.562954
8.46281	0.0017749	0.00018367	0.779827
15.9945	0.000760866	0.000182857	1.492878
20.8522	0.000808497	0.000231735	1.303684
15.8706	0.00189292	0.00017655	0.680230
20.7848	0.0012316	0.000212788	0.977336
15.2175	0.00156687	0.000136266	1.055153
24.3464	0.000820959	0.000239013	1.132134
14.0529	0.000855686	0.000209553	1.171287
23.4294	0.000796354	0.000137762	1.461170
15.7025	0.00148227	0.000215801	0.841703
20.2995	0.00105191	0.000246151	1.058418
12.2193	0.00170569	0.000180975	0.769587
18.2174	0.0011821	0.000212114	0.959273
17.3298	0.00118889	0.000189161	1.024683
14.9629	0.000935474	0.000222901	1.139627
13.6831	0.000834188	0.000156537	1.168528
18.7529	0.00174792	0.000243248	0.721744
23.0976	0.00134224	0.000157557	0.912461
14.4177	0.00117919	0.000180865	1.180297
23.0138	0.0014883	0.000172091	0.804131
16.3386	0.00104498	0.0001381	1.425104
12.932	0.00107056	0.000256381	1.141116
24.1383	0.000788764	0.000252791	1.332708
15.3762	0.000924031	0.000215047	1.315566
12.6328	0.000649611	0.000245883	1.099672
22.1241	0.00164179	0.000172469	0.762743
15.1919	0.00180024	0.000227001	0.827394
23.1758	0.00118999	0.000206471	1.041281
13.9785	0.00076151	0.000257566	1.359366
15.7621	0.00168695	0.000247116	0.833419
23.9922	0.00100621	0.000231488	1.064076
10.0098	0.00147444	0.000229548	0.674449
22.182	0.000631339	0.000248387	1.525839
10.1968	0.00134196	0.000163751	0.746860
14.8478	0.00131987	0.000240928	1.110761
23.9925	0.000740067	0.000213387	1.405429
21.5703	0.00131772	0.000169378	0.980645
10.4389	0.00150137	0.000225136	0.758333
16.0958	0.00189577	0.000153829	0.772133
11.4999	0.000668759	0.000243365	0.883333
22.3705	0.00193041	0.000191173	0.620682
15.2122	0.00103549	0.000165159	1.161684
17.1767	0.00147594	0.000130782	1.076867
20.5702	0.00155605	0.000192556	0.703978
18.8275	0.000723082	0.000156203	1.454006
19.7227	0.00185364	0.000173852	0.729908
9.71607	0.000730011	0.000258434	0.760534
24.0972	0.00174248	0.000187622	0.602913
13.2486	0.000715336	0.000246443	0.905341
15.1302	0.00142342	0.00014884	0.978988
13.3022	0.00178222	0.000210558	0.854466
22.8259	0.00146246	0.00014748	0.778261
16.9463	0.000605994	0.000230277	1.523487
22.5583	0.00176951	0.000166287	0.645564
13.2968	0.00148314	0.000257384	0.921013
19.7727	0.00187191	0.000161291	0.765714
23.7091	0.00122659	0.000212739	0.926724
18.5823	0.00126938	0.000163324	0.964636
12.3336	0.00190545	0.000169727	0.646473
19.7358	0.00194684	0.000256669	0.687912
9.38639	0.000726652	0.000190597	0.967964
13.3021	0.00113834	0.000199432	0.989925
18.1776	0.000686313	0.00019752	1.372100
23.2091	0.00155797	0.000164423	0.641304
22.4209	0.00100841	0.000170051	0.963158
9.47378	0.00173252	0.000225199	0.720729
24.1061	0.00138055	0.00014599	0.848698
23.9329	0.00127051	0.000182615	0.871048
21.0723	0.00184542	0.000236131	0.594457
23.823	0.0011049	0.000244239	0.915488
15.9318	0.00184498	0.000218267	0.700942
24.5445	0.00198383	0.000248745	0.530458
14.491	0.000727374	0.00025687	1.334534
16.7415	0.00166827	0.000172938	0.847403
17.718	0.00155688	0.000188091	0.812465
21.1509	0.000600104	0.000165207	1.902128
9.04809	0.00119014	0.000252751	0.744771
11.9572	0.00107671	0.000165146	0.943452
13.7964	0.000786083	0.000224359	0.929919
16.6379	0.00150055	0.000183508	0.946320
21.2775	0.00137011	0.000223022	0.791460
12.7424	0.00116759	0.000200213	1.134220
16.0481	0.00180426	0.000241657	0.775211
9.55766	0.00150496	0.000133891	0.757804
14.2491	0.00173422	0.000216233	0.745244
20.5837	0.00082822	0.000254346	1.357841
24.3816	0.00184789	0.000213711	0.626171
12.825	0.000621852	0.000166271	1.739502
11.7718	0.00152814	0.000189026	0.714006
22.8638	0.00122018	0.000239161	0.858854
20.0749	0.00128726	0.000193086	0.951741
13.3454	0.0010701	0.000229267	0.783333
24.6274	0.00150726	0.00024924	0.723669
10.5474	0.00189812	0.000187509	0.598409
13.52	0.000973084	0.000193266	1.395918
19.1458	0.00156551	0.000252856	0.782329
9.26146	0.00126421	0.000211769	0.797931
12.9327	0.000873205	0.00025054	1.269873
14.1899	0.00122412	0.000162647	0.973921
18.8635	0.000600366	0.000227627	1.409643
14.3969	0.00117618	0.000195981	0.933147
18.9006	0.000772439	0.00022875	1.197222
14.968	0.000960927	0.000202622	1.179605
12.6601	0.00130287	0.000234083	0.625000
15.3116	0.00199639	0.000130024	0.647213
22.0423	0.00104483	0.000249575	1.087398
12.211	0.00142343	0.000199835	0.840180
21.8948	0.00181223	0.000255449	0.541735
10.1136	0.00066205	0.000141168	1.275490
8.1309	0.00180064	0.000141447	0.657966
13.6864	0.00144258	0.000176778	0.826432
14.1479	0.00111555	0.000195642	0.886717
13.6221	0.00104464	0.000149244	1.205696
23.5034	0.00169619	0.000177925	0.622472
23.3054	0.00159497	0.000228378	0.647676
13.1416	0.00124543	0.000216221	0.690956
22.5665	0.000670089	0.000153651	1.496519
24.714	0.000675063	0.000186619	1.397500
21.9657	0.00173503	0.000165715	0.706495
22.9931	0.00118026	0.000157849	0.991023
9.58765	0.000864121	0.000199638	0.905025
23.3041	0.00154264	0.000251853	0.673251
16.2742	0.000983142	0.000195264	1.076821
22.4228	0.00107157	0.000151019	1.287129
14.6221	0.00067934	0.000202868	1.069876
17.8082	0.00154303	0.000214679	0.765642
18.2409	0.00194089	0.000139634	0.668514
11.119	0.000687248	0.000157887	1.169375
19.8922	0.00105566	0.000208261	1.191498
15.1042	0.00142803	0.00017609	1.109786
19.8171	0.000919627	0.000130027	1.398372
9.74009	0.00120787	0.000138047	0.990126
13.5606	0.00122081	0.000143762	0.880382
19.7143	0.00152071	0.000247265	0.802813
8.6848	0.00116082	0.000161247	0.892453
11.565	0.00106844	0.000154032	0.989980
24.6624	0.00085843	0.000187178	1.235135
12.6961	0.00178659	0.000228892	0.788433
24.9442	0.000677611	0.00013435	1.782866
20.4669	0.00142279	0.000168275	0.976612
18.248	0.00069661	0.00016082	1.636111
13.6302	0.000984901	0.000195202	1.221700
12.6626	0.00184237	0.000212188	0.710058
16.0745	0.000616655	0.000187809	1.439789
15.0586	0.00150924	0.000147861	0.964978
24.509	0.00126751	0.000229128	0.826667
22.0895	0.00118601	0.000221627	0.986225
24.3726	0.000740548	0.0002356	1.309117
20.6744	0.00197649	0.000199263	0.569870
20.8221	0.00136211	0.000215409	0.868701
19.7363	0.00118805	0.000133599	0.995856
10.7376	0.00121224	0.000207732	0.763410
14.6365	0.000745914	0.000249211	1.035977
10.5936	0.00130047	0.000174066	0.691377
19.6631	0.00151115	0.000192683	0.901558
24.7349	0.00127016	0.00021078	0.723256
10.7053	0.00131119	0.000156293	0.903120
20.7196	0.00149132	0.000257598	0.764571
15.0824	0.000703201	0.000148487	1.639130
18.5049	0.00116441	0.000236379	0.994096
14.4357	0.00161583	0.000208778	0.948033
9.33637	0.0010377	0.000169008	0.949476
15.6668	0.00100583	0.000229406	1.066091
16.0905	0.000981061	0.000174476	1.314823
12.0942	0.000881622	0.000256581	0.814286
21.6418	0.00150979	0.000253494	0.734225
11.835	0.00102415	0.000219885	0.851775
20.686	0.00104407	0.00013076	1.134694
7.75092	0.00113673	0.000175886	0.763548
20.0533	0.00190833	0.000203334	0.702016
18.3674	0.00107438	0.000175962	1.127000
13.0796	0.000939127	0.000198173	1.180235
16.3254	0.00074546	0.000146948	1.636337
15.4593	0.00106512	0.000137899	1.322291
14.8762	0.00103871	0.000256087	1.236555
8.99187	0.00152271	0.00017456	0.668149
14.5105	0.00159763	0.000166717	0.689418
22.5558	0.00110573	0.000136886	0.976967
15.3258	0.000942368	0.000211793	1.311547
22.9702	0.000618051	0.000132961	1.695548
22.5788	0.00100739	0.00015286	1.272210
21.8003	0.000928849	0.000246938	1.067048
12.4294	0.00128298	0.000139287	0.823920
14.7573	0.00133484	0.000221589	0.905082
10.9635	0.00185866	0.000184529	0.666204
18.541	0.00123064	0.000249912	0.968237
24.5628	0.00075598	0.00022583	1.386592
21.4416	0.00170124	0.000157916	0.825532
14.0966	0.000656164	0.000145317	1.714716
22.4665	0.00173332	0.000171429	0.647001
17.9764	0.001838	0.000245666	0.668384
18.803	0.000736625	0.000188744	1.541691
14.5143	0.00121532	0.000181508	0.766261
16.651	0.0015162	0.000142892	0.862428
14.1387	0.000830831	0.000193436	1.087277
14.0102	0.00099436	0.000166143	1.423620
23.4463	0.00069262	0.000225742	1.481040
14.3505	0.00064858	0.000226772	1.361487
22.6546	0.00169172	0.000141775	0.592095
13.1955	0.00163711	0.000165709	0.932027
22.3657	0.000766546	0.000243834	1.371191
16.4423	0.00125303	0.00024007	0.977682
12.7563	0.00163801	0.000139673	1.079946
14.3615	0.00193164	0.000202251	0.721818
7.7991	0.0010015	0.00018286	0.733113
20.7854	0.000742616	0.000257577	1.247851
18.701	0.000619551	0.00022612	1.576471
24.2276	0.00170662	0.000231207	0.630322
13.7321	0.00171754	0.000165962	0.880873
18.7489	0.00151344	0.000178528	0.854610
7.60191	0.00113738	0.000150195	0.789844
13.7535	0.000880485	0.000159513	1.452750
21.7168	0.00186459	0.000171403	0.626910
22.4221	0.000767899	0.000232332	1.342818
21.5567	0.00197022	0.000165788	0.557559
18.3246	0.00123287	0.000248234	0.981533
18.2436	0.00176757	0.000246272	0.642092
19.6642	0.00162306	0.000135965	0.862533
8.35527	0.000874138	0.000220606	0.735427
15.0291	0.00193592	0.000228633	0.782844
24.9333	0.00111535	0.000189997	0.844423
21.9368	0.00148863	0.000242107	0.701855
14.156	0.0010624	0.000254135	1.011364
12.9699	0.000746039	0.000220225	1.337685
19.9647	0.00071443	0.000154888	1.572455
9.03589	0.00189007	0.000177859	0.661734
22.7326	0.00131322	0.000247407	0.851290
20.6764	0.00187718	0.000177343	0.597614
7.98964	0.000865351	0.000194656	0.883673
8.68827	0.00115389	0.000213492	0.779507
13.8165	0.000901904	0.000190709	1.244390
12.7267	0.00171022	0.000195338	0.791299
21.9147	0.00112032	0.00021909	1.057306
17.6148	0.00143923	0.000241769	0.780988
18.7841	0.00099242	0.000141931	1.197408
23.5572	0.00138179	0.000139455	0.809342
11.0748	0.00184018	0.000214491	0.732477
15.5361	0.00192265	0.000228672	0.646825
16.8123	0.0012852	0.000213562	0.879461
19.3443	0.0011439	0.000243088	1.014607
10.8414	0.000897545	0.000258759	0.876019
18.0522	0.00138006	0.000200855	0.902340
22.2943	0.000860379	0.000174589	1.305432
15.2721	0.00166398	0.000164665	0.843381
21.5705	0.0006325	0.000130344	1.797306
19.0673	0.000614402	0.00017482	1.741463
18.4689	0.00124521	0.000211005	0.937414
12.9126	0.00156979	0.000235085	0.994774
11.8252	0.00071543	0.000253711	0.910746
10.1524	0.00129629	0.00018668	0.840901
23.5691	0.00149248	0.000248636	0.717872
14.563	0.00191115	0.000209894	0.690482
18.4246	0.00114413	0.000167679	1.080675
12.6505	0.00067763	0.000199568	1.130818
24.9649	0.0018471	0.000191285	0.599543
17.9887	0.00198433	0.00015411	0.674701
24.0724	0.00129357	0.000188144	0.826961
24.6549	0.000938103	0.000191258	1.277079
15.2225	0.000934313	0.00025057	1.221678
19.6779	0.000865536	0.000241911	1.160494
14.2622	0.00120786	0.000210246	1.021416
17.8207	0.000922289	0.000158271	1.315421
21.9055	0.000671046	0.000254243	1.373101
17.9252	0.00119574	0.000193354	1.051712
24.2501	0.00122373	0.00025518	0.730743
24.2413	0.00121585	0.000249238	0.955035
21.5393	0.00151828	0.000162744	0.845518
24.398	0.000767551	0.000167812	1.318956
14.4858	0.000894528	0.000239161	1.094376
20.8664	0.00126556	0.000151781	0.919529
9.33521	0.0018439	0.000191398	0.611111
10.0688	0.00159242	0.00025955	0.633696
21.2776	0.000734345	0.000237022	1.370725
20.1043	0.00148543	0.000210273	0.908201
18.6747	0.000801347	0.00020562	1.333690
17.6004	0.00105245	0.000132372	1.217828
17.6344	0.000860647	0.000256692	1.094000
8.3881	0.00173457	0.000181988	0.733080
17.8773	0.000736082	0.000173086	1.405848
13.3079	0.00166496	0.000224185	0.806242
11.3303	0.00147974	0.000210409	0.820435
23.0406	0.00183048	0.00021409	0.630440
24.1196	0.00198393	0.000171672	0.599680
20.5324	0.000654758	0.000242663	1.532248
15.3003	0.000919639	0.000221328	1.211611
11.2811	0.000699014	0.000177367	1.115338
13.5338	0.000640336	0.000242627	1.391065
14.1261	0.00154348	0.000217015	0.846230
8.86497	0.00196231	0.000233528	0.528094
23.1432	0.000777303	0.000253056	1.433515
12.5662	0.000661768	0.000160915	1.628524
15.7499	0.000712045	0.000238849	1.447866
12.7571	0.00188145	0.000253561	0.837146
16.6603	0.00108468	0.000217888	1.205589
18.403	0.00151383	0.000172242	0.849858
13.2764	0.00158091	0.000227066	0.798741
23.8459	0.00194929	0.000246527	0.581453
17.9005	0.00199725	0.000253099	0.690723
13.4972	0.00142547	0.000223029	1.077709
24.9618	0.000755605	0.000133113	1.410614
13.8211	0.00124672	0.000153076	1.147703
16.8956	0.00167409	0.000187761	0.685659
18.7568	0.00070526	0.000250931	1.275684
21.1725	0.00106367	0.000234027	0.911800
19.8564	0.00143158	0.000251084	0.804179
21.9512	0.000692586	0.000208733	1.241104
9.39764	0.00121056	0.000245244	0.687971
12.7464	0.00187322	0.000137585	0.947450
23.3348	0.00141126	0.000172404	0.824288
17.9987	0.000862998	0.000249654	1.191272
21.3372	0.00123435	0.000259977	0.988276
18.3676	0.00108481	0.000191845	1.068515
24.9091	0.00161741	0.000237769	0.610300
22.3097	0.00153504	0.000253431	0.763485
8.35184	0.000780264	0.000225646	0.835211
23.9389	0.00156833	0.000141123	0.737871
20.4236	0.00174172	0.000201495	0.582721
24.4577	0.00170965	0.000221585	0.568974
20.7843	0.000728633	0.000132823	1.552047
9.18132	0.00138468	0.000216327	0.776850
14.3839	0.00132679	0.00017738	0.871975
17.6762	0.000838076	0.000197785	1.243445
13.992	0.0012781	0.000178446	0.751656
14.904	0.00131256	0.000172033	1.024792
19.5909	0.00157733	0.000181765	0.785075
13.7709	0.00132604	0.000186221	1.022758
12.8765	0.000765079	0.000223105	1.434971
22.1719	0.000932026	0.000177716	1.482232
21.3101	0.00158464	0.000203254	0.799866
7.64847	0.00118939	0.00020358	0.742537
21.8866	0.00125926	0.000219764	0.877572
23.6677	0.000773509	0.000216543	1.343169
7.74073	0.00102234	0.000162671	0.839913
15.6291	0.00139359	0.000257872	0.866719
12.6183	0.000854205	0.000140806	1.134663
12.614	0.0015169	0.000143003	0.834129
22.8692	0.000645805	0.000250593	1.487541
17.7782	0.000976962	0.000248601	1.053745
23.109	0.00178758	0.000204422	0.592891
13.3822	0.000637081	0.000242527	1.053667
13.8176	0.00168039	0.000148054	0.743643
13.9695	0.000805177	0.000179435	1.207631
11.3042	0.000718312	0.00016647	1.135821
24.0957	0.00125767	0.000234029	0.928067
12.6528	0.000915582	0.000151044	0.972326
24.564	0.00184327	0.000219815	0.560367
21.8383	0.00166793	0.000217119	0.627898
14.7622	0.000864723	0.000132128	1.417215
17.9431	0.000658318	0.000158044	1.891830
14.4772	0.000651297	0.00023667	1.470134
23.3799	0.00138848	0.000165191	0.758079
13.6314	0.00141539	0.000163844	0.888174
8.509	0.0019176	0.000210923	0.645934
21.8133	0.0018703	0.000184533	0.617955
13.0182	0.00110592	0.000215398	1.176400
17.1297	0.000857676	0.000256835	1.149118
21.7701	0.00150745	0.000168768	0.783357
15.9966	0.000705258	0.00024964	1.419385
14.0182	0.00163379	0.000168634	0.775907
17.6922	0.00116136	0.000177728	1.088868
19.9167	0.00193583	0.000197268	0.646077
14.8186	0.000907512	0.000251553	1.117308
21.498	0.000630693	0.000218594	1.572054
19.1148	0.00079109	0.00017899	1.390244
7.89186	0.00088449	0.000224484	0.798500
13.273	0.00109738	0.000242656	1.087324
23.4089	0.0013287	0.000204595	0.832166
12.744	0.00113479	0.00017376	1.141406
17.0743	0.000823184	0.000177237	1.412598
23.7998	0.0013036	0.00019152	0.901948
24.3481	0.000681545	0.000145014	1.786687
18.9639	0.00165192	0.000214259	0.680390
13.4065	0.00111673	0.000147879	0.999810
20.083	0.000967145	0.000249434	1.107726
7.69965	0.00120381	0.000181679	0.799448
16.8984	0.000636558	0.000172515	1.680000
13.5548	0.00168733	0.000208829	0.604151
17.6738	0.000905848	0.000204483	1.214252
15.899	0.00175391	0.00016226	0.756877
24.2609	0.00183176	0.000205895	0.570358
12.7166	0.00177309	0.000221147	0.887109
14.0724	0.00175343	0.000187023	0.776817
20.9571	0.00122719	0.000172118	1.181771
20.2755	0.00115085	0.00025152	1.074768
21.8382	0.00113906	0.000212945	0.934515
14.7785	0.00181569	0.000217907	0.893855
18.4014	0.000683767	0.000169811	1.512893
15.3823	0.000842953	0.000215757	1.455555
10.3589	0.00178054	0.000208876	0.611651
18.9596	0.00140221	0.000221124	0.907492
23.3645	0.00187643	0.000177606	0.601467
9.53861	0.00160871	0.000197963	0.528649
14.9148	0.00144271	0.000135799	1.096667
20.27	0.00140953	0.000195639	0.835606
14.9649	0.000699518	0.000132032	1.256928
21.0575	0.00182779	0.000241336	0.583450
22.4003	0.00169717	0.000175995	0.656625
21.1219	0.000772189	0.000220332	1.447658
21.9368	0.00149252	0.000200934	0.787892
12.8123	0.000804231	0.000253923	1.187603
22.537	0.00087003	0.000148292	1.303171
12.7692	0.000696998	0.000157195	1.544267
14.1048	0.00190874	0.000157148	0.801037
21.5376	0.00107269	0.00013404	1.102778
19.2154	0.00185122	0.000244789	0.692245
13.3745	0.0018186	0.000259284	0.631272
11.0468	0.000759245	0.00023648	0.957062
18.3176	0.00107002	0.000214779	1.202610
20.4726	0.00147109	0.000145323	0.829028
17.884	0.00137169	0.000257927	0.874568
16.0142	0.000742569	0.000193093	1.377778
21.8312	0.000765349	0.000235736	1.266944
14.6916	0.0013278	0.000223868	0.759300
10.4545	0.00151744	0.000167957	0.734851
12.4019	0.00143464	0.000194859	0.728826
22.0182	0.00116114	0.000170214	0.883912
13.2396	0.00140799	0.000246367	0.895290
13.785	0.00102263	0.000156743	1.289677
17.0989	0.00180434	0.000178236	0.753413
23.8354	0.000891959	0.000161452	1.110427
22.8663	0.00104338	0.000206903	0.974797
7.98836	0.000860146	0.000239044	0.732564
16.1577	0.00104605	0.000165988	1.263485
7.78285	0.00195851	0.000214067	0.526923
21.6632	0.000640976	0.000131493	1.674835
22.5473	0.00147309	0.000171838	0.782421
18.214	0.00174206	0.000203085	0.806049
14.5222	0.00168233	0.000257741	0.865885
9.14298	0.00103122	0.000191403	0.917759
8.82302	0.00100341	0.000213175	0.868192
20.7457	0.00109184	0.00014014	1.200586
13.9232	0.000920574	0.000168955	1.358473
10.2216	0.00171092	0.000196591	0.743236
24.2806	0.00178938	0.000168249	0.617946
13.6917	0.000671015	0.000233873	1.023659
10.0228	0.0017277	0.000186539	0.734586
15.6556	0.000723785	0.000178178	1.360060
16.0328	0.00151579	0.000177189	0.979226
15.5829	0.00175277	0.000146802	0.920621
22.716	0.00167557	0.000251599	0.616835
8.81904	0.0013295	0.000138961	0.760296
13.8783	0.00178058	0.000165576	0.550357
18.1391	0.000931761	0.000248689	1.142032
14.0536	0.00069456	0.000147698	1.318293
12.2836	0.00193777	0.000222481	0.621806
20.2004	0.00121803	0.000138713	0.941053
16.1566	0.000991852	0.000199985	1.236543
17.1804	0.00116467	0.000241372	1.041187
12.8585	0.00173587	0.000157108	0.664461
14.469	0.00180105	0.000196939	0.782948
18.9612	0.00144917	0.000185606	0.784911
13.6507	0.000955036	0.000177953	1.569816
18.007	0.00141339	0.000241118	0.917656
24.0956	0.00097623	0.000245782	1.158009
17.9661	0.00129635	0.000198227	0.983056
24.2749	0.00119795	0.000178018	1.015520
21.3121	0.00117123	0.000168321	0.951273
14.5285	0.00133049	0.000135765	1.165239
17.4413	0.0018879	0.000167729	0.696110
16.3262	0.00108951	0.000182733	1.196223
14.0706	0.000785183	0.000159734	0.968464
20.5886	0.000819093	0.00015028	1.359896
14.3008	0.00171356	0.00024367	0.857875
12.8452	0.000698437	0.000169201	1.422222
12.8783	0.000962769	0.000219066	1.248966
17.9411	0.000989535	0.000226694	1.128696
22.5013	0.00062406	0.000150699	1.632653
16.7787	0.00114941	0.000192989	1.200000
17.655	0.00182683	0.000191964	0.731759
16.0549	0.00127024	0.000198094	1.018120
14.6308	0.00198298	0.000142586	0.581983
13.6877	0.000855451	0.000209713	1.476864
8.06906	0.000987835	0.00017583	0.809821
12.5203	0.00186066	0.000219566	0.618557
13.7979	0.00182547	0.000189322	0.612427
11.5626	0.00159768	0.000215364	0.669169
13.0036	0.00178854	0.000187551	0.777695
20.6283	0.000972509	0.000241183	1.109649
14.7908	0.00104671	0.000188546	1.178288
15.5098	0.00155669	0.000140788	0.891596
19.4166	0.00154948	0.00017057	0.906906
18.5238	0.00185025	0.000225276	0.783740
12.3704	0.00101893	0.000236755	0.870711
21.1114	0.000655562	0.000214467	1.448377
18.7893	0.0010903	0.000205688	1.120276
8.35478	0.00115566	0.000133216	0.918476
12.2937	0.00124818	0.000155465	0.817094
15.7641	0.00141703	0.00015627	0.933180
10.4092	0.00126044	0.00013979	0.867979
18.1781	0.0012366	0.00024345	0.894087
14.9858	0.00111701	0.000240118	0.994922
11.7525	0.000703487	0.000212331	1.062918
19.3508	0.000993173	0.000150131	1.326509
19.21	0.00130346	0.000182161	1.004605
22.3971	0.000920105	0.000255417	1.123041
12.8059	0.00112993	0.000236157	1.113922
16.9275	0.00148237	0.000224315	0.891837
17.4392	0.000981956	0.000252962	1.055604
22.0481	0.00116903	0.000156917	1.028909
13.127	0.00178964	0.000206174	0.687767
14.2531	0.000740109	0.000151089	1.478338
13.2111	0.000797293	0.000146904	1.246400
20.8409	0.00172745	0.000222498	0.695432
24.6884	0.000954362	0.00017571	1.169690
13.6578	0.00132672	0.000149383	1.169269
12.4971	0.00134861	0.000198955	0.829858
17.6794	0.00126651	0.000137357	1.027551
19.9245	0.00103183	0.000240666	1.073292
21.314	0.000898238	0.000241544	1.166588
13.5902	0.00183719	0.000242421	0.873830
20.3602	0.0019619	0.000222319	0.587269
18.0976	0.00143904	0.000255524	0.848431
20.2824	0.00172202	0.000199453	0.680521
19.7782	0.00117572	0.00024567	1.032364
23.828	0.00140712	0.000241523	0.696997
23.3503	0.00163987	0.000175567	0.643540
19.9555	0.0014393	0.00024318	0.796439
12.0747	0.000639768	0.000150094	1.293333
23.3439	0.00136104	0.000234506	0.772784
24.4771	0.00117364	0.000205123	0.865288
14.6158	0.000831493	0.000214938	1.373684
17.1542	0.00159678	0.000201518	0.799729
15.4048	0.0017695	0.000202213	0.858867
18.3822	0.00134864	0.000158379	0.855024
11.3787	0.00099483	0.000228181	0.704095
10.7943	0.00184204	0.000165647	0.672982
14.8883	0.00175507	0.00014181	0.835786
18.645	0.00100124	0.000211257	1.007066
15.2651	0.000633018	0.000244803	1.556357
24.9744	0.00112541	0.000200364	0.906180
22.18	0.00148296	0.000173879	0.709312
19.9335	0.00170396	0.000241872	0.745922
10.8626	0.00108897	0.000206634	0.922727
12.0663	0.00172055	0.00019956	0.737640
18.0743	0.000846573	0.000178901	1.335025
14.8556	0.00178929	0.000223707	0.752689
18.2926	0.00140259	0.000162403	0.894632
17.0785	0.00141917	0.00018666	0.932268
10.5928	0.00125133	0.000147118	0.851724
23.1286	0.00137775	0.000156588	0.882615
23.7288	0.000976326	0.000211291	0.887879
13.8766	0.000878044	0.000178587	1.364662
15.0633	0.000728205	0.000144353	1.518862
16.6419	0.00166385	0.000202367	0.899870
11.9608	0.00101101	0.000247392	0.908457
17.7588	0.00083824	0.00020464	1.250900
15.2739	0.000752292	0.000197797	1.289565
13.3135	0.00130179	0.000201226	1.077080
22.7373	0.00194321	0.000187566	0.603384
24.5252	0.000694064	0.000218036	1.350760
8.73194	0.00105328	0.000229226	0.860291
20.6823	0.00160283	0.000180295	0.681915
18.3117	0.001216	0.000207367	0.917315
15.4465	0.00185727	0.000245946	0.722887
23.1826	0.00118501	0.000240633	0.974286
16.9348	0.00149729	0.000259613	0.788456
15.9142	0.00174847	0.000250725	0.706095
12.3883	0.000904231	0.000257953	0.867217
14.618	0.000631392	0.000210722	1.176589
13.3222	0.000607838	0.000238622	1.418841
22.7963	0.00132893	0.000240001	0.697129
12.1998	0.00145846	0.000205512	0.842460
18.2754	0.00165511	0.000199256	0.678831
22.3982	0.00062328	0.000257994	1.224150
22.5983	0.000654817	0.000254664	1.233981
23.5263	0.000622968	0.000176453	1.624830
15.0241	0.000648724	0.000238754	1.555033
8.06354	0.00174718	0.00024745	0.662200
12.5027	0.00196206	0.000206704	0.817007
21.8209	0.00159632	0.000150637	0.844474
21.8318	0.000940173	0.000178728	1.105192
24.845	0.000805446	0.000191206	1.328534
23.8712	0.00174158	0.000209189	0.640705
21.8742	0.00176438	0.000149659	0.677952
23.1234	0.0010143	0.000246056	1.112944
23.1427	0.000824256	0.000184791	1.337789
13.9513	0.00166452	0.000259319	0.798415
13.1836	0.0013622	0.000217344	1.010714
19.4629	0.00123761	0.000254302	0.937024
8.91395	0.000898306	0.000135668	0.996107
12.8872	0.00185863	0.000171954	0.928282
13.5971	0.000897237	0.000139233	1.410319
23.7794	0.000902991	0.000195381	1.090866
21.9373	0.000610523	0.000198797	1.397222
17.1962	0.001689	0.00013344	0.805627
23.4479	0.00113501	0.000156017	1.068843
24.1868	0.00164731	0.000207805	0.633974
19.1014	0.00142611	0.000159328	0.964511
13.4187	0.00191679	0.000170187	0.767051
16.7422	0.0010467	0.000161514	1.333058
20.9759	0.000859317	0.000147411	1.405955
21.5649	0.000753406	0.000140205	1.562429
8.6471	0.00193367	0.000245915	0.596032
15.7547	0.00172291	0.000141182	0.683333
14.5078	0.00143307	0.000190153	0.958563
20.4778	0.00107989	0.000209653	0.992095
14.4052	0.00144434	0.000217292	0.950076
21.4871	0.000749924	0.000149095	1.392918
12.9047	0.00197547	0.000169955	0.845281
20.5099	0.0014058	0.000184259	0.870258
13.3761	0.000621382	0.000214548	1.632624
10.9173	0.000694546	0.000137613	1.017338
7.7499	0.00107783	0.00022211	0.733881
13.0709	0.000668312	0.000194788	1.403311
22.208	0.00178512	0.000199233	0.566587
15.0798	0.000833018	0.000205307	1.374607
13.6954	0.00110515	0.000156137	1.170916
21.6727	0.00136805	0.000244487	0.943944
16.1198	0.00174954	0.000139918	0.867081
19.2348	0.00117687	0.000249706	1.123454
15.5624	0.00106136	0.000250295	1.057172
10.9296	0.00193044	0.000200077	0.610368
19.0252	0.00168839	0.000146146	0.784244
18.6295	0.00115567	0.000252321	0.975651
7.80552	0.000885943	0.000226099	0.770324
21.2951	0.00107085	0.000180594	1.142942
14.0914	0.00147914	0.000218245	0.861516
18.8135	0.000941713	0.000171739	1.233713
19.0244	0.00112721	0.000250422	0.981559
23.5088	0.00160908	0.000203556	0.756316
20.0896	0.000855225	0.000166436	1.163500
12.7613	0.000941736	0.000175139	1.184941
22.7798	0.00115575	0.00014098	0.946789
15.3706	0.00172926	0.000194029	0.826103
12.6183	0.00119441	0.00019911	1.106877
13.7578	0.00126751	0.000172789	0.809532
15.4685	0.00157584	0.000189409	0.867912
13.0254	0.0016766	0.000257726	0.846235
14.9109	0.00137985	0.000225752	0.882567
14.2313	0.000903264	0.00016089	1.567476
15.9112	0.000892918	0.000236253	1.116545
13.1155	0.00121685	0.000167527	1.160000
18.8007	0.00115654	0.00013097	1.048423
23.6988	0.000687043	0.000211556	1.273538
17.4321	0.0017313	0.000188986	0.722194
9.52259	0.00127544	0.000255127	0.642589
13.4821	0.00139677	0.00021588	0.765350
13.0323	0.00186613	0.000247398	0.874496
17.7194	0.00133426	0.000167544	0.863490
17.4076	0.00107495	0.000154258	1.313655
14.5522	0.00193609	0.000230777	0.743375
19.4401	0.0019919	0.000237603	0.584839
19.4356	0.000997584	0.000191842	1.175966
23.4731	0.00112827	0.000247017	0.934709
8.6192	0.00179852	0.000239073	0.564268
20.9426	0.00180869	0.000196777	0.626031
11.6832	0.00118589	0.000137637	0.832852
22.125	0.000645217	0.000250168	1.344079
19.7157	0.000752653	0.000251609	1.265909
18.001	0.000946069	0.000130009	1.396136
16.3937	0.00115831	0.000242762	1.027851
20.555	0.00191888	0.000182851	0.700667
18.4503	0.000671482	0.000253091	1.386901
14.2776	0.00153789	0.000210853	0.911840
15.9173	0.0012402	0.000132742	1.018914
21.5652	0.00132406	0.000257413	0.822793
21.8157	0.00155284	0.000219512	0.793571
23.6368	0.00193415	0.000249988	0.544967
21.7092	0.00113533	0.000224699	1.017041
13.107	0.00144356	0.00023968	1.082695
8.02138	0.000852832	0.000159239	1.012435
13.2163	0.00127402	0.000145327	1.112847
14.0899	0.00119103	0.000177268	0.823446
20.2006	0.000639283	0.000192307	1.568667
18.9566	0.00121336	0.000254376	0.960954
13.8191	0.000925317	0.000142967	1.137071
8.86045	0.00109108	0.000199426	0.909619
15.1126	0.00107413	0.000200275	1.152846
11.6034	0.00110017	0.000239524	0.753502
8.7698	0.0010474	0.00023221	0.742589
8.59117	0.00115726	0.000171235	0.845455
19.4208	0.00121591	0.000214121	0.922887
19.3073	0.00160847	0.000192934	0.762850
20.2578	0.00187123	0.000169474	0.719749
21.2939	0.00165877	0.000197096	0.698845
13.3738	0.00149319	0.000205329	0.822781
21.8754	0.00124848	0.000144518	0.895068
23.1854	0.00185734	0.000216554	0.600342
23.9899	0.000708011	0.000203399	1.310149
10.6715	0.00153003	0.000179945	0.615775
16.6392	0.000681466	0.00018859	1.361905
12.2982	0.00166736	0.000162741	0.810499
20.3246	0.000801561	0.000227073	1.247872
20.3992	0.00163342	0.000191077	0.730719
14.2156	0.00100858	0.000168088	1.367609
23.7465	0.0018552	0.00024357	0.634550
15.5301	0.00153432	0.000157721	0.805824
12.7348	0.00105202	0.000164845	0.787247
19.7858	0.000825633	0.000176673	1.272021
22.3004	0.00181698	0.000167102	0.753621
24.7726	0.00131408	0.000175906	0.856340
16.9716	0.00163271	0.000245663	0.719603
11.7283	0.000954323	0.000178364	1.113453
18.791	0.000668481	0.000226675	1.439102
13.0227	0.00163602	0.000221262	0.783626
13.0425	0.00196757	0.000218621	0.637189
20.9979	0.000746048	0.000145674	1.528000
14.2223	0.00118596	0.000147307	1.192963
13.206	0.00142471	0.0002175	0.618182
14.7623	0.00163058	0.000212508	0.853289
23.3005	0.00137415	0.000175854	0.803236
19.5258	0.00124917	0.000176201	1.037671
14.7495	0.00158891	0.000208009	0.917631
23.7288	0.00172103	0.00024859	0.641769
23.8732	0.000978278	0.000178563	1.153132
8.7118	0.00102738	0.000162088	0.984222
19.1003	0.000738585	0.000251377	1.537391
12.9066	0.00177669	0.000246458	0.807116
24.6805	0.000821608	0.000244315	1.200257
19.2352	0.000642939	0.000239389	1.355000
15.7257	0.00114219	0.000184188	1.052762
22.8752	0.00123236	0.000161995	0.988488
15.9095	0.00116478	0.000212396	1.055597
14.1857	0.00147946	0.000163883	0.888412
16.7904	0.00173377	0.000234216	0.654182
14.5247	0.00196977	0.000155811	0.802784
21.5441	0.00104489	0.000248675	0.974593
12.595	0.00190374	0.000142005	0.757944
14.6578	0.001058	0.000194246	1.196488
22.4615	0.000624479	0.000247811	1.388474
15.695	0.0016029	0.000240076	0.810448
22.7058	0.00103619	0.000233903	0.967485
15.5564	0.00197875	0.000193652	0.607048
10.635	0.00090795	0.000152799	1.001663
15.2163	0.0010408	0.000251595	1.118619
13.9305	0.00143133	0.000164681	0.960369
16.4142	0.00149336	0.000210258	0.896371
19.786	0.00138354	0.000162169	0.834158
24.1679	0.000849817	0.000134789	1.555224
22.4887	0.00131203	0.00021167	0.851373
13.7128	0.00189507	0.000259227	0.758721
11.2104	0.00103637	0.000222668	0.912422
8.74221	0.00110544	0.000252785	0.736040
21.3898	0.00179936	0.00022464	0.619763
15.815	0.000844168	0.000189214	1.490464
19.0852	0.00121351	0.000235665	1.002297
18.2337	0.000756634	0.000184044	1.280398
11.4655	0.00166202	0.000254752	0.673161
7.68299	0.00182285	0.000245613	0.548297
23.4561	0.00147045	0.000167874	0.843885
14.9603	0.000650781	0.00022117	1.508389
14.2852	0.00190101	0.00022038	0.706813
18.2311	0.00146651	0.00023943	0.862023
13.5266	0.00081699	0.000141088	1.799461
20.5246	0.000789305	0.00016434	1.326757
16.1122	0.000841709	0.000195278	1.277320
22.3112	0.00181773	0.000207957	0.553855
17.9683	0.00177229	0.000158281	0.621750
15.7227	0.000984094	0.000230803	1.209271
16.8665	0.00174893	0.000246807	0.785025
13.7135	0.000836529	0.000196522	1.416579
18.2702	0.00101049	0.000180027	1.208511
10.9719	0.000958746	0.000147807	1.008072
13.7049	0.00152582	0.000259375	0.954545
17.4517	0.00115464	0.000132648	1.167477
12.5837	0.00107874	0.000178113	0.991304
21.8925	0.00074083	0.000247355	1.234671
22.2824	0.00137523	0.000159637	0.857407
22.4621	0.00166947	0.000182137	0.683990
12.0812	0.000992651	0.000131651	1.183871
13.6972	0.00116225	0.000204293	1.354167
17.0621	0.000849201	0.000259773	1.296946
10.4516	0.00197306	0.000173565	0.612363
22.858	0.000766717	0.000144335	1.344475
18.6245	0.000614727	0.000140338	2.004895
13.266	0.000600455	0.000216123	1.555882
16.3683	0.000629916	0.000221541	1.494158
20.3719	0.00065348	0.000184427	1.526797
21.844	0.00142002	0.000219481	0.805389
24.4856	0.00111452	0.000259881	0.883523
22.943	0.000770318	0.000223669	1.240385
24.6186	0.000613366	0.000171284	1.396907
20.724	0.001424	0.000151084	0.801647
14.5052	0.00135752	0.000135935	1.047334
22.6184	0.00104208	0.000223061	1.019309
14.3002	0.00181731	0.000166831	0.827415
16.0576	0.000624084	0.000137976	1.670486
18.2633	0.000799714	0.000179668	1.332796
14.9371	0.00179355	0.000198386	0.693176
13.4609	0.000674771	0.000245919	1.401634
18.3319	0.00173312	0.000183198	0.676427
12.7753	0.001042	0.00015244	1.408511
14.0971	0.00107859	0.000251292	0.816274
7.99846	0.000656805	0.000131578	1.168121
10.2424	0.00140658	0.000130859	0.811674
20.4816	0.00120671	0.000131748	1.097527
24.4759	0.00198777	0.00017397	0.552285
18.8311	0.00188297	0.000151405	0.687229
16.7795	0.00138444	0.000243709	1.013906
18.7067	0.00104873	0.00015184	1.182413
23.6059	0.00107701	0.000142851	1.023183
22.1786	0.00149115	0.000259732	0.704843
13.6328	0.00157549	0.000176761	0.797443
10.7275	0.00136061	0.000183762	0.666297
23.4302	0.000652548	0.000252116	1.361812
18.6337	0.00109234	0.000149958	1.245383
10.9416	0.00060648	0.000174523	1.209574
21.9718	0.00131173	0.000250213	0.949515
20.7867	0.0016796	0.000133857	0.784645
11.7837	0.00145059	0.000177775	0.745870
17.704	0.001165	0.000204494	1.075231
10.7858	0.00139775	0.000225778	0.659014
21.9988	0.00165282	0.000204323	0.634190
23.6594	0.000690763	0.000203706	1.314985
16.4759	0.00151307	0.000162703	1.054728
12.8915	0.00152294	0.000214332	0.960844
15.7906	0.00101092	0.000230263	1.304086
24.3185	0.00118304	0.000246471	0.856429
17.426	0.00175886	0.000257799	0.698650
21.6486	0.00138639	0.000238412	0.743865
22.5526	0.00157286	0.000156354	0.649123
19.9032	0.00160163	0.000132595	0.775033
14.6097	0.00127245	0.000136345	1.296902
16.3921	0.00103835	0.000191235	1.240710
9.53905	0.00131872	0.000210975	0.689621
15.1403	0.00190605	0.000155562	0.812944
22.1607	0.00123351	0.000253483	0.944750
8.97528	0.000785854	0.000152393	1.004444
24.4428	0.000683066	0.000209018	1.381790
20.0314	0.00101987	0.000210442	0.930126
11.5552	0.0019601	0.0002414	0.574208
14.617	0.00101011	0.000154153	1.216703
24.123	0.0014428	0.000185451	0.796779
24.8562	0.00183696	0.000153572	0.578391
12.9158	0.00146613	0.000177741	0.874735
16.9493	0.000603442	0.00022214	1.495699
13.245	0.000691196	0.000199865	1.413738
24.1418	0.000910232	0.000156143	1.098376
17.6547	0.00136902	0.000136167	0.979527
23.5072	0.00138288	0.000236081	0.844190
14.6747	0.000619135	0.000258404	1.354417
9.14546	0.00172139	0.000176105	0.590368
12.6835	0.00126573	0.000194408	1.055614
20.3159	0.00163406	0.000238593	0.644967
10.1782	0.0016965	0.000160559	0.702296
22.0521	0.00089074	0.000257398	1.188095
18.5026	0.00154838	0.00020467	0.851734
21.7993	0.00125605	0.000211596	0.841455
19.4418	0.00148155	0.000138644	0.845087
24.2568	0.00171546	0.000170068	0.619335
14.7304	0.00144411	0.000174256	0.870029
24.3021	0.00195083	0.000178489	0.638787
7.60785	0.00179127	0.000192726	0.765509
16.2865	0.000690665	0.00023498	1.380878
23.6775	0.00181608	0.000200349	0.644872
8.90242	0.00183836	0.000190183	0.671191
15.0972	0.000912067	0.000232265	1.393062
10.5171	0.00146868	0.000156417	0.642144
9.05108	0.0016268	0.000176749	0.764966
20.2718	0.00194487	0.000213673	0.617234
17.4457	0.00143067	0.000229011	0.923228
20.9328	0.00180222	0.000229004	0.700473
14.9749	0.00143917	0.000250389	0.920941
20.7462	0.0015138	0.000158968	0.822535
14.677	0.00176229	0.000136733	0.865342
7.85762	0.00154802	0.0001893	0.716881
16.5643	0.000877111	0.000176524	1.198766
22.1048	0.00194617	0.000204201	0.605022
13.6827	0.000830127	0.000132351	1.642705
14.6391	0.00096544	0.000256281	1.197964
9.97421	0.000609562	0.00016629	1.055674
23.7642	0.0012787	0.000145002	0.812893
15.4914	0.0010675	0.000190546	1.329184
12.9517	0.000610374	0.000142805	1.354007
14.8607	0.00146663	0.000223392	0.866468
22.4557	0.000718856	0.000240196	1.306490
12.9985	0.000687447	0.000177256	1.414791
23.0887	0.00168691	0.00015429	0.635427
14.1678	0.00152342	0.000193145	1.066859
24.3556	0.00163703	0.00019392	0.666710
12.7589	0.00126331	0.000213766	1.172807
15.0342	0.00159965	0.000237453	0.856011
11.5446	0.0015909	0.000207512	0.631402
15.2866	0.00152456	0.000182322	0.967525
16.9689	0.00107931	0.000135646	1.188176
16.4718	0.00179031	0.000213236	0.691162
16.2935	0.00173478	0.000136848	0.847559
24.5108	0.00189061	0.000244847	0.565251
15.1515	0.00189692	0.000231064	0.724281
16.1566	0.00162783	0.000170421	0.869067
22.797	0.00134136	0.000163409	0.873934
13.3466	0.00167982	0.000244112	0.770959
24.1916	0.00150256	0.000190261	0.741350
22.6318	0.00178583	0.000143418	0.571259
15.5587	0.000815768	0.00019107	1.397867
17.9479	0.00174789	0.000252619	0.737438
14.5905	0.000912092	0.000191354	1.342926
13.3155	0.00132242	0.000162626	0.972621
23.699	0.00157088	0.000146193	0.756334
17.9813	0.00061134	0.000252265	1.498239
19.6862	0.000928224	0.000133128	1.389862
7.69155	0.00143231	0.000205743	0.635449
15.5155	0.00126163	0.000200725	0.946459
16.564	0.000967414	0.000206953	0.997539
7.8149	0.00125973	0.000209199	0.690334
19.3573	0.00142934	0.000200178	0.707346
22.2807	0.00112978	0.000146157	0.994173
19.6492	0.000893524	0.000186487	1.133254
15.5676	0.00110987	0.00018147	1.066274
13.1698	0.0016842	0.000151743	1.068068
22.4054	0.00169108	0.000253869	0.711418
13.0323	0.00182112	0.000164929	0.717523
24.3614	0.000780001	0.000238948	1.371081
18.9965	0.00184133	0.000242672	0.612354
15.3421	0.00153208	0.000134188	0.896724
19.479	0.00151319	0.00016232	0.857850
18.7376	0.000627205	0.000130579	1.620206
23.9815	0.0017503	0.000164638	0.647584
12.5469	0.00160005	0.000173579	0.947983
15.7521	0.00170298	0.000140829	0.783248
13.0739	0.000810785	0.000167566	1.477657
14.4821	0.000637093	0.000185116	1.721650
23.1396	0.00150978	0.000230597	0.773913
17.6149	0.000657201	0.000227164	1.534426
14.6684	0.00170021	0.000187584	0.857990
12.9031	0.000944937	0.000154649	1.355972
20.5756	0.00188013	0.000165497	0.641884
15.3723	0.00122365	0.000188498	0.997504
14.4576	0.000797643	0.000244914	1.305494
11.4851	0.000839423	0.000193207	1.015051
17.7906	0.00109963	0.000243958	1.079843
15.2024	0.00174199	0.00021976	0.808897
14.1323	0.000997665	0.000152431	1.451982
18.6974	0.00125205	0.00024146	1.046655
17.1159	0.00161778	0.000227938	0.727503
15.1577	0.00178337	0.000242626	0.702326
21.1336	0.00150742	0.000145903	0.810311
15.6877	0.000752043	0.000189406	1.493642
17.1021	0.00119602	0.000209261	1.075632
13.8345	0.0010623	0.000162221	0.929084
17.6	0.00177263	0.000252335	0.651217
17.7077	0.001372	0.00014871	0.985714
13.4707	0.000694584	0.000185625	1.612064
21.7855	0.00076669	0.000180993	1.337950
19.1787	0.000635362	0.000178866	1.712121
23.1208	0.000679572	0.000166668	1.523053
24.4049	0.000620815	0.000146861	1.656463
10.8872	0.000716961	0.000187685	1.076877
19.2294	0.000769614	0.000179455	1.448746
16.3817	0.000971888	0.000144531	1.362723
23.1922	0.000686462	0.000152745	1.410802
14.111	0.000945676	0.000218151	0.870694
14.025	0.00193845	0.000160658	0.791373
20.259	0.00105292	0.000217236	1.040974
23.3592	0.00190807	0.000145806	0.614650
19.1959	0.00131122	0.000204967	0.907026
18.7129	0.00178682	0.000171466	0.701082
15.6586	0.000788724	0.000143883	1.458953
19.423	0.000730898	0.000200221	1.610526
15.6611	0.000940899	0.000234238	1.166975
13.4383	0.000723156	0.000188228	1.370122
22.4071	0.00144115	0.000234826	0.800147
22.4604	0.00166397	0.000134461	0.707781
23.5629	0.00167013	0.000174583	0.700887
14.5555	0.000791949	0.000244983	1.203867
19.3927	0.00172613	0.000195946	0.731390
22.883	0.00151929	0.000246844	0.687029
15.2124	0.00147677	0.000142507	0.875628
23.8549	0.000914167	0.000175586	1.219676
14.542	0.00160215	0.000172818	0.890150
20.1746	0.00176605	0.000252971	0.726481
8.8451	0.000823332	0.000135901	1.109308
17.827	0.00104991	0.000213303	1.245902
13.3537	0.00161052	0.000207624	0.886557
19.2038	0.00185675	0.000251877	0.706351
23.7567	0.0016182	0.000249361	0.644837
16.5937	0.00125417	0.000191301	0.999827
14.9487	0.00152351	0.000220368	0.850072
24.6719	0.00113966	0.000155197	1.010185
13.4456	0.00123657	0.000145033	1.142321
12.7546	0.0013625	0.000182199	1.141042
15.4611	0.000619578	0.000189668	1.558597
18.2343	0.00153796	0.000196012	0.823497
12.4025	0.00143994	0.000178884	0.831259
24.215	0.00149984	0.000146867	0.768028
15.8942	0.00111229	0.000142493	1.222656
18.7258	0.00190011	0.000180661	0.738757
16.2889	0.000834502	0.000181757	1.327533
24.8074	0.000972421	0.000147311	1.114751
21.4239	0.00162109	0.000168373	0.778215
15.0397	0.00150205	0.000240475	0.896802
24.0862	0.00161022	0.000255923	0.675591
17.6146	0.00104232	0.000192863	1.078926
12.8156	0.00134568	0.000202895	0.984514
20.5552	0.00151354	0.000166435	0.826375
18.4254	0.00141285	0.000210216	0.860334
20.7957	0.00116847	0.000158245	0.944526
14.0946	0.00077505	0.000163123	1.557224
21.6507	0.00133464	0.000160747	0.870860
13.6725	0.000928341	0.000226626	1.164218
8.55372	0.00166897	0.000209	0.624868
16.5677	0.0008914	0.000219199	1.261650
22.0572	0.000791678	0.000209824	1.283378
9.6855	0.00145592	0.000257749	0.609389
19.068	0.00149689	0.00019443	0.931662
9.52177	0.0017215	0.000151571	0.932996
18.8235	0.00160575	0.000172888	0.817380
20.6257	0.000706259	0.000194584	1.315106
16.1209	0.00101031	0.000235145	1.125966
14.6996	0.00086406	0.000187241	1.544557
13.9055	0.00159241	0.000251395	0.855387
11.9678	0.00197002	0.00025989	0.542888
13.9298	0.00111587	0.000236818	1.162795
17.7591	0.00119104	0.000244801	0.948101
24.1842	0.000860679	0.00019608	1.300000
18.8949	0.000930911	0.000244976	1.080876
18.2756	0.00183169	0.000159842	0.692950
16.7707	0.00178984	0.000209878	0.832648
20.4638	0.00147693	0.000204575	0.813728
18.0761	0.00166424	0.000140275	0.783312
14.9943	0.00184177	0.000204112	0.721945
20.184	0.000804058	0.000139118	1.394164
10.8678	0.00122759	0.000177949	0.891243
12.783	0.00157345	0.000253016	0.786333
12.6504	0.00193059	0.000152393	0.845507
16.8958	0.00138748	0.000172156	0.941654
18.9088	0.000995403	0.00020135	1.037931
15.7509	0.000838485	0.000179287	1.290415
13.7747	0.00125529	0.000198575	1.089649
19.0921	0.000797531	0.000155809	1.316129
17.5748	0.000681285	0.000159843	1.587658
13.7967	0.000807634	0.000186356	1.274659
17.768	0.00175736	0.000158383	0.718160
19.1542	0.00159754	0.000244617	0.694631
15.7798	0.000747949	0.00017407	1.516570
16.9784	0.00128773	0.000185405	0.993624
16.1189	0.000966698	0.000145457	1.374832
15.646	0.00130136	0.000159713	0.981271
8.68932	0.000939174	0.000145748	1.042657
16.5066	0.000936417	0.000191953	1.342593
15.9761	0.000829634	0.00017681	1.362042
13.0875	0.0010068	0.000187452	1.027637
17.2331	0.00186668	0.000229454	0.768866
20.9441	0.00158603	0.000160866	0.783602
20.3595	0.00146885	0.000242163	0.718750
15.4077	0.00116163	0.000164207	1.193996
12.5269	0.00191602	0.000135494	0.893961
13.6266	0.00166483	0.000200619	0.791126
16.6335	0.000912933	0.000180344	1.284360
17.1717	0.000723708	0.000204307	1.365672
14.0289	0.00106066	0.0002573	1.104141
22.9444	0.00131243	0.000177079	0.760743
17.41	0.00170267	0.000194804	0.803802
23.1394	0.00147429	0.000172454	0.774138
13.7153	0.00145309	0.000158352	0.979059
15.8422	0.000735018	0.000197236	1.328107
13.5665	0.000633149	0.000149633	1.770732
18.0541	0.00099191	0.000155512	1.490239
16.2657	0.00155252	0.000143062	0.930629
9.651	0.00103118	0.000211233	0.761684
24.1021	0.0008351	0.00025559	1.189367
24.6718	0.00124613	0.000214031	0.770389
18.2579	0.00199515	0.000152094	0.633549
19.872	0.00151029	0.000228346	0.854249
8.78973	0.00128237	0.000181974	0.775768
24.421	0.00139781	0.000241755	0.772508
19.339	0.00175785	0.000186868	0.647195
9.21248	0.00147121	0.000180678	0.737778
13.3187	0.00176597	0.00022313	0.809637
17.7723	0.00193282	0.000257908	0.631773
19.1763	0.00110347	0.000139621	0.979612
8.72883	0.0011877	0.000192032	0.630074
17.2306	0.00173174	0.000130637	0.800250
13.3346	0.0011396	0.00019987	1.068992
20.6846	0.00154156	0.000155089	0.788658
22.8982	0.00119191	0.000245395	0.887389
18.0102	0.00149949	0.000162909	0.759541
8.4397	0.00139137	0.00017173	0.643760
22.8515	0.000920337	0.000168952	1.266820
22.4484	0.000606557	0.000233781	1.469231
18.2683	0.000701226	0.000249189	1.369018
22.5902	0.00195639	0.000242778	0.532863
14.2131	0.00140371	0.000209584	0.864844
13.1868	0.000975676	0.000256856	0.864565
21.9997	0.00136032	0.000224659	0.809375
17.9344	0.00123151	0.000225626	0.943706
16.4446	0.000991027	0.000145561	1.525383
22.6444	0.000675971	0.000164736	1.558934
13.2122	0.00191105	0.000214403	0.758954
24.6658	0.00167436	0.000214097	0.741866
17.039	0.000839943	0.000141035	1.422622
22.4835	0.00129993	0.000150222	0.909951
15.7452	0.00099737	0.00015379	1.245752
24.4756	0.00127289	0.000156	0.832007
19.9106	0.000696887	0.000206814	1.642025
17.5671	0.001974	0.000207913	0.654754
14.1917	0.00199427	0.000218619	0.556051
23.0363	0.00115279	0.000134448	1.044301
17.4956	0.000663336	0.000212023	1.373701
22.5138	0.00184475	0.000179511	0.596893
24.2428	0.00181169	0.000259007	0.544691
14.0382	0.00134266	0.000223109	1.057447
9.59776	0.000906131	0.000247685	0.733493
12.8601	0.00196822	0.000206535	0.586378
12.5483	0.000727215	0.000198432	1.378354
22.604	0.000758927	0.000147168	1.616480
12.2657	0.00111042	0.000200397	0.823608
8.04066	0.00149237	0.000164383	0.754586
17.3681	0.000937105	0.000146182	1.290323
23.5616	0.00120824	0.000211031	0.911559
13.7251	0.00140778	0.000183742	0.809036
19.594	0.00172023	0.00017872	0.725871
7.52389	0.0018118	0.000182432	0.652088
14.7397	0.000724142	0.000187335	1.169388
7.61437	0.00171806	0.000242102	0.547545
19.7861	0.0008644	0.000223753	1.115099
13.684	0.00165039	0.00021929	0.666195
13.8234	0.000638796	0.000140578	1.825517
18.434	0.0016828	0.000135203	0.755683
14.7735	0.00111276	0.000253193	1.079961
18.0167	0.000884019	0.000175817	1.372020
11.365	0.000680694	0.000210929	0.966352
13.8766	0.00126848	0.000212672	0.936915
15.0164	0.00192244	0.000214762	0.699773
8.3431	0.000892876	0.000230937	0.708867
23.595	0.00174398	0.000158986	0.673908
12.7099	0.00139718	0.000208536	0.801829
19.3128	0.00196659	0.000172691	0.595207
19.5701	0.00134829	0.000251789	0.851429
12.9469	0.00181971	0.00017924	0.833983
10.6618	0.00119024	0.000196748	0.710669
22.8742	0.00140425	0.000237473	0.845551
11.8661	0.0015093	0.00022128	0.653683
14.8622	0.000618697	0.000204137	1.515194
7.77852	0.00191558	0.000138576	0.750000
13.0111	0.00143169	0.000162438	0.979412
16.9349	0.00084712	0.000162463	1.387500
24.5407	0.000997411	0.000168702	1.214376
23.789	0.00128162	0.000201178	0.829868
24.234	0.00127349	0.000209959	0.864842
21.1777	0.00164847	0.000146241	0.783462
9.78324	0.00167727	0.000135351	1.003105
20.5098	0.00174381	0.000253811	0.753978
11.23	0.000930957	0.000200959	0.844931
20.464	0.00184268	0.000142676	0.633835
15.9869	0.00101416	0.000141823	1.125268
21.7001	0.00144984	0.000241451	0.814956
13.9195	0.00065872	0.000249141	1.009325
16.422	0.00194217	0.000137795	0.584358
21.4547	0.000808763	0.000189091	1.372632
20.7764	0.00123943	0.000152951	0.853184
20.9265	0.000893608	0.000175507	1.168333
24.6073	0.00151691	0.0001965	0.705424
19.4551	0.00137634	0.000133351	0.881649
22.2071	0.0019278	0.000189721	0.625771
22.9153	0.00167663	0.000136332	0.745638
22.1122	0.00172297	0.000198753	0.724538
18.1954	0.00106275	0.000187177	1.312348
18.6752	0.000745882	0.000134461	1.621552
12.6976	0.001226	0.000235477	0.981555
19.5431	0.00153508	0.000163843	0.907810
23.4509	0.000788212	0.000199481	1.398659
24.3222	0.000823993	0.000214964	1.123846
21.7584	0.000971606	0.000154787	0.972429
9.05634	0.000990518	0.000149131	0.959031
22.483	0.000793536	0.000137957	1.585027
13.6948	0.00163614	0.000170903	1.050135
21.273	0.00149185	0.000258918	0.705706
23.9302	0.00149697	0.000131172	0.635028
23.0428	0.00094711	0.000173425	1.249664
12.2842	0.0018449	0.000163095	0.634722
22.0961	0.00126585	0.000142118	0.996141
23.0977	0.000748602	0.000240483	1.313277
8.1007	0.00169421	0.000214456	0.634766
17.639	0.00164467	0.000140395	0.818218
14.2416	0.00160882	0.000163902	0.720263
24.9559	0.00166973	0.000175836	0.679140
15.358	0.00196367	0.000230165	0.720444
19.213	0.00156089	0.000199761	0.774863
12.8536	0.00180554	0.000219476	0.830221
13.5492	0.000994213	0.000215214	0.897655
21.8968	0.00119474	0.000218103	0.858541
23.4438	0.000959311	0.000252404	1.032450
17.8466	0.00118937	0.000192519	1.010689
23.0378	0.000759676	0.000256249	1.223120
24.5474	0.000647983	0.00024948	1.387948
22.6871	0.00120467	0.000218651	0.949824
11.77	0.000631748	0.000130002	1.512542
12.7249	0.00171488	0.000135075	0.670435
21.1364	0.00151871	0.000170349	0.812202
22.1546	0.00141223	0.000225541	0.724361
18.6682	0.000796753	0.000228495	1.400539
13.8437	0.0017825	0.000136344	0.945488
24.9585	0.00184699	0.000160425	0.639086
13.1412	0.000937115	0.000223455	0.808163
13.0748	0.00169818	0.000257255	0.820861
14.316	0.00102182	0.000168929	1.038095
19.4016	0.00134095	0.000205753	0.895048
17.3663	0.00141098	0.000236539	0.764067
14.5383	0.00153401	0.000243133	0.657025
15.52	0.00169995	0.000181025	0.989103
18.0515	0.0014741	0.000149446	0.951679
14.7817	0.00108842	0.000179518	1.344779
16.9595	0.000736073	0.000238441	1.285337
13.4035	0.00116197	0.000134071	1.264829
19.0107	0.00166527	0.0001714	0.739175
13.2596	0.00101991	0.00021425	0.862500
22.7746	0.00191092	0.000150231	0.650832
18.4724	0.00105537	0.000255388	0.970935
23.1616	0.00131804	0.000170539	0.872990
17.3085	0.000894186	0.000178172	1.298551
12.676	0.00112576	0.000167699	1.155227
24.5732	0.0019643	0.000255183	0.559355
20.9473	0.00140393	0.000226853	0.833080
12.8722	0.00111544	0.000188546	1.150696
20.1912	0.00193962	0.000180911	0.599890
24.9691	0.00168226	0.000200516	0.665245
9.97373	0.000800158	0.000198053	0.968378
20.2349	0.00113417	0.000232764	0.971187
18.1478	0.00187492	0.000218075	0.683467
9.08423	0.000738646	0.000190749	0.968142
21.2903	0.00166542	0.000189341	0.645141
24.1017	0.00141908	0.000212488	0.768899
12.819	0.00154192	0.00019079	0.946906
21.3154	0.00108481	0.000219621	0.994706
23.2494	0.000628968	0.000197013	1.657576
14.8636	0.000818025	0.000178869	1.173454
14.2307	0.00185119	0.000166372	0.804033
9.15679	0.00115929	0.000221616	0.788722
20.1171	0.00131093	0.000153028	0.906352
16.105	0.00161687	0.000200578	0.858926
17.857	0.000726606	0.000139324	1.634422
14.5522	0.00157494	0.000257612	0.717560
24.5499	0.000670539	0.000258324	1.284591
22.7204	0.000624364	0.000193032	1.549492
17.8524	0.0010305	0.000141446	1.175783
13.8636	0.00150012	0.000189506	1.015249
21.6694	0.00129328	0.000188291	1.038158
13.0547	0.00115721	0.00016541	0.935846
8.79305	0.00176611	0.000226374	0.506568
10.461	0.00106231	0.00019273	0.936714
12.0202	0.001417	0.000251143	0.826395
16.9794	0.00191955	0.000131077	0.698534
13.8479	0.00180119	0.000220488	0.660941
13.0987	0.000634049	0.000259828	1.383972
22.273	0.000891895	0.000137898	1.290238
23.1954	0.00160238	0.000140847	0.746561
16.4062	0.00148729	0.000193644	0.913994
9.04409	0.0012	0.000207437	0.740364
22.9815	0.00188048	0.000133533	0.570350
12.7707	0.00117336	0.000248107	0.780581
16.2352	0.0015734	0.000166846	0.843035
16.254	0.0016489	0.000172223	0.880658
22.0757	0.00130284	0.000144444	0.896411
11.8533	0.00190129	0.000248312	0.471316
16.0562	0.00108387	0.000246652	1.082966
24.7202	0.00172065	0.000210909	0.579877
19.8923	0.00155557	0.000130994	0.791472
13.8185	0.00143009	0.000232285	0.924615
22.2739	0.000873921	0.000207944	1.192961
13.8898	0.00143779	0.000215163	0.751399
13.2306	0.00132693	0.000154921	1.075333
12.7386	0.000818493	0.00015908	1.328726
20.6145	0.000768014	0.000258883	1.188333
17.9154	0.000654718	0.000202506	1.427303
12.6551	0.00166586	0.000142662	0.694885
19.6686	0.00174468	0.000149498	0.650920
19.1817	0.00112529	0.000170236	1.075238
14.9792	0.000863039	0.000179304	1.455696
9.30069	0.000934106	0.000156681	0.998135
13.4354	0.00187012	0.00025411	0.753365
13.4896	0.00121102	0.000140848	0.876182
14.6616	0.0010455	0.000155855	1.221757
14.9773	0.00182992	0.000179158	0.767742
16.3689	0.00154026	0.000165447	0.825352
13.5449	0.000619754	0.000207343	1.102740
13.5652	0.000989892	0.000141728	1.271047
23.9849	0.000846972	0.000183051	1.354614
11.4882	0.000990058	0.000185615	0.982251
14.719	0.000942656	0.000155816	1.090380
13.0574	0.000930719	0.000132145	1.431354
10.2486	0.000673662	0.000238129	0.790064
11.0933	0.00172127	0.000249008	0.730462
13.9836	0.00167343	0.000148721	0.886991
15.0162	0.00180624	0.000165671	0.761259
19.4973	0.00136135	0.000157326	0.884906
13.2268	0.000790229	0.000153492	1.445810
16.5076	0.00175269	0.000250621	0.823980
20.4018	0.00109978	0.000214965	1.039341
18.0464	0.00126242	0.000132017	1.141738
24.9197	0.0019269	0.000148373	0.531325
14.3214	0.00145591	0.000240238	0.819884
10.516	0.00112053	0.000259279	0.751923
20.4314	0.00139591	0.000155608	0.855352
14.2729	0.000955268	0.000177825	1.325229
13.2595	0.000607034	0.000145216	1.732000
22.2404	0.00167571	0.00014952	0.670722
13.3915	0.00166896	0.000165328	0.719339
16.5128	0.00196579	0.000166656	0.705954
14.8901	0.00154346	0.000254455	0.939235
8.26558	0.000969192	0.000178046	0.816591
15.6986	0.00144429	0.000211903	0.926807
19.4395	0.00105083	0.000254381	1.084929
19.1941	0.00157381	0.000167862	0.845095
14.3414	0.00128347	0.000251316	0.903925
14.7154	0.000886192	0.000230237	1.272346
21.034	0.00114298	0.000192387	0.923650
20.573	0.000903018	0.000255271	1.225000
9.52465	0.000734247	0.000250432	0.827811
20.2727	0.00154242	0.000256359	0.764266
12.9942	0.00159027	0.000215278	0.910167
19.2163	0.00162074	0.000171639	0.812698
22.0556	0.00177868	0.000161709	0.581720
15.9867	0.00165669	0.000238176	0.784252
22.3716	0.00183172	0.00014675	0.674507
15.3792	0.00177373	0.000148127	0.757810
18.0836	0.00140955	0.000240004	0.813282
20.1889	0.00181826	0.000145033	0.708461
15.803	0.00197917	0.00014768	0.619362
16.6585	0.00191261	0.000184197	0.727520
24.5695	0.00126304	0.000178606	0.922910
12.2929	0.00113993	0.000148183	0.927341
13.87	0.0018505	0.000197255	0.767063
13.0965	0.00150056	0.000154101	0.888643
8.44886	0.00156291	0.000170073	0.772855
23.0248	0.00125407	0.000253061	0.825000
24.7054	0.00183052	0.000168442	0.632411
15.6283	0.00086608	0.000177155	1.257789
19.06	0.000968058	0.000175718	1.119469
13.4431	0.00125826	0.000191869	1.089123
8.40403	0.0008315	0.000133332	0.805291
24.4077	0.00168034	0.000146045	0.668679
18.2787	0.00127705	0.000245692	0.971044
13.53	0.00185285	0.000212217	0.782857
22.5757	0.000970725	0.000233193	1.057205
14.2558	0.00195029	0.000256909	0.703378
21.9931	0.000734935	0.00013294	1.572254
11.704	0.000666238	0.000251135	0.892308
7.72131	0.00136099	0.000175629	0.614495
20.16	0.00131588	0.000216377	0.988474
24.4038	0.000853628	0.000171886	1.385396
11.1824	0.00101629	0.00016178	0.773996
22.2531	0.00136099	0.000205629	0.884711
22.3354	0.00103061	0.000172568	1.213992
13.7559	0.00175037	0.000146352	0.911335
18.9068	0.00183216	0.000163204	0.708431
22.6255	0.00117383	0.000190202	0.984477
21.7538	0.00176878	0.000216989	0.665745
24.364	0.000779803	0.000144136	1.508130
21.9387	0.00134746	0.000184533	0.872713
15.551	0.00170498	0.000168776	0.867816
22.2985	0.00167829	0.000152498	0.740633
19.4051	0.00147491	0.000239312	0.857620
17.0596	0.000711789	0.000248202	1.258485
17.1345	0.00194559	0.00023929	0.693111
23.061	0.00124996	0.000214801	0.912034
16.0428	0.0013326	0.000227869	0.956026
24.8427	0.000819548	0.000213694	1.150643
18.0145	0.000966009	0.000155536	1.211136
13.5484	0.000814557	0.00023106	1.146487
22.1183	0.00136191	0.00021121	0.873011
19.7804	0.00148801	0.00019337	0.842816
15.6148	0.00194326	0.000216454	0.703363
11.222	0.000957749	0.000208648	0.944619
10.7544	0.00140791	0.000135542	0.797401
20.3887	0.00187685	0.000138003	0.706485
22.2833	0.00174537	0.000225191	0.591971
15.3412	0.0017319	0.000194815	0.753400
22.4826	0.000869889	0.000204634	1.347317
15.2578	0.00106098	0.00021833	1.032033
22.6184	0.00119168	0.000201224	0.890569
23.3256	0.00199705	0.000246257	0.604560
21.9271	0.00167827	0.000138447	0.611772
17.3152	0.000781712	0.000148178	1.544199
22.9872	0.00164702	0.000195599	0.684299
19.5996	0.00198247	0.000184228	0.663391
22.6643	0.00150508	0.000223022	0.759577
12.2389	0.000605455	0.00020507	1.128169
21.8082	0.00107302	0.000134553	1.177426
7.78978	0.00178386	0.000136129	0.596894
13.0336	0.0016061	0.000257296	0.677249
21.9353	0.000717507	0.000220968	1.253550
16.4985	0.00154142	0.000242031	0.873840
20.1017	0.0010498	0.000244724	1.136585
8.13407	0.000678661	0.00020572	0.947078
22.7712	0.00172014	0.000249332	0.637115
21.5552	0.00137638	0.000179214	0.821638
14.2543	0.00148715	0.000257159	0.892035
14.6525	0.000662946	0.000181794	1.233758
22.6105	0.00166831	0.000243003	0.700635
22.7728	0.00104068	0.000186047	0.952342
12.5712	0.00149968	0.000159984	1.018667
16.8591	0.00111877	0.000175481	1.079884
14.6089	0.00196317	0.000151747	0.637675
16.8477	0.00128216	0.000198808	0.813322
18.1492	0.00195834	0.000172263	0.636923
23.056	0.0019298	0.000185926	0.624149
23.6822	0.00153679	0.0002343	0.710331
19.4854	0.00145005	0.000177935	0.887001
17.0779	0.00177637	0.00023694	0.743796
20.2122	0.0017043	0.000163331	0.705263
23.0376	0.00113542	0.000175789	1.031530
9.46266	0.00125989	0.0001742	0.791537
14.2081	0.00134103	0.000136591	1.188543
12.4265	0.000861632	0.000132054	1.125743
19.1316	0.00144112	0.000245529	0.912053
14.653	0.00199025	0.000196054	0.597877
14.451	0.000670482	0.000234939	1.569608
10.9815	0.00096066	0.000195502	0.949888
10.4645	0.000634808	0.000215472	0.920000
16.8118	0.00196845	0.000171169	0.711661
22.9288	0.00167897	0.000259795	0.649621
23.9547	0.0011387	0.000146031	0.973284
14.9681	0.00177621	0.000245006	0.795326
17.1978	0.00141943	0.000150239	0.876864
11.9351	0.00190022	0.000210292	0.602137
24.5392	0.000710202	0.000226565	1.424332
11.2717	0.00158132	0.000132848	0.836228
12.9889	0.00190546	0.000193931	0.798605
22.0036	0.00170091	0.000153952	0.777000
23.0963	0.00146776	0.000199867	0.707504
9.61245	0.000646878	0.000183195	0.898993
18.7823	0.00183041	0.00023391	0.671512
17.5287	0.00124559	0.000192185	0.947924
11.6931	0.00162582	0.000148711	0.897497
14.8523	0.00168752	0.00020131	0.779145
21.4852	0.000723259	0.00020885	1.445588
24.3286	0.000725339	0.00021849	1.259012
14.6201	0.000970261	0.000168484	1.414898
9.75784	0.000763893	0.000155683	1.080398
24.0513	0.00197145	0.000135267	0.593669
12.2968	0.00155557	0.000131777	0.807133
15.3863	0.00105954	0.000179777	1.193004
23.495	0.0018366	0.000231023	0.586060
11.3704	0.00106774	0.000159556	1.082932
16.4468	0.00149838	0.000210071	0.879161
20.4331	0.00141444	0.000186795	0.738612
18.9342	0.00070449	0.000241433	1.394225
21.0217	0.00122385	0.000192065	0.952522
9.7892	0.00107447	0.000183817	0.888306
22.9955	0.00183074	0.000231581	0.630440
13.0146	0.00136771	0.000171469	0.969417
24.5401	0.0019612	0.000141508	0.575862
17.1318	0.00125344	0.000246211	0.903276
13.5252	0.000791546	0.000188458	1.445683
12.6302	0.0015728	0.000132432	0.972175
20.8092	0.00164971	0.000226806	0.855039
14.3743	0.000623537	0.000225726	1.546316
8.57305	0.00179584	0.000131221	0.623105
10.8702	0.00153539	0.000170233	0.740954
16.2111	0.00173315	0.000154598	0.720802
20.3019	0.000605424	0.000160449	1.651409
13.8201	0.000999751	0.000188939	1.318502
10.5691	0.000801176	0.000237335	0.841398
8.33209	0.00138671	0.00016973	0.842540
19.8318	0.00147373	0.000135718	0.835268
22.2979	0.00199454	0.000230161	0.611502
20.0974	0.000818267	0.000146386	1.512010
14.3215	0.000960605	0.00019377	1.188128
19.645	0.00175761	0.00023575	0.670524
17.0409	0.00117088	0.000255783	1.004244
18.4857	0.00076969	0.000218179	1.321448
23.5188	0.00116064	0.000243215	1.006375
14.3465	0.0017985	0.000199859	0.706342
16.9905	0.0016102	0.000184	0.767919
15.3758	0.001311	0.00015526	1.146589
16.0714	0.00123272	0.000186113	1.228169
21.4055	0.000943711	0.000131143	1.127703
12.9365	0.00119361	0.000213472	1.049165
21.9483	0.00113942	0.000235204	0.927747
16.867	0.000847889	0.000180364	1.304082
19.437	0.000729105	0.000178624	1.511730
19.9131	0.000699292	0.000210453	1.163609
17.9714	0.00111577	0.00021672	1.086127
20.112	0.00160103	0.000155349	0.854206
15.1468	0.00182969	0.000200199	0.763843
14.5793	0.00185741	0.000145791	0.898701
12.6336	0.000708801	0.000189454	1.422188
23.3788	0.00140451	0.000149237	0.896229
18.4932	0.00187689	0.000218576	0.732761
23.3097	0.000944286	0.000153232	1.121525
13.9864	0.00130794	0.000169535	1.039664
12.8701	0.00127975	0.000195713	1.026170
18.5319	0.000693761	0.000137749	1.878947
24.838	0.000705912	0.000135373	1.681492
16.1125	0.00199547	0.000151779	0.777342
17.6588	0.00187277	0.00023915	0.682258
16.8737	0.00109167	0.000164949	1.224554
15.7564	0.00185556	0.000172571	0.781477
17.5636	0.00145664	0.000231846	0.910207
14.9252	0.00106316	0.00025271	1.175154
13.7428	0.0017422	0.000141621	0.830506
15.5983	0.00135551	0.000167549	1.079936
18.7757	0.000895462	0.000187004	1.312470
11.0875	0.00152906	0.000254621	0.655618
17.3079	0.00165708	0.000219335	0.740417
19.314	0.000804221	0.000137735	1.377394
18.4664	0.000896819	0.00024474	1.122967
8.95371	0.000649832	0.000167713	1.010738
11.1512	0.00103579	0.000169009	1.045436
13.7496	0.00192328	0.000192856	0.776861
17.8447	0.000973906	0.000146513	1.341814
20.3782	0.00089031	0.0002242	1.166906
20.2574	0.00189381	0.000151737	0.638375
18.1761	0.00163734	0.00014142	0.783443
19.5336	0.000874455	0.000192192	1.271149
18.0007	0.00105057	0.000230062	0.994262
20.4367	0.000647092	0.000191262	1.575248
24.1136	0.00121095	0.000184589	1.006457
18.9265	0.00079478	0.000214349	1.210243
18.3161	0.00161212	0.000189462	0.744533
12.6192	0.000682379	0.000209891	1.075701
12.6866	0.00161585	0.000223551	0.841209
23.3516	0.00136846	0.000135626	0.775851
8.1327	0.000819738	0.000150737	0.911828
16.1859	0.000649927	0.00022521	1.510000
23.2876	0.00172662	0.000219299	0.632270
19.707	0.00153504	0.000157643	0.814784
10.681	0.00169543	0.000246232	0.788564
16.2337	0.00183673	0.000150564	0.770804
13.18	0.00133413	0.000203698	1.007960
22.1391	0.00165794	0.000189803	0.614725
12.5897	0.00151806	0.000233064	0.884480
17.6881	0.00185548	0.000232606	0.785598
14.7578	0.00113738	0.000197904	1.188077
22.9096	0.00195687	0.000140125	0.595341
21.5191	0.00138638	0.00022877	0.686810
20.7314	0.00125194	0.00020238	0.885690
24.3055	0.00139924	0.00013804	0.846828
21.2036	0.00143662	0.000161997	0.782518
21.8466	0.00163897	0.000221607	0.768872
24.7408	0.00128181	0.000186421	0.942175
23.1502	0.00173306	0.00016652	0.659902
20.6499	0.00117965	0.000194146	1.041049
12.8246	0.00137422	0.000209003	1.011129
20.5869	0.0018702	0.000156167	0.644749
16.6593	0.000741503	0.000140999	1.717784
12.9458	0.00085934	0.000209723	1.279382
24.7572	0.00171145	0.00018473	0.638718
16.9193	0.00064462	0.000159971	1.847651
14.3409	0.00141147	0.000170432	0.789820
21.0372	0.00199905	0.000200859	0.554158
23.835	0.00198183	0.000194321	0.559979
21.6594	0.00083472	0.000202522	1.204071
13.1184	0.00177361	0.000171264	0.613669
13.2571	0.00077851	0.000194352	1.028883
20.3704	0.00152771	0.00018122	0.826257
13.3362	0.000724211	0.000259899	1.368085
18.7052	0.00140231	0.000159957	0.829709
22.6801	0.000947425	0.000167597	1.170917
13.6683	0.00177164	0.000132639	0.898755
23.6331	0.000848905	0.00024515	1.183791
20.4803	0.00175104	0.000141156	0.664878
22.8367	0.00139262	0.000161407	0.824505
17.564	0.00148723	0.000206563	0.839130
16.0649	0.00183782	0.000144911	0.640426
16.4747	0.00117279	0.000153963	1.115342
9.50651	0.00171869	0.000230213	0.533038
24.9459	0.00106861	0.000233278	0.978501
13.0332	0.00119989	0.000238473	1.047971
15.5184	0.00111034	0.000167917	1.253333
16.2695	0.00178214	0.000241831	0.705359
18.264	0.000988125	0.000220375	1.150217
17.3548	0.000637725	0.000249646	1.334122
15.152	0.00152071	0.000174773	1.080918
12.9648	0.00175522	0.000154893	0.894950
13.0675	0.00116367	0.000215931	1.106654
8.71422	0.00154838	0.000144811	0.749150
15.3421	0.00182016	0.000258581	0.764311
15.7814	0.00101547	0.000149497	1.307923
19.7236	0.000962688	0.000209216	1.162222
17.4161	0.00165826	0.000226603	0.668490
18.2622	0.00118058	0.000150446	1.029690
22.0867	0.00143042	0.000189056	0.887389
14.6728	0.000764933	0.00020051	1.037017
15.9095	0.0010409	0.000163517	1.202505
17.178	0.00179729	0.000185741	0.838822
24.7155	0.000827363	0.000175434	1.395918
22.758	0.00196812	0.000185958	0.576724
16.1376	0.00146524	0.000136033	1.034370
9.06672	0.000780897	0.000257621	0.748603
20.1045	0.00106411	0.000151947	1.203213
12.7958	0.00173093	0.000199207	0.669619
21.0555	0.0012137	0.000142253	1.122807
17.5255	0.00102619	0.000205846	1.210504
16.0543	0.00152967	0.000196727	0.921733
11.8161	0.00134056	0.000237832	0.729665
13.8088	0.00119551	0.00016583	1.151381
10.8028	0.0016458	0.00015767	0.741623
14.6553	0.00176194	0.000158812	0.824502
13.4965	0.00183954	0.000208198	0.838055
13.2797	0.000647775	0.000254593	0.918688
22.0194	0.00166485	0.000175215	0.660459
10.2792	0.00186761	0.000185165	0.891898
20.5616	0.000934698	0.000251447	1.021004
15.927	0.001224	0.000187061	0.981883
14.1356	0.000721677	0.000180025	1.547112
18.2361	0.000699072	0.000171405	1.604308
13.6439	0.00145513	0.000185631	1.019848
14.8666	0.00123158	0.000232283	1.086879
15.5019	0.00104575	0.00020323	1.133750
17.1513	0.0014873	0.000232151	0.983454
24.2906	0.000668341	0.000220895	1.470662
21.5719	0.000915061	0.000130122	1.229070
10.5825	0.00133218	0.000213945	0.656796
23.7133	0.000957983	0.000165474	1.055408
16.3833	0.00116477	0.000235207	0.979368
13.154	0.000856342	0.00020637	1.259278
20.4358	0.00113029	0.000222565	0.923019
20.5946	0.00191652	0.000177844	0.673942
14.0526	0.00152745	0.000167326	0.832271
8.77329	0.00106283	0.000259062	0.719547
13.5275	0.00170916	0.00019558	0.939226
21.1077	0.00182196	0.000186894	0.629123
14.0448	0.00150237	0.000169381	0.915520
19.0889	0.00160364	0.000231282	0.791310
21.2189	0.000804022	0.000163623	1.461376
23.6352	0.00155298	0.000218705	0.760899
12.3014	0.00189129	0.000211692	0.499097
10.1224	0.000604406	0.000223305	1.063214
12.7783	0.00161175	0.000147326	1.001653
12.7043	0.000603973	0.000133564	1.684926
9.20963	0.00152598	0.000143944	0.981143
17.2785	0.00198904	0.000207399	0.636265
10.8354	0.000984712	0.000201053	0.957860
16.6662	0.00189956	0.000189581	0.731129
18.3942	0.00117502	0.000169294	1.083181
18.4751	0.0017474	0.000242422	0.759656
13.4159	0.00106312	0.000150706	1.285062
21.7598	0.000963415	0.000253928	1.036344
15.9704	0.00141481	0.00015469	1.013364
18.8527	0.00164654	0.000220473	0.743155
9.02387	0.00193343	0.000214116	0.637288
14.0126	0.000959935	0.000168423	0.852863
22.0353	0.00191222	0.000208071	0.540333
20.011	0.00104378	0.000143127	1.238241
13.907	0.00180853	0.000230192	0.705353
22.6046	0.0011808	0.000146743	1.005027
8.07715	0.00175569	0.000141914	0.676730
13.2567	0.000796895	0.000188616	0.999467
17.6193	0.00100282	0.000255297	0.969313
20.5565	0.000907429	0.000244047	1.179812
10.5734	0.000973064	0.00013183	1.115965
20.7007	0.00146171	0.000223381	0.723178
12.8842	0.00184914	0.000238822	0.683199
15.2836	0.00133327	0.000206015	0.965139
22.2597	0.00082151	0.000219885	1.258398
22.4727	0.00111171	0.000130105	1.002672
13.3118	0.00172384	0.000151612	0.844872
22.5778	0.000743442	0.000247177	1.390313
18.7325	0.00153096	0.000188108	0.793829
18.9653	0.0016135	0.00021055	0.817021
14.006	0.00183071	0.000230497	0.729087
20.1436	0.000626383	0.000214067	1.515017
17.9621	0.000650268	0.000238058	1.431788
15.8099	0.00154051	0.000159201	0.868220
12.7577	0.0011968	0.000181185	1.175185
10.937	0.00184315	0.000161755	0.525788
16.2188	0.00198891	0.000146494	0.640830
24.7591	0.00129472	0.000207678	0.810749
18.4888	0.000744974	0.000213994	1.330836
12.6075	0.00187652	0.000163163	0.657841
13.6298	0.000606426	0.000140765	1.467483
10.4459	0.00114588	0.000170219	0.827495
10.5336	0.00187932	0.000176159	0.648565
14.1443	0.00165587	0.00014519	0.903050
22.4461	0.00126174	0.000259152	0.778992
18.492	0.00105047	0.000250266	1.003476
17.5861	0.00178462	0.000176337	0.775453
16.7265	0.0011728	0.000152863	1.192435
14.1324	0.00164078	0.000183622	0.874833
22.9805	0.00173741	0.000192164	0.608171
23.3776	0.00124426	0.000172985	0.906463
21.9141	0.0014669	0.000245801	0.942899
24.3915	0.00149551	0.00015891	0.799152
15.8134	0.00128924	0.0001825	1.056492
9.45225	0.000786577	0.000174253	1.090055
24.6515	0.00183529	0.000198018	0.686076
14.6643	0.000808791	0.000234606	1.287297
15.1812	0.0018502	0.000171651	0.839315
11.546	0.00171714	0.000241231	0.634332
24.5648	0.00130089	0.000212178	0.786364
13.531	0.00127521	0.000142398	0.910316
19.2854	0.0010895	0.000209004	1.085855
