534.195	36.9736	0.184923	0.071921
279.051	37.1242	0.157375	0.174213
426.304	45.2158	0.195527	0.093437
278.631	43.7438	0.197944	0.161203
542.175	38.5112	0.143277	0.125715
502.979	47.8803	0.211759	0.092393
723.54	46.6337	0.152534	0.117968
376.465	46.4319	0.14842	0.150096
425.27	41.558	0.223157	0.081951
601.24	38.7344	0.128354	0.138488
470.197	38.1396	0.198454	0.076786
512.347	41.8866	0.153593	0.120185
577.029	54.2603	0.160697	0.204510
593.761	44.9288	0.127402	0.147227
192.013	38.4494	0.143925	0.192527
362.69	46.1736	0.162707	0.163879
554.409	41.6955	0.233548	0.068091
559.313	53.8944	0.204819	0.090175
257.553	47.1211	0.153374	0.193881
751.18	48.6156	0.220946	0.098387
536.601	47.1206	0.202287	0.116601
551.298	58.81	0.15677	0.151470
918.333	58.433	0.19471	0.110119
661.881	46.368	0.227383	0.082772
648.936	56.1348	0.202645	0.118064
375.671	58.666	0.213871	0.124139
270.18	56.4246	0.142402	0.411805
327.805	41.7795	0.138691	0.147889
594.385	53.428	0.140084	0.195666
608.234	46.1344	0.168188	0.117669
568.969	53.134	0.136319	0.212874
513.166	44.6647	0.167568	0.123424
424.24	51.513	0.13911	0.171701
787.658	56.1877	0.196021	0.111442
490.587	50.6776	0.158447	0.160375
490.299	39.9764	0.144779	0.115821
332.088	46.6804	0.150703	0.191350
513.336	45.5228	0.203835	0.093141
395.395	36.6031	0.191082	0.082982
237.642	37.0045	0.225687	0.084954
419.865	57.7741	0.131494	0.377361
552.267	48.7925	0.157658	0.129606
551.013	52.836	0.165758	0.131844
515.178	60.7755	0.146502	0.290291
421.135	49.5089	0.189726	0.114285
496.4	38.3401	0.199254	0.072829
465.151	50.4783	0.238036	0.088412
732.681	46.4654	0.157628	0.116673
585.365	55.1001	0.181492	0.118975
393.664	37.4889	0.150278	0.113301
315.355	49.5486	0.190498	0.121451
336.121	39.0943	0.159089	0.122590
675.567	45.2308	0.214451	0.072994
341.064	47.2502	0.186692	0.127688
358.905	38.6452	0.136109	0.113505
173.972	36.7183	0.242269	0.098176
736.287	47.0922	0.131436	0.141831
245.893	58.5739	0.168494	0.257392
566.318	41.963	0.147096	0.106700
331.282	37.0167	0.143242	0.143079
800.502	53.692	0.128158	0.176497
483.183	42.803	0.145626	0.131906
597.275	43.446	0.150705	0.130235
609.903	46.5707	0.160196	0.119632
449.54	39.7466	0.237112	0.071807
321.089	36.5087	0.138447	0.131991
576.43	37.4032	0.152149	0.105327
513.576	47.0627	0.159879	0.137815
201.498	43.8215	0.180307	0.189989
448.971	44.079	0.145408	0.149828
190.494	43.0493	0.155816	0.296191
822.234	53.1324	0.21034	0.094675
428.527	53.8145	0.175223	0.169958
543.242	41.2313	0.151492	0.108362
336.747	38.5252	0.142034	0.152491
332.736	36.5869	0.17541	0.102463
745.981	51.6175	0.181915	0.121567
496.483	44.1912	0.133342	0.176240
440.064	54.0662	0.144017	0.227613
631.955	44.8828	0.242751	0.073720
598.36	39.283	0.131737	0.121051
784.11	49.6891	0.136963	0.139014
840.602	52.8275	0.133911	0.163171
481.135	44.3861	0.159305	0.112790
497.079	58.0125	0.232356	0.105390
389.305	57.0159	0.204948	0.173240
613.394	49.6064	0.223507	0.074639
801.097	51.93	0.136628	0.156179
441.023	45.2904	0.14066	0.172570
388.525	53.9415	0.129722	0.212036
586.626	54.7434	0.2151	0.134579
565.96	36.8175	0.16907	0.080398
364.277	40.1234	0.140548	0.143593
500.02	40.7839	0.23379	0.075789
405.687	47.2412	0.247384	0.079679
605.691	49.3083	0.238374	0.076913
586.601	37.0568	0.172403	0.077736
398.674	37.5236	0.156097	0.101380
657.37	58.3637	0.221359	0.112557
653.839	41.6649	0.222114	0.064337
444.027	56.9646	0.174902	0.237767
553.237	38.3625	0.1285	0.108017
172.976	42.2108	0.204906	0.171432
235.955	37.4154	0.150867	0.150022
690.298	48.6385	0.220643	0.089303
639.34	41.9102	0.14357	0.102402
547.045	40.5158	0.131369	0.119366
608.984	39.0989	0.196132	0.082945
560.638	41.4752	0.14598	0.113299
564.59	51.6648	0.221716	0.096486
586.102	46.3139	0.167942	0.119906
348.413	40.3572	0.231556	0.089395
235.32	37.4566	0.239033	0.092406
472.542	53.6813	0.136495	0.277996
504.047	42.7667	0.161135	0.110125
354.451	42.9278	0.131296	0.187371
655.047	48.7812	0.165113	0.131744
742.526	48.3113	0.138013	0.146535
338.195	45.8225	0.128318	0.179204
420.477	38.6203	0.125877	0.140128
277.017	43.4043	0.150525	0.237054
241.674	42.1732	0.216516	0.091477
392.148	49.8754	0.129296	0.199468
379.253	42.3403	0.13558	0.147999
209.739	37.8927	0.1254	0.165009
551.472	59.5482	0.234161	0.136976
164.488	38.5528	0.176903	0.179537
694.495	50.0372	0.144082	0.139948
521.246	44.471	0.175499	0.120169
685.367	44.569	0.223626	0.088435
637.019	56.9834	0.247016	0.099630
718.457	52.7488	0.131397	0.195851
283.234	50.5015	0.213401	0.174050
700.692	44.8809	0.136421	0.139172
497.445	37.3775	0.145337	0.116427
205.88	41.7799	0.140732	0.293051
218.465	47.7168	0.248469	0.069977
260.644	52.1116	0.126193	0.317288
366.563	36.806	0.17587	0.089385
596.332	45.4755	0.142473	0.104664
296.738	48.0808	0.155885	0.166730
416.609	52.4151	0.240231	0.114655
429.311	47.7847	0.130134	0.172573
228.419	38.7033	0.130848	0.235320
469.468	51.6246	0.236966	0.129578
449.419	50.5014	0.14264	0.195079
344.651	42.5519	0.184717	0.114872
514.242	45.1695	0.217865	0.115271
224.634	38.9636	0.13211	0.136598
855.977	55.4543	0.142513	0.175621
546.616	56.9652	0.15167	0.181869
461.2	50.643	0.145774	0.156403
714.575	49.964	0.237595	0.082595
324.653	51.585	0.154998	0.182881
595.536	51.7953	0.216553	0.079339
187.194	45.3938	0.1315	0.296386
765.603	54.1761	0.12748	0.159300
578.569	48.023	0.163972	0.142008
584.433	38.5359	0.244542	0.052386
460.791	39.3658	0.240045	0.062347
197.252	41.5197	0.169236	0.155598
442.093	40.2625	0.245749	0.070954
214.135	41.2188	0.179932	0.209247
234.093	37.8148	0.21585	0.158846
623.446	57.3935	0.128883	0.177816
241.992	51.2262	0.126033	0.369776
336.738	43.8407	0.246933	0.072062
481.471	39.867	0.181939	0.079631
360.07	36.6066	0.132473	0.104914
869.556	57.6389	0.186566	0.126865
302.458	51.8881	0.180333	0.142443
690.661	57.6839	0.19497	0.145776
620.544	43.0479	0.172821	0.127776
211.111	41.6911	0.232536	0.089401
522.267	40.0996	0.160188	0.114062
552.996	38.5445	0.150261	0.111016
394.87	36.5161	0.203716	0.066989
270.545	60.119	0.151298	0.526827
215.405	46.1105	0.177738	0.195365
242.829	38.2176	0.125308	0.230301
664.854	46.1004	0.236894	0.060307
226.293	56.0486	0.182795	0.192999
690.557	60.3535	0.132882	0.215179
650.005	43.0044	0.1745	0.096566
711.322	58.7249	0.231905	0.118195
227.242	40.6124	0.155769	0.141295
640.585	53.2015	0.19247	0.143737
602.845	39.5165	0.194905	0.069192
411.303	37.7782	0.245634	0.047488
514.129	38.8972	0.137354	0.105665
256.972	39.1309	0.173694	0.125258
858.594	60.3401	0.226162	0.122790
722.327	56.769	0.156767	0.167826
698.762	53.4828	0.159813	0.124650
179.353	39.8025	0.195992	0.147283
458.131	59.236	0.143239	0.284866
164.063	37.1865	0.1594	0.170832
306.817	45.1086	0.196177	0.101630
422.903	55.2784	0.233007	0.142166
194.916	38.7989	0.228686	0.104463
409.464	46.5708	0.2485	0.077568
563.364	37.5084	0.226128	0.056372
316.479	50.325	0.155359	0.212004
276.887	45.7724	0.228116	0.079982
745.201	56.4313	0.168626	0.170871
701.413	46.9125	0.227848	0.071254
309.929	37.3882	0.143303	0.116005
680.652	51.1034	0.2108	0.096035
242.335	48.8568	0.211378	0.165041
227.645	40.1786	0.219487	0.122331
394.432	49.6712	0.127978	0.155097
573.879	48.0789	0.14048	0.171859
447.113	41.0661	0.203745	0.092669
209.17	48.7309	0.193537	0.159889
729.201	55.2661	0.236267	0.094367
170.032	36.5431	0.21277	0.126836
227.293	41.3036	0.127829	0.258879
310.448	52.5178	0.236873	0.150389
595.822	57.9114	0.126134	0.329354
243.297	43.8906	0.141122	0.266026
570.419	46.2936	0.163304	0.114641
277.963	45.5103	0.131563	0.269823
784.069	49.1597	0.194597	0.092119
310.31	43.1286	0.181777	0.132782
277.074	44.3349	0.155278	0.167129
281.417	41.1243	0.172087	0.178553
624.847	48.1804	0.13383	0.193129
284.132	40.631	0.144617	0.151761
753.448	51.7648	0.157801	0.131552
650.364	57.5356	0.146335	0.179469
200.499	48.8334	0.245895	0.127508
556.591	41.1046	0.165582	0.083993
543.162	41.5765	0.16373	0.117729
226.724	51.8037	0.221866	0.138345
428.428	40.1047	0.151296	0.112663
592.79	44.7112	0.17273	0.105819
591.2	48.2404	0.149487	0.152079
526.434	37.3433	0.231283	0.073404
481.173	37.343	0.231625	0.062787
233.737	38.3741	0.194897	0.117020
586.498	44.8166	0.171618	0.106716
392.249	38.3119	0.13974	0.139224
420.061	41.6625	0.130509	0.141290
300.322	44.9361	0.163916	0.192049
495.13	53.0522	0.213058	0.112393
529.875	37.2734	0.130105	0.110227
575.986	54.0454	0.218845	0.099807
202.211	41.1576	0.136665	0.205607
441.28	49.0465	0.147568	0.150467
461.183	60.1459	0.173786	0.191953
249.387	42.1865	0.13852	0.158864
283.844	57.8496	0.200713	0.225004
601.771	41.3253	0.204495	0.080423
367.908	57.2064	0.149847	0.237914
453.36	53.0093	0.133537	0.275275
708.014	56.8315	0.175129	0.135439
340.588	37.4503	0.171944	0.095934
241.511	48.3675	0.186317	0.202387
602.632	41.7226	0.164028	0.106849
318.311	41.5411	0.179284	0.131385
321.774	37.8032	0.226024	0.074159
680.385	52.6385	0.249244	0.075406
622.086	47.38	0.130541	0.129912
395.269	42.19	0.191259	0.108616
283.068	46.0284	0.15665	0.131914
316.044	51.407	0.231702	0.131064
211.234	40.938	0.158665	0.158378
790.84	59.9924	0.126427	0.283224
396.499	42.887	0.139171	0.119226
575.982	58.7201	0.133407	0.240874
745.318	49.0902	0.131393	0.158661
208.357	45.3829	0.164054	0.224135
509.093	36.5326	0.129978	0.106908
902.885	60.0463	0.192033	0.147909
695.32	54.6112	0.141908	0.135493
378.783	47.2795	0.230647	0.101328
903.691	58.6301	0.155175	0.152802
599.23	53.5833	0.169671	0.138998
637.25	51.9933	0.23654	0.091651
639.814	51.908	0.176923	0.132805
594.089	45.5004	0.147055	0.166953
222.496	42.3619	0.166264	0.226011
429.003	37.1894	0.171722	0.074392
556.076	45.453	0.179097	0.115173
587.908	38.4207	0.163882	0.092654
248.669	39.9848	0.15643	0.149428
514.054	48.5975	0.167739	0.139863
253.01	39.658	0.134277	0.155911
482.156	42.7743	0.162832	0.115110
241.469	49.8149	0.248468	0.138257
508.633	56.9341	0.172916	0.183009
439.001	46.1618	0.163043	0.183627
748.882	56.8596	0.178341	0.141638
680.428	48.9878	0.184997	0.098948
195.295	47.6707	0.172012	0.233383
442.135	49.8288	0.127835	0.200484
259.335	57.4316	0.13097	0.317282
340.647	44.8725	0.150854	0.232185
202.87	49.3624	0.15042	0.197620
289.801	41.2481	0.168112	0.128004
320.291	38.0941	0.190721	0.101680
381.445	37.823	0.213276	0.072876
566.94	53.6949	0.166436	0.168089
707.796	51.371	0.144831	0.152485
772.942	51.8994	0.152281	0.132891
402.702	51.9801	0.129554	0.188176
630.587	50.4327	0.153752	0.153222
660.892	47.4761	0.152024	0.100498
656.506	42.3082	0.138675	0.132290
621.233	39.9799	0.136875	0.125976
566.141	54.2295	0.155858	0.168499
365.835	49.3357	0.245891	0.124394
591.444	45.1406	0.173613	0.102098
737.204	49.6933	0.176351	0.121488
236.84	56.2296	0.226343	0.250407
616.288	44.2115	0.150114	0.117330
553.44	38.7801	0.172932	0.087160
702.938	53.1841	0.125041	0.140595
225.846	44.0846	0.152069	0.228944
341.527	39.1568	0.181391	0.108839
365.789	50.2181	0.139165	0.165825
525.629	40.8134	0.129604	0.130965
684.978	43.6396	0.141394	0.107483
349.564	38.9047	0.192059	0.096127
389.548	38.767	0.247709	0.064240
211.889	43.8327	0.190974	0.150781
632.666	59.436	0.155679	0.218954
273.028	42.9619	0.233076	0.108288
189.664	40.9339	0.148294	0.159487
276.32	37.604	0.169029	0.114793
223.788	39.9907	0.126562	0.206980
550.156	57.9077	0.158899	0.190023
480.07	40.7599	0.141356	0.132931
524.678	40.8478	0.196259	0.076225
513.7	44.0178	0.149224	0.126051
291.914	40.0224	0.200512	0.080773
303.166	40.8574	0.128748	0.161969
360.275	53.215	0.162516	0.207486
463.239	50.2902	0.145687	0.196765
485.489	48.7824	0.161378	0.143526
805.644	51.1486	0.135529	0.150236
326.742	42.7156	0.12639	0.217005
531.059	48.0736	0.125308	0.185221
216.57	37.9973	0.176081	0.128547
296.687	38.4664	0.15408	0.141002
644.316	49.7638	0.131404	0.161617
335.623	42.6952	0.186294	0.126128
791.178	54.2179	0.153836	0.137446
188.013	38.0668	0.172686	0.151359
223.633	53.4597	0.162332	0.282123
518.206	48.8073	0.152251	0.151615
559.922	45.4264	0.211012	0.090101
326.525	42.5599	0.154774	0.141714
753.438	49.0139	0.157402	0.111136
624.577	44.7736	0.175759	0.083812
240.023	47.4411	0.173013	0.210426
426.459	47.7661	0.164168	0.136573
540.842	40.9654	0.203624	0.077411
604.729	49.9543	0.125323	0.167821
790.785	59.7269	0.133422	0.209379
249.006	37.007	0.138742	0.175744
218.089	40.0962	0.138933	0.223652
427.467	38.3152	0.214432	0.072238
294.49	41.68	0.215962	0.114563
541.953	39.6591	0.132232	0.114791
596.588	44.2409	0.156546	0.132707
473.794	50.5388	0.240254	0.081079
602.199	57.6892	0.145345	0.217410
367.371	37.9966	0.16171	0.124998
591.107	46.2813	0.236465	0.073890
298.003	44.3487	0.149795	0.166371
710.912	48.0212	0.244285	0.069982
300.534	38.1593	0.194958	0.092774
496.024	43.2116	0.125763	0.119056
179.137	39.2588	0.242883	0.128906
691.479	60.3857	0.158828	0.163620
634.669	53.5195	0.14912	0.137076
650.105	48.4484	0.169147	0.121193
470.462	49.1054	0.192665	0.140826
361	38.4077	0.132903	0.121154
767.461	51.0253	0.141506	0.140476
391.643	48.2728	0.198633	0.078316
342.433	40.8678	0.190109	0.101156
598.838	37.6843	0.171441	0.070208
585.359	56.0282	0.147805	0.281925
546.671	47.9451	0.224667	0.112697
161.763	38.3146	0.1436	0.219024
533.306	47.7462	0.131767	0.166580
763.148	56.0984	0.158437	0.153359
709.586	58.615	0.190569	0.152519
235.278	48.565	0.125107	0.323150
436.531	41.0157	0.183234	0.095262
417.799	53.9157	0.170165	0.185872
308.555	37.2016	0.136645	0.121277
383.781	56.2033	0.127406	0.215623
588.848	37.3474	0.137505	0.098625
452.925	53.8569	0.217562	0.096895
661.2	43.0182	0.128117	0.122392
240.822	38.9829	0.135629	0.264979
476.206	46.2515	0.142089	0.156748
173.409	39.1934	0.23957	0.144699
184.829	41.2964	0.19329	0.139221
558.813	39.5226	0.150731	0.125673
873.688	58.498	0.16667	0.155305
429.237	38.3682	0.205437	0.062082
570.899	54.2446	0.169473	0.149878
755.469	59.3639	0.167429	0.137625
778.318	51.3266	0.150765	0.115716
558.42	37.7983	0.130725	0.123681
235.61	36.7488	0.159274	0.116359
388.072	46.614	0.145439	0.145000
446.668	41.4586	0.141915	0.128352
453.847	39.3917	0.150489	0.134290
290.81	49.7021	0.181583	0.185670
248.421	47.4733	0.241832	0.126130
533.371	57.6639	0.246507	0.110389
307.547	38.7914	0.134533	0.123888
504.239	44.2177	0.153328	0.102871
881.472	58.1469	0.150231	0.161679
603.6	43.7795	0.233112	0.075996
222.328	42.4297	0.184026	0.120771
368.741	36.5853	0.249886	0.075134
948.78	59.8231	0.154772	0.130553
517.956	53.1055	0.174872	0.123766
536.323	42.2432	0.184539	0.105004
280.97	40.3791	0.217327	0.108350
571.057	54.3236	0.218142	0.095856
224.949	49.5514	0.134344	0.516567
333.46	53.1565	0.132733	0.339859
209.491	46.1268	0.174218	0.211898
183.173	40.4119	0.133518	0.233550
379.634	38.7069	0.137016	0.135284
524.953	46.5134	0.140384	0.153066
839.772	53.279	0.145044	0.153830
699.049	47.2074	0.139372	0.123857
526.264	38.9901	0.220211	0.068536
441.434	39.7378	0.210471	0.078981
594.486	45.7379	0.173139	0.104282
880.374	59.3472	0.138387	0.200118
582.474	50.9103	0.129704	0.184795
470.136	43.6617	0.248126	0.111935
568.854	50.883	0.16173	0.153351
189.783	41.0084	0.177281	0.100703
783.458	55.1549	0.155566	0.138070
615.723	40.6845	0.154838	0.136588
468.155	46.9411	0.151965	0.128863
342.791	41.2518	0.129409	0.209762
540.197	50.9345	0.154245	0.155921
574.002	47.8102	0.138747	0.154977
274.183	51.6796	0.127679	0.337245
498.1	54.5655	0.209054	0.121012
200.953	47.7388	0.190777	0.171920
609.788	46.0366	0.132843	0.141298
190.131	39.294	0.125307	0.254749
464.465	42.1214	0.229067	0.068661
308.061	43.659	0.129719	0.162599
686.945	44.1222	0.160333	0.092659
486.282	38.3923	0.160509	0.107429
446.369	49.4769	0.245962	0.102319
789.843	56.0742	0.166977	0.167982
241.821	45.2283	0.22209	0.126888
350.41	40.1943	0.16926	0.132613
496.587	36.7299	0.244862	0.061693
297.133	37.3632	0.229288	0.077297
735.119	55.2424	0.131165	0.205712
237.589	52.1328	0.160212	0.362571
253.069	38.1987	0.147493	0.145228
760.6	58.8467	0.143317	0.203588
192.431	44.7404	0.128975	0.244557
346.522	45.3532	0.129059	0.168289
463.746	36.7832	0.175827	0.077247
581.438	36.9453	0.201556	0.064196
855.554	57.5359	0.163733	0.128446
670.931	45.0581	0.13194	0.152278
734.592	60.1146	0.134763	0.266671
310.062	37.9608	0.156444	0.151198
187.281	41.7369	0.154758	0.166108
360.322	46.6961	0.247864	0.079223
581.794	48.5482	0.138452	0.177567
427.351	41.8274	0.168191	0.107592
449.767	45.3258	0.186739	0.106236
691.204	44.2077	0.147119	0.121549
543.733	39.0717	0.151427	0.100776
785.528	59.0011	0.243532	0.106474
609.979	49.4053	0.151909	0.121176
324.43	57.217	0.162523	0.223207
320.261	43.8388	0.127296	0.228806
751.774	50.4339	0.164862	0.107735
414.235	48.8247	0.240431	0.090781
197.391	39.216	0.221047	0.120640
171.953	37.1564	0.142325	0.245472
187.805	44.6519	0.179278	0.199002
658.41	45.6465	0.145275	0.129288
256.528	46.2426	0.194649	0.136615
840.143	52.7992	0.162897	0.141752
417.093	44.2609	0.164364	0.129808
519.593	36.7591	0.157122	0.099656
509.577	40.9716	0.144092	0.124174
648.741	49.6858	0.176315	0.102821
805.867	59.8192	0.129327	0.202447
613.715	40.2136	0.155571	0.099837
406.98	42.1402	0.17167	0.086920
481.279	41.6847	0.21545	0.079255
697.252	45.2362	0.187038	0.074695
321.312	42.1135	0.151412	0.177302
477.114	46.8086	0.211415	0.087141
650.466	60.2444	0.163367	0.211162
569.303	52.2585	0.234576	0.098263
296.16	37.5017	0.175177	0.105974
298.88	42.6166	0.141238	0.152867
354.599	44.0418	0.165775	0.164492
449.042	45.4741	0.249941	0.090275
759.285	48.628	0.224617	0.086048
452.576	39.2045	0.145108	0.112138
468.982	50.3883	0.240262	0.088628
610.031	43.7346	0.240614	0.070669
302.798	55.8633	0.17473	0.184495
469.709	42.4354	0.212873	0.100692
539.82	38.7234	0.137897	0.105716
393.901	38.0031	0.153997	0.120219
660.464	42.5602	0.204342	0.079945
747.131	54.8016	0.224657	0.093410
398.059	48.0044	0.172988	0.123295
560.738	39.4882	0.209209	0.060408
757.209	59.6724	0.142402	0.183686
769.127	50.5725	0.132064	0.201014
302.034	37.683	0.146844	0.186013
341.682	43.4826	0.155157	0.147700
496.767	43.4011	0.176169	0.106667
331.978	39.8387	0.146376	0.159644
381.035	57.698	0.212319	0.127159
299.73	50.2766	0.208602	0.124133
627.054	39.3253	0.233729	0.063661
468.372	37.2936	0.244299	0.053433
463.868	42.4834	0.227507	0.075131
297.057	38.7992	0.206364	0.098927
418.974	49.9348	0.231506	0.109667
522.23	49.0547	0.155929	0.177580
411.02	57.5726	0.150395	0.258528
195.301	47.6773	0.158079	0.184137
507.378	44.4583	0.146225	0.146466
385.224	40.8209	0.191478	0.103716
372.083	40.9907	0.243077	0.072536
437.181	38.7818	0.169272	0.084263
347.433	39.9197	0.150164	0.190951
565.45	51.1633	0.155656	0.137120
348.351	40.249	0.17623	0.109283
223.176	47.1066	0.203821	0.176186
200.218	40.4771	0.196786	0.170038
671.253	45.7553	0.130654	0.116281
311.294	46.2756	0.238031	0.094582
245.809	51.4585	0.230138	0.146907
531.057	42.463	0.137862	0.149605
286.637	39.1165	0.148749	0.155077
434.159	37.5419	0.186621	0.069095
497.055	42.0092	0.146644	0.113954
293.176	47.7707	0.136838	0.257915
472.921	42.807	0.20019	0.095857
349.368	42.6265	0.178824	0.127617
511.955	59.5062	0.214944	0.130657
664.498	46.0121	0.126992	0.167491
363.74	38.5979	0.212144	0.090811
472.238	55.209	0.209342	0.115854
249.037	43.4579	0.165916	0.144678
197.189	40.1123	0.244784	0.102902
670.348	47.1575	0.206836	0.081961
201.32	45.3444	0.134919	0.314034
271.415	53.4216	0.139112	0.321147
330.195	57.8751	0.135649	0.370442
446.263	37.0145	0.209067	0.076028
522.943	48.1091	0.135066	0.184538
497.203	41.7997	0.156902	0.151257
450.538	53.4789	0.140092	0.245272
571.666	44.369	0.240502	0.066803
569.371	40.0905	0.140506	0.123591
586.301	48.7561	0.137227	0.127061
288.7	45.6522	0.241695	0.093692
296.625	39.2933	0.180275	0.103271
337.328	42.2703	0.162711	0.111820
665.743	58.1199	0.144732	0.222686
193.21	38.3612	0.201084	0.090354
258.957	41.9659	0.145325	0.150531
742.541	48.5312	0.130701	0.161334
752.81	56.3091	0.149597	0.206844
492.628	50.1319	0.228915	0.121202
525.926	47.4222	0.19077	0.119834
226.58	49.9455	0.125119	0.401109
614.314	56.6465	0.233148	0.097387
505.837	58.4193	0.144808	0.250133
514.326	45.5729	0.171733	0.115969
806.728	55.6876	0.153482	0.141404
729.213	56.3954	0.201517	0.115916
400.497	50.4888	0.153202	0.209454
630.407	58.5528	0.210213	0.131167
359.434	56.553	0.160135	0.265402
495.623	52.0885	0.212704	0.136860
598.283	45.5957	0.160933	0.113307
333.684	44.6162	0.135143	0.215348
187.138	43.0804	0.223739	0.161911
328.153	55.8874	0.208305	0.125967
273.709	39.6612	0.184109	0.134312
593.411	56.4714	0.138727	0.159868
663.62	54.8852	0.22304	0.112791
344.311	52.6795	0.167859	0.245301
358.913	60.4211	0.157518	0.337415
405.643	37.8274	0.133282	0.138325
326.068	43.3345	0.158952	0.170660
363.882	40.5638	0.147891	0.099897
553.53	45.8525	0.158409	0.107139
202.324	43.1762	0.203029	0.139490
333.184	54.1517	0.156193	0.180648
199.37	36.5914	0.208538	0.078464
531.452	39.8717	0.246175	0.048567
432.066	55.9075	0.132666	0.299898
279.24	45.0369	0.211155	0.112384
274.568	44.2603	0.244223	0.094704
452.746	58.8644	0.20853	0.142949
315.972	54.3844	0.1368	0.290088
208.824	36.8853	0.22785	0.059436
243.143	54.9724	0.151191	0.341066
231.258	37.3548	0.17674	0.113846
448.431	47.7874	0.153071	0.152487
339.217	41.6136	0.129774	0.197895
345.538	42.884	0.177464	0.134046
369.912	47.5139	0.218344	0.148419
532.949	38.4061	0.147067	0.113824
446.702	36.6647	0.142983	0.102467
541.333	38.6243	0.244855	0.054155
613.198	50.7253	0.145877	0.171498
251.539	42.5516	0.136799	0.175607
673.824	55.0003	0.230544	0.115855
526.084	56.4187	0.208626	0.160391
177.206	43.6059	0.222444	0.180781
401.035	38.3728	0.243504	0.064469
636.179	52.8304	0.182716	0.163375
645.474	49.4545	0.15834	0.133626
254.045	53.7772	0.143911	0.331054
301.76	42.4974	0.195289	0.155948
340.401	56.2002	0.160099	0.290455
664.111	47.2729	0.194036	0.101085
661.126	41.8761	0.163329	0.093103
514.823	38.9864	0.150609	0.137092
519.708	47.4991	0.140977	0.151754
335.792	53.5285	0.14709	0.256144
384.258	53.6699	0.180279	0.188114
586.365	56.9264	0.132015	0.270637
258.851	43.4337	0.144111	0.233017
879.957	57.0732	0.190502	0.115175
540.55	36.8456	0.138486	0.095402
548.615	42.9749	0.139596	0.124742
299.138	55.0573	0.19078	0.218621
664.151	55.2512	0.146276	0.174749
615.07	45.7323	0.183209	0.109002
396.899	45.0777	0.1541	0.178024
546.009	37.5949	0.133078	0.151050
263.004	40.9685	0.17636	0.157537
413.782	43.5767	0.155173	0.156808
225.708	38.8432	0.156095	0.094113
571.114	40.895	0.135557	0.098045
262.938	37.2945	0.167491	0.113910
470.595	38.8159	0.214363	0.076112
289.525	49.3133	0.231724	0.149391
249.702	37.2714	0.136642	0.158544
658.882	46.4105	0.224245	0.073959
169.909	41.2588	0.136969	0.252263
256.25	45.1668	0.230824	0.171522
309.521	48.7674	0.158997	0.220646
550.687	51.3329	0.222172	0.118619
328.562	37.0311	0.182813	0.091379
755.85	53.0312	0.185178	0.104267
302.5	52.8673	0.200127	0.173656
384.632	43.8687	0.152062	0.182815
387.121	42.1685	0.217269	0.084802
604.006	44.0073	0.148016	0.099221
546.134	38.6376	0.170558	0.088105
391.016	47.314	0.151507	0.197840
368.339	41.2055	0.220697	0.086861
380.814	38.8924	0.133267	0.105806
229.598	50.3904	0.182464	0.169511
424.657	50.1125	0.174937	0.134454
445.497	54.6171	0.14953	0.231652
656.751	46.6752	0.136969	0.120586
680.455	45.4138	0.13092	0.163081
454.058	45.7244	0.183758	0.150369
536.513	40.4143	0.244425	0.062560
195.084	43.1864	0.128507	0.285413
502.587	56.5444	0.248815	0.110874
199.663	40.7659	0.127776	0.204770
459.183	50.7897	0.195307	0.122324
238.563	47.8767	0.24209	0.202477
630.768	40.6236	0.170159	0.102649
861.017	55.1151	0.17737	0.127140
179.711	39.6595	0.202895	0.120158
289.694	39.8962	0.193988	0.092731
456.032	39.3763	0.159613	0.103795
471.104	38.9312	0.136043	0.121156
536.595	41.8897	0.152542	0.149551
478.873	52.0851	0.150897	0.238304
206.436	48.8208	0.128292	0.388429
432.734	60.7807	0.147515	0.240802
468.857	56.4873	0.206506	0.156264
383.24	44.5871	0.127347	0.196550
335.094	42.354	0.194307	0.116129
247.286	60.1769	0.136553	0.464972
803.543	54.5873	0.17495	0.114622
226.542	39.3422	0.227726	0.086172
509.167	44.9831	0.144626	0.190903
586.963	54.6519	0.131194	0.205671
754.883	51.9255	0.162556	0.125504
533.568	52.3126	0.138661	0.202659
300.95	52.5752	0.179772	0.181081
539.447	49.3632	0.162819	0.178803
214.51	38.2751	0.12785	0.169335
558.654	40.2839	0.228479	0.058377
448.968	47.432	0.170316	0.152153
316.638	44.9852	0.184038	0.141214
505.68	43.0226	0.13976	0.106727
554.399	50.595	0.137086	0.178408
437.743	46.8576	0.211288	0.093979
619.742	46.4806	0.136102	0.163394
215.44	40.6424	0.137669	0.143623
411.695	39.1018	0.180398	0.084758
274.542	56.9086	0.125821	0.384439
557.34	42.3308	0.143142	0.135253
729.558	57.3562	0.140042	0.202416
507.131	58.1642	0.205283	0.123582
503.723	41.7385	0.244202	0.084842
479.069	57.8405	0.221585	0.114055
258.043	40.9555	0.170274	0.171294
284.947	42.4815	0.155792	0.159262
280.222	42.3993	0.194137	0.116196
742.771	50.3105	0.240334	0.089060
200.253	39.9809	0.179734	0.142064
231.948	45.7149	0.242973	0.102663
725.677	50.0353	0.242424	0.074770
220.573	42.3726	0.226118	0.106383
514.98	37.2637	0.183513	0.089111
456.564	48.8068	0.129596	0.154196
292.543	46.8723	0.163052	0.179033
461.375	39.3957	0.157366	0.109102
552.685	37.6846	0.238657	0.060577
445.449	43.408	0.177426	0.131503
481.956	38.2019	0.203239	0.067709
401.494	42.5651	0.237706	0.094841
515.813	49.0711	0.194438	0.096450
514.098	37.1234	0.146078	0.099560
492.525	43.2487	0.175189	0.116286
682.533	48.0133	0.236369	0.090465
783.467	49.167	0.177524	0.124703
397.683	43.8053	0.127979	0.134184
417.222	49.3518	0.236504	0.104799
540.577	40.2572	0.21687	0.076745
247.579	47.6378	0.235633	0.114901
254.182	59.0524	0.242007	0.242209
213.376	43.3249	0.135739	0.264697
233.989	44.4005	0.14763	0.283688
552.401	53.8888	0.193663	0.137548
908.498	58.5058	0.138812	0.190984
682.42	60.8282	0.240868	0.109739
427.887	41.2887	0.135391	0.132035
445.68	48.6157	0.197865	0.099206
736.275	53.4037	0.145622	0.176269
678.925	54.5665	0.184096	0.160065
279.788	42.9984	0.164788	0.128581
387.839	39.8917	0.217632	0.083330
659.201	49.596	0.208162	0.078629
334.794	37.067	0.154303	0.140041
805.539	51.7224	0.213499	0.084025
779.521	50.1177	0.242425	0.069683
433.48	56.1374	0.214077	0.153453
845.777	58.6855	0.243765	0.098632
586.453	39.968	0.132261	0.134271
306.669	39.457	0.190937	0.101761
441.637	36.5544	0.221744	0.068904
305.986	37.2459	0.174323	0.110259
302.559	56.9293	0.212591	0.194170
270.493	38.7399	0.161021	0.125585
595.724	44.7747	0.221392	0.073601
410.864	37.1294	0.241157	0.058076
405.183	55.6148	0.162103	0.157113
546.16	56.0092	0.16223	0.185486
169.391	37.5554	0.232395	0.086009
726.98	52.4222	0.237866	0.071758
383.589	43.0491	0.158703	0.151032
694.504	44.4447	0.127712	0.153930
388.099	38.0478	0.177558	0.105337
176.707	37.667	0.129265	0.192678
441.059	37.9778	0.172172	0.089129
506.972	42.1255	0.15367	0.125098
324.731	49.3634	0.169472	0.204714
736.569	46.4175	0.128413	0.152463
217.789	43.134	0.248901	0.095478
431.814	38.3795	0.19537	0.083412
477.439	41.7428	0.217314	0.084653
154.448	38.5157	0.163301	0.198974
401.999	36.8027	0.131324	0.149564
327	44.9617	0.191804	0.114310
803.322	53.619	0.242783	0.064534
534.198	58.4771	0.196966	0.155524
360.73	38.5288	0.236644	0.081467
581.158	46.488	0.139881	0.152277
301.015	57.5075	0.171499	0.358555
455.099	49.5176	0.186187	0.124792
514.368	40.5663	0.141147	0.118718
541.739	39.9295	0.170452	0.096217
454.057	58.9507	0.138865	0.203300
283.357	45.4889	0.236328	0.108101
318.166	59.7727	0.234305	0.124819
434.543	37.4992	0.225326	0.066965
677.339	55.5847	0.151264	0.142979
650.208	50.6854	0.136758	0.194802
435.478	45.6357	0.155717	0.129103
549.935	50.3349	0.141272	0.188695
192.831	39.5302	0.219845	0.110468
227.148	55.7322	0.133274	0.285043
435.427	49.2829	0.14278	0.219665
272.463	42.7867	0.18735	0.119052
339.636	59.3623	0.143727	0.342197
651.559	50.1878	0.248482	0.079350
185.808	37.3312	0.15432	0.139116
783.169	52.1467	0.129021	0.152653
208.911	39.4149	0.157716	0.158952
565.259	56.6957	0.125626	0.242256
452.371	48.3261	0.238834	0.103583
236.176	54.2548	0.203479	0.153162
421.047	39.7874	0.19636	0.075405
423.074	38.7586	0.155989	0.126672
315.538	41.0125	0.143218	0.139896
707.088	44.6127	0.17119	0.086703
531.376	50.8413	0.24942	0.079899
356.203	40.0723	0.227484	0.088627
374.899	37.5874	0.129145	0.150116
503.577	55.6237	0.133758	0.182718
415.633	51.6191	0.145335	0.269569
243.166	46.659	0.161751	0.190492
587.797	53.5537	0.131706	0.182078
584.575	42.2381	0.213583	0.073449
411.38	38.658	0.18168	0.073941
324.165	44.9809	0.131071	0.217135
511.311	59.6594	0.174449	0.175420
325.154	38.3599	0.139781	0.124718
394.298	54.2546	0.248617	0.105205
818.933	56.5811	0.138851	0.169096
585.955	41.7509	0.148191	0.118472
670.922	43.012	0.223709	0.061653
584.087	47.9331	0.169185	0.114382
276.193	36.9768	0.17304	0.129470
354.487	56.043	0.167034	0.196790
501.232	47.4618	0.12978	0.175766
791.247	51.1391	0.164075	0.109089
256.386	58.1424	0.152534	0.236621
455.423	36.5308	0.167861	0.095936
400.876	43.9048	0.181918	0.132488
200.892	45.6903	0.128594	0.410617
394.35	50.8675	0.15444	0.171177
173.608	43.1015	0.201586	0.141561
397.386	54.1614	0.190393	0.204454
448.733	55.2577	0.209723	0.155047
196.481	37.3859	0.14552	0.169307
861.931	56.6319	0.229316	0.109732
243.184	39.6901	0.172576	0.143727
593.818	56.6188	0.198356	0.132234
714.002	57.2566	0.199469	0.130824
325.906	47.8742	0.128804	0.253165
222.399	54.418	0.202055	0.251435
874.376	56.6007	0.131155	0.161625
546.526	41.2271	0.162569	0.112340
481.269	46.3096	0.180388	0.141699
252.752	38.4963	0.174214	0.114015
419.615	36.8495	0.146579	0.104887
657.017	41.7797	0.169374	0.079890
412.561	42.9785	0.153475	0.139601
638.035	41.5587	0.130982	0.144130
246.831	45.9124	0.230402	0.154234
257.192	37.0365	0.192351	0.104603
295.673	39.7461	0.221545	0.089138
697.253	43.7556	0.17065	0.088762
562.619	46.7252	0.160041	0.106846
572.911	58.308	0.195211	0.140072
310.786	40.3396	0.142993	0.135886
234.295	46.9494	0.194149	0.115425
496.424	56.0757	0.212467	0.108130
520.085	41.5437	0.147507	0.124881
293.473	40.1346	0.209918	0.087251
482.009	40.8888	0.139159	0.145242
484.292	41.1183	0.242308	0.070422
230.67	48.212	0.185362	0.144061
176.068	37.3885	0.13547	0.215601
487.077	41.2112	0.230142	0.061771
565.251	48.8947	0.177564	0.112741
741.655	50.2461	0.193517	0.110679
698.635	48.2996	0.185868	0.105942
359.212	44.5241	0.136945	0.283433
481.451	56.6785	0.180523	0.163907
522.576	40.5685	0.173899	0.079195
234.549	43.3118	0.146003	0.147374
767.865	48.3476	0.163976	0.084649
359.477	51.911	0.175721	0.186244
435.472	56.7681	0.245119	0.147841
289.985	49.0713	0.244325	0.161886
524.317	40.1873	0.182204	0.088221
533.819	49.9436	0.21737	0.097809
164.102	40.8168	0.130086	0.276366
506.301	45.585	0.202887	0.100678
446.029	51.4786	0.137933	0.201957
225.709	52.5015	0.134259	0.249863
543.199	44.0059	0.128142	0.166264
212.972	37.9533	0.16036	0.127980
439.344	37.0359	0.228734	0.057594
602.02	38.0596	0.189764	0.071651
455.499	38.2685	0.151318	0.131583
477.992	48.2812	0.184007	0.127980
213.565	49.7792	0.132762	0.316566
197.006	48.2809	0.133241	0.237421
376.878	38.2095	0.169606	0.099020
616.36	55.5474	0.222152	0.106842
216.293	37.193	0.179552	0.147262
617.513	52.2436	0.203226	0.107569
394.227	42.4485	0.18391	0.116108
598.206	43.3844	0.173834	0.097159
833.703	60.5649	0.140963	0.186061
251.128	47.667	0.232946	0.131317
400.089	56.7829	0.130107	0.241461
433.719	43.3102	0.144152	0.136847
780.748	58.1113	0.129075	0.220514
537.534	39.6408	0.160333	0.082494
517.362	47.6138	0.188152	0.130978
622.913	39.2893	0.13562	0.116692
319.14	46.355	0.155386	0.207333
683.741	58.2229	0.242782	0.098312
594.263	37.2776	0.166596	0.083250
181.904	42.9918	0.191166	0.187079
541.459	47.2175	0.160152	0.145870
301.443	38.4744	0.151752	0.130181
883.835	57.1621	0.232081	0.070252
416.849	44.4125	0.129667	0.165861
400.889	44.3139	0.142236	0.165506
345.741	37.8498	0.141802	0.125219
174.368	39.4816	0.134624	0.314968
529.888	48.4301	0.185965	0.146856
582.47	39.9175	0.132012	0.134550
362.947	38.2508	0.182272	0.091823
699.356	56.0759	0.151316	0.197713
433.24	47.917	0.206627	0.120430
851.327	56.495	0.146264	0.199152
558.878	44.7313	0.134731	0.163699
375.254	51.9125	0.148565	0.224034
355.297	46.6372	0.211245	0.102453
338.695	49.1641	0.125797	0.276523
437.595	48.4637	0.149871	0.238799
625.559	51.97	0.134925	0.169689
512.587	44.3359	0.132078	0.130266
147.209	36.7327	0.125396	0.246423
236.907	39.1634	0.179822	0.120077
619.888	39.2156	0.248623	0.058554
176.675	38.6319	0.226651	0.105648
370.993	41.271	0.140206	0.131688
557.915	37.5886	0.146712	0.093694
559.736	48.5727	0.136117	0.159669
478.888	44.1882	0.143292	0.114809
397.059	53.0618	0.227745	0.109531
318.266	45.283	0.132299	0.242933
514.962	39.7831	0.171676	0.088972
288.302	42.8087	0.163911	0.151750
423.272	37.6063	0.150767	0.099598
346.754	53.5015	0.234642	0.116820
589.514	46.7241	0.13762	0.150549
560.023	43.1285	0.148431	0.124929
334.788	53.7316	0.138367	0.274535
297.131	36.8885	0.19499	0.087331
495.188	38.6029	0.227707	0.081998
385.778	44.5933	0.150398	0.184397
683.428	42.8227	0.199436	0.086713
292.051	38.8943	0.151455	0.146778
310.217	55.5699	0.15989	0.180254
331.604	38.2485	0.177721	0.085653
682.431	51.5854	0.143761	0.147737
713.076	46.0511	0.128266	0.125444
325.948	51.3856	0.167493	0.169416
502.841	46.3765	0.249083	0.071657
254.058	46.1432	0.206443	0.114115
355.867	42.2403	0.154139	0.133414
364.792	44.3093	0.142672	0.216959
361.414	41.831	0.216854	0.095663
308.014	44.4268	0.148898	0.128418
172.454	38.5351	0.218831	0.101602
222.456	40.0091	0.127956	0.254847
366.831	36.9859	0.15746	0.101093
216.506	39.1597	0.186364	0.121734
833.704	56.0639	0.177819	0.115154
591.318	52.6716	0.203633	0.110149
746.079	53.3874	0.159088	0.151308
315.524	36.9091	0.177955	0.111769
500.852	40.5359	0.233652	0.055141
897.531	57.0293	0.132125	0.156885
643.692	42.1557	0.185271	0.087621
203.985	37.5092	0.182572	0.145661
737.915	47.1852	0.145355	0.128792
657.905	60.6782	0.173693	0.129180
649.098	52.6319	0.202277	0.082769
586.298	52.5	0.236063	0.097334
485.925	39.7296	0.135683	0.133442
200.625	47.3729	0.177994	0.164061
592.533	55.3347	0.169702	0.124973
325.866	43.0241	0.19215	0.093724
478.417	54.5353	0.1889	0.135868
476.678	57.7646	0.180645	0.150407
462.215	55.5737	0.177497	0.148933
474.069	40.614	0.137419	0.108725
862.159	57.4643	0.152182	0.127668
809.851	55.7836	0.125783	0.268464
567.689	38.8269	0.143994	0.117744
440.143	51.7357	0.135793	0.230820
434.556	59.9247	0.127495	0.380444
692.792	44.5416	0.164561	0.103218
592.434	38.3333	0.196605	0.072930
497.85	60.3789	0.126056	0.285824
394.257	37.9766	0.18648	0.077857
311.495	49.1784	0.185757	0.134785
605.683	51.4919	0.232911	0.089144
300.793	45.2077	0.128204	0.188227
465.525	36.9551	0.142948	0.100282
768.282	51.2286	0.152394	0.142915
204.888	47.6078	0.129124	0.280011
238.675	38.9973	0.129324	0.201019
289.066	50.1027	0.191788	0.172697
367.389	41.5329	0.146198	0.190469
470.226	60.1056	0.133373	0.245072
442.981	56.0944	0.197204	0.143246
405.562	43.9027	0.135578	0.154259
308.165	44.0526	0.181926	0.139311
677.998	57.1028	0.180006	0.164525
280.701	46.2726	0.161495	0.170548
437.396	53.1971	0.211449	0.131286
302.831	37.2769	0.208618	0.089221
333.414	40.2003	0.206962	0.094167
293.433	43.5412	0.246881	0.110827
350.847	42.6164	0.1283	0.206353
224.399	44.4672	0.149062	0.184579
322.596	55.5339	0.132416	0.306992
308.735	44.1099	0.13035	0.194061
502.483	55.1213	0.135146	0.190867
908.949	60.1954	0.134831	0.198288
273.415	37.3044	0.207758	0.099637
879.713	58.9577	0.211136	0.096932
573.041	49.399	0.240857	0.091672
459.129	38.8827	0.207847	0.081622
282.151	46.5151	0.245458	0.084966
367.348	46.6241	0.154505	0.146331
504.45	38.6259	0.157759	0.106557
270.06	38.762	0.224373	0.085956
400.028	45.389	0.222066	0.110012
545.246	55.8371	0.142019	0.227355
280.285	38.4975	0.130187	0.190602
227.75	37.8817	0.148967	0.136234
618.554	48.3583	0.192729	0.126939
417.053	37.2978	0.160504	0.116435
801.683	55.0069	0.173544	0.100276
318.192	46.5396	0.152536	0.170971
579.591	40.195	0.136374	0.102878
586.568	42.4096	0.18076	0.091246
671.131	51.3413	0.217327	0.106335
552.792	53.534	0.180253	0.135293
195.717	40.8023	0.134826	0.272472
234.477	41.723	0.215856	0.127150
734.568	54.8694	0.142306	0.172724
398.745	52.7069	0.238878	0.130983
749.682	47.7252	0.172712	0.085538
414.794	37.9505	0.149698	0.098602
437.792	36.5558	0.174604	0.093308
712.2	55.3502	0.16938	0.132265
387.638	38.4415	0.168827	0.139239
255.352	40.9742	0.207897	0.093105
333.474	43.7523	0.161978	0.120728
453.603	41.8214	0.184238	0.109635
255.614	42.5182	0.180261	0.185397
208.269	41.4135	0.139265	0.233943
531.36	54.4332	0.130072	0.176738
474.647	39.6032	0.234873	0.055837
431.429	45.4844	0.130972	0.167901
816.452	52.2532	0.165085	0.134202
574.215	45.5955	0.134767	0.133377
755.473	48.9404	0.219635	0.067777
577.403	50.3244	0.153228	0.161637
599.754	44.6339	0.158721	0.127794
453.627	39.5207	0.147741	0.143352
555.824	50.5847	0.182068	0.123271
203.582	48.5345	0.243615	0.138620
533.104	44.8787	0.231115	0.070202
399.068	36.9598	0.207957	0.069723
853.543	55.5973	0.221662	0.105706
298.844	39.6007	0.172927	0.138325
288.998	54.1583	0.154402	0.219617
278.757	44.6389	0.168067	0.155406
236.318	42.2962	0.137709	0.269265
267.4	57.5559	0.130273	0.440910
519.194	42.1593	0.202585	0.081241
314.013	55.6134	0.205835	0.135539
407.796	41.7608	0.211763	0.066888
661.196	41.6103	0.156028	0.097274
353.404	44.4242	0.227608	0.080825
345.017	40.4688	0.165685	0.155315
486.727	56.7738	0.170804	0.179273
401.187	46.6898	0.179829	0.109652
333.128	45.8841	0.217302	0.086681
416.609	52.3065	0.225297	0.103095
669.041	45.9833	0.127575	0.168244
585.35	45.2961	0.157083	0.121234
859.405	57.8843	0.154831	0.140449
402.317	54.9038	0.17625	0.184837
242.172	36.9255	0.145501	0.138823
212.892	37.7461	0.231681	0.066458
573.285	38.8901	0.230779	0.059325
460.149	42.4509	0.147567	0.131333
207.177	39.4847	0.143173	0.187925
270.582	44.3758	0.144318	0.196909
302.67	38.5638	0.159105	0.135701
353.238	41.1341	0.154769	0.199160
604.211	57.2663	0.206035	0.152566
551.275	40.3723	0.210778	0.088776
916.838	57.818	0.136489	0.156442
449.236	44.8652	0.149696	0.171985
366.447	55.4032	0.225006	0.120506
586.746	46.159	0.125266	0.159659
691.183	49.8766	0.22197	0.068230
452.726	39.2373	0.136823	0.130243
598.535	44.7493	0.179201	0.088894
189.187	44.3991	0.193794	0.149263
882.316	55.3131	0.16583	0.118131
184.709	44.8644	0.161158	0.269516
254.487	47.977	0.151152	0.242609
469.135	42.4477	0.175906	0.142389
318.642	42.3169	0.186095	0.133393
511.474	40.6186	0.203156	0.079761
520.316	40.7384	0.209375	0.071978
490.782	39.577	0.201511	0.079711
734.987	48.5387	0.160393	0.116623
298.169	40.813	0.173677	0.144999
704.144	50.9786	0.190136	0.105940
358.866	51.0178	0.199938	0.161220
222.285	37.4559	0.150566	0.158931
541.505	41.4717	0.225107	0.065124
496.975	41.5141	0.155118	0.107768
556.908	40.0431	0.237727	0.060958
550.663	38.0819	0.18795	0.081053
568.519	38.2819	0.204687	0.070044
249.621	39.2848	0.161142	0.112978
293.053	40.5119	0.186788	0.121714
352.475	52.5396	0.187581	0.184610
686.143	53.646	0.157282	0.136777
324.824	50.5883	0.204161	0.168606
415.768	41.4591	0.239847	0.063066
479.303	46.8989	0.202547	0.088711
215.798	37.5922	0.249234	0.094697
864.413	56.87	0.16406	0.133297
618.199	41.158	0.249277	0.062968
513.937	40.543	0.146113	0.115699
440.673	48.2481	0.158053	0.176024
277.67	47.7252	0.126655	0.335729
269.324	49.7198	0.180577	0.209447
558.329	43.3253	0.215477	0.072454
301.802	44.835	0.178198	0.162786
436.52	36.7922	0.158238	0.096539
541.565	36.7908	0.17069	0.064682
504.185	51.0337	0.142019	0.167957
289.05	39.7838	0.146186	0.183953
158.302	38.9934	0.12889	0.174362
502.661	40.6107	0.186597	0.094602
532.601	37.2032	0.236143	0.075047
521.165	46.3378	0.127195	0.195434
597.451	39.8417	0.184269	0.087063
448.405	49.0818	0.241212	0.095717
237.522	42.1738	0.127701	0.281152
660.468	44.2095	0.13413	0.146779
248.978	37.9203	0.223067	0.077287
285.031	46.2834	0.125046	0.239129
287.17	43.9215	0.146216	0.151110
558.63	37.8966	0.14768	0.104164
526.173	47.3934	0.188937	0.099187
301.92	51.0709	0.186185	0.179639
243.451	39.3148	0.196049	0.093195
613.279	49.9749	0.18155	0.135253
215.085	43.3412	0.19804	0.136878
381.532	50.818	0.133852	0.185181
361.74	42.2565	0.167998	0.118189
909.365	60.5813	0.15514	0.162321
675.069	53.191	0.165246	0.122802
755.335	59.4459	0.150362	0.176533
318.884	44.9214	0.138341	0.168887
513.748	39.4157	0.12717	0.163693
503.254	37.944	0.224596	0.049334
596.1	37.6106	0.179986	0.076111
418.643	43.9907	0.156072	0.135855
844.629	56.716	0.125408	0.169871
410.53	38.1766	0.180601	0.109093
436.805	43.4845	0.188063	0.103085
463.581	52.1494	0.141643	0.212315
497.995	46.5703	0.180205	0.084395
730.694	54.7034	0.160183	0.126434
362.147	48.2597	0.209594	0.135498
384.034	57.1731	0.140814	0.334889
187.044	46.5618	0.158262	0.291902
420.145	44.5415	0.150904	0.160237
272.842	43.1722	0.226435	0.086151
583.992	45.6103	0.155877	0.165779
263.214	44.4989	0.177888	0.146018
367.522	55.2815	0.153161	0.296262
219.905	46.5133	0.211115	0.172528
325.275	37.6808	0.245164	0.064477
373.84	38.4247	0.173565	0.101576
527.179	60.6816	0.125149	0.265582
696.258	59.843	0.143405	0.161017
510.215	36.9901	0.164202	0.102537
704.553	47.0346	0.241871	0.072767
172.459	37.7261	0.209755	0.116956
769.091	60.7117	0.132756	0.150663
643.08	53.0143	0.146098	0.170030
609.672	44.8958	0.131918	0.137262
518.664	45.2241	0.148057	0.137239
505.555	47.9643	0.22167	0.081951
167.222	39.5559	0.126997	0.247962
609.017	47.6112	0.240848	0.070687
541.217	56.0927	0.137333	0.188912
912.882	57.1904	0.140672	0.189605
511.239	41.2473	0.231403	0.061032
298.209	41.4466	0.127768	0.208596
880.365	58.7797	0.155463	0.128200
492.873	54.6992	0.147684	0.205110
241.446	47.8447	0.125965	0.237999
228.809	45.8554	0.130166	0.234879
704.767	44.253	0.153735	0.100462
344.634	48.2511	0.164342	0.168618
385.088	50.0991	0.141788	0.283130
600.752	39.7084	0.244839	0.059336
408.498	40.3457	0.243558	0.083076
192.369	45.5877	0.209068	0.105035
441.42	40.8097	0.21267	0.094576
269.024	55.8198	0.160861	0.269812
393.725	52.3898	0.152343	0.176865
553.344	43.2549	0.233027	0.073280
578.857	49.1079	0.186058	0.103092
640.051	52.8228	0.205933	0.098896
749.533	50.3536	0.136531	0.146768
649.258	59.056	0.188255	0.154212
540.505	52.0553	0.228705	0.090211
325.901	56.0006	0.135822	0.389495
192.287	46.8398	0.166038	0.267842
540.203	39.3624	0.18394	0.090732
410.134	53.7428	0.169691	0.187378
190.472	41.1461	0.141879	0.184748
628.382	44.5955	0.154982	0.110727
328.421	44.1033	0.144349	0.144232
455.634	39.7021	0.165916	0.112775
246.612	36.9803	0.201582	0.130325
494.282	59.4824	0.186984	0.150013
676.198	60.5084	0.156037	0.210739
218.264	38.4241	0.142209	0.135731
461.985	48.6115	0.185851	0.126993
638.745	43.6887	0.150144	0.113677
257.218	48.4695	0.13357	0.266210
544.785	55.6769	0.175419	0.188984
536.805	37.9201	0.164207	0.092752
456.619	37.8466	0.228156	0.075239
455.294	41.4066	0.166712	0.094402
303.6	38.6016	0.184151	0.126556
160.472	38.0393	0.127938	0.251517
265.027	39.5285	0.137051	0.154449
330.797	39.1244	0.144912	0.113764
817.981	58.7746	0.129498	0.226176
410.37	38.3096	0.176969	0.086670
479.968	53.4285	0.215566	0.127882
708.318	60.2231	0.155749	0.172881
202.302	39.0004	0.230775	0.104529
631.344	46.095	0.235961	0.076926
766.587	57.7212	0.140076	0.166029
322.498	41.1724	0.1776	0.110822
905.055	60.0907	0.229237	0.102217
438.28	57.7665	0.171509	0.143133
392.774	56.7461	0.14714	0.286049
381.732	51.2784	0.248615	0.135236
356.322	36.5955	0.129026	0.154046
353.332	51.0809	0.158288	0.172110
193.859	40.4166	0.176109	0.137056
266.67	44.8959	0.212527	0.104314
242.765	38.6609	0.171926	0.110445
614.147	42.3104	0.217088	0.069419
476.549	54.656	0.146019	0.207080
632.215	49.2973	0.126647	0.193229
392.184	38.4326	0.249338	0.075861
176.918	36.9747	0.189681	0.110101
695.913	50.9163	0.240033	0.073679
583.439	38.068	0.13785	0.092521
719.003	55.1466	0.132766	0.191527
265.05	41.1944	0.174104	0.116725
460.549	39.9792	0.194606	0.074715
272.163	41.2813	0.221138	0.081740
414.819	41.6378	0.14253	0.133350
639.754	58.9881	0.179418	0.218214
565.776	45.4617	0.182359	0.091731
378.866	46.2019	0.191833	0.121388
292.045	51.0536	0.157607	0.230167
481.5	41.6881	0.160617	0.120763
337.21	41.0882	0.183865	0.124883
436.402	41.5127	0.223318	0.075855
479.44	52.8931	0.147567	0.201461
493.452	51.5436	0.208727	0.106228
223.438	39.368	0.169361	0.164612
508.189	38.7117	0.132449	0.123669
349.24	53.5958	0.240311	0.149823
259.883	51.4844	0.133644	0.247339
411.58	46.054	0.1569	0.157938
281.207	46.7746	0.202675	0.095067
623.202	56.7628	0.244803	0.086075
454.594	51.9025	0.145411	0.167101
597.014	37.52	0.2401	0.052877
383.371	47.2209	0.222397	0.124218
643.847	50.1914	0.17921	0.110747
281.913	38.2268	0.146064	0.158307
409.691	46.7693	0.150165	0.161168
365.58	45.1059	0.149947	0.157795
287.778	38.6651	0.171414	0.107899
295.868	43.6835	0.166792	0.201400
168.52	40.9671	0.157059	0.194941
416.247	40.3753	0.126027	0.146391
710.014	56.3726	0.156592	0.160679
329.69	54.0581	0.235306	0.138792
212.281	37.0312	0.142932	0.125326
694.528	45.7394	0.132403	0.139951
292.7	41.087	0.128126	0.165015
401.773	46.473	0.235659	0.112863
444.132	45.2495	0.13999	0.148665
612.759	55.1108	0.234363	0.104812
579.363	38.0343	0.177662	0.090141
411.39	47.628	0.132839	0.197674
703.791	44.1978	0.130681	0.132525
256.479	40.1723	0.139566	0.157234
283.602	48.9187	0.200121	0.100571
286.127	44.4593	0.247476	0.099022
784.604	58.6657	0.217964	0.113666
553.19	54.8811	0.128165	0.212638
367.233	38.4148	0.14272	0.144259
681.067	47.414	0.126185	0.163086
396.708	49.3754	0.155739	0.185138
725.904	46.1426	0.125655	0.139418
475.283	36.863	0.148265	0.093573
297.099	49.8457	0.136148	0.243166
674.815	53.4878	0.148391	0.165618
613.582	48.9611	0.186993	0.117928
452.321	45.0051	0.14622	0.193471
525.899	45.4641	0.169387	0.089458
309.064	47.0104	0.154392	0.180126
193.258	43.8679	0.147588	0.255123
463.897	38.9395	0.167448	0.094739
620.635	39.9779	0.175653	0.065884
631.02	42.7557	0.14896	0.117341
487.553	47.4581	0.203013	0.112158
494.885	47.3808	0.20409	0.141240
582.508	46.9615	0.135669	0.177628
356.491	45.6386	0.170655	0.139748
424.471	52.7478	0.166223	0.140515
418.618	57.9836	0.168558	0.221986
184.066	45.6769	0.198152	0.119695
325.015	37.0606	0.144944	0.083324
615.279	42.962	0.212997	0.067890
454.409	48.0788	0.216826	0.124888
298.512	47.8843	0.157331	0.162283
715.513	45.231	0.151997	0.124237
489.009	36.8424	0.134423	0.105731
199.472	36.9308	0.130827	0.244288
255.271	42.6284	0.170092	0.129091
361.662	36.808	0.148107	0.116744
620.065	47.0425	0.221742	0.079630
633.773	59.1971	0.207916	0.142866
322.022	55.9336	0.1486	0.221770
513.148	41.1013	0.138269	0.112198
416.794	41.6117	0.223813	0.079274
549.012	43.0862	0.197988	0.083490
226.635	36.8933	0.132464	0.193306
208.019	49.3381	0.143541	0.536240
226.918	45.0806	0.247081	0.118488
919.333	59.4233	0.131051	0.210667
504.325	49.6512	0.152761	0.141500
732.969	46.4458	0.171286	0.097285
700.198	56.6516	0.22835	0.092994
773.303	55.1993	0.183577	0.128960
386.9	58.9936	0.136625	0.263987
410.089	44.7994	0.137014	0.142225
343.994	45.1132	0.135912	0.198924
379.228	47.7737	0.230139	0.109755
712.916	49.8277	0.157955	0.113856
165.305	39.4973	0.174857	0.157642
481.269	46.5318	0.128563	0.223578
548.774	51.5404	0.205661	0.117041
248.56	42.0297	0.158667	0.152663
349.809	43.3082	0.126381	0.170164
436.051	42.1784	0.130237	0.165292
230.78	46.9947	0.131844	0.258710
711.245	60.4479	0.150001	0.150453
557.146	59.6264	0.211367	0.161430
418.992	46.2032	0.182606	0.121399
208.012	45.7663	0.179847	0.160999
316.207	51.722	0.243231	0.131742
618.767	59.6379	0.128384	0.289045
609.678	58.1086	0.134429	0.226751
574.648	47.7169	0.199991	0.094098
219.426	52.6475	0.179565	0.274069
593.85	37.512	0.197173	0.066983
371.808	42.4905	0.154999	0.156199
720.479	53.9484	0.157875	0.160677
334.225	44.818	0.19326	0.089612
639.53	47.2259	0.152873	0.130134
668.615	44.3971	0.126052	0.164885
419.478	41.7779	0.160414	0.116699
465.432	37.8192	0.139507	0.127721
820.27	51.9573	0.129286	0.150642
391.655	38.9865	0.232024	0.076114
311.613	58.0969	0.226836	0.167509
471.116	37.634	0.249309	0.066583
171.161	38.3699	0.20044	0.133320
455.892	39.2039	0.186117	0.084562
180.371	44.5284	0.125595	0.290675
423.36	45.5471	0.130658	0.171622
415.815	54.4884	0.193766	0.139631
470.653	44.2588	0.200624	0.093830
353.995	39.3454	0.137601	0.166815
689.284	54.7965	0.200197	0.098881
292.289	41.9184	0.145707	0.176268
175.409	39.6752	0.238315	0.114928
783.892	49.4536	0.199779	0.098201
382.254	36.7644	0.146978	0.104643
553.914	42.689	0.130967	0.124059
165.535	36.7763	0.125504	0.231972
269.789	41.5658	0.135985	0.163277
441.512	37.6777	0.24632	0.066360
481.602	56.7621	0.148516	0.192322
773.079	49.6015	0.164701	0.128714
700.027	54.7881	0.136049	0.188106
266.968	49.2985	0.16312	0.178647
661.219	55.8684	0.166149	0.122018
506.472	59.079	0.227528	0.123065
505.959	59.641	0.132915	0.267945
460.322	45.6505	0.133425	0.203599
789.746	52.6955	0.128174	0.165929
277.331	52.0833	0.154253	0.360583
788.924	52.5931	0.150032	0.158674
199.581	39.988	0.212394	0.077362
742.628	52.534	0.141129	0.199648
423.945	45.2339	0.230224	0.066370
737.042	58.0298	0.177644	0.130534
230.027	38.9102	0.20738	0.102516
464.157	46.3343	0.129659	0.163339
234.745	51.3589	0.136048	0.377700
257.912	53.1502	0.206361	0.207586
249.547	41.2867	0.212145	0.143150
379.919	44.0978	0.161338	0.131899
760.662	52.4613	0.128164	0.171433
422.425	44.7488	0.209146	0.107883
202.665	38.9544	0.127412	0.234288
700.896	47.5978	0.137865	0.123650
422.584	60.1202	0.167238	0.202005
762.609	47.7786	0.155352	0.122101
408.626	53.8215	0.133153	0.298725
339.895	43.0311	0.23675	0.077877
274.957	40.4986	0.141618	0.169043
543.321	60.303	0.230306	0.151267
623.545	46.6117	0.177603	0.122486
494.299	50.9943	0.215861	0.081363
636.101	51.992	0.13853	0.149485
183.529	40.5318	0.132871	0.169086
489.574	48.8388	0.173996	0.137088
169.371	40.0828	0.140016	0.233411
499.753	44.2788	0.179793	0.098112
314.858	53.2498	0.179769	0.138168
600.84	38.6342	0.23907	0.049770
286.97	36.9508	0.140911	0.130492
667.479	41.9	0.171732	0.096339
601.807	51.3506	0.158187	0.147697
707.217	50.04	0.141813	0.120249
315.992	43.9276	0.132577	0.162970
266.885	59.8445	0.197743	0.249636
579.393	58.7226	0.127797	0.261355
566.414	49.9627	0.218361	0.095582
154.641	37.8996	0.127401	0.280825
553.497	50.0743	0.17477	0.147616
508.507	60.4726	0.195106	0.144877
490.119	40.9725	0.146767	0.114453
636.607	50.0569	0.134557	0.143007
507.415	42.1543	0.173112	0.111822
208.675	42.7964	0.197229	0.170009
779.336	54.7583	0.15796	0.128424
479.934	42.5186	0.211829	0.085298
537.682	44.5777	0.194079	0.097891
673.98	52.4735	0.13281	0.172798
395.623	46.7964	0.145676	0.190546
466.38	47.1707	0.140217	0.134003
527.82	51.3678	0.135717	0.201362
309.41	50.0347	0.141344	0.191897
430.479	47.9737	0.127733	0.212855
695.509	53.121	0.132388	0.176907
526.679	44.0651	0.129088	0.157713
501.945	46.1845	0.199293	0.099768
769.394	59.4775	0.247413	0.111350
687.65	51.9992	0.201086	0.115461
671.717	48.2258	0.180298	0.109098
513.241	41.1644	0.147016	0.106795
420.07	39.1703	0.162996	0.098568
246.456	39.2921	0.131498	0.182697
204.796	45.4513	0.209328	0.133518
454.351	37.0837	0.134955	0.107092
425.184	38.7339	0.130141	0.148984
723.968	51.116	0.21136	0.131252
401.205	45.4563	0.125652	0.182552
629.202	41.236	0.136838	0.099089
512.616	36.8525	0.184196	0.080191
681.491	54.8209	0.146127	0.198168
505.092	48.9521	0.19835	0.117378
256.968	45.6885	0.228148	0.115888
606.66	41.3364	0.249554	0.062068
444.427	41.039	0.14716	0.166093
807.191	53.5457	0.188834	0.092626
469.712	44.8509	0.181566	0.088617
629.499	41.3859	0.204094	0.074942
544.774	38.557	0.160177	0.089984
258.38	42.0096	0.135097	0.216330
378.211	53.4161	0.142696	0.191188
534.676	45.1655	0.197837	0.082218
629.148	49.9632	0.146717	0.163522
174.505	36.7226	0.12891	0.157150
454.856	39.1484	0.183463	0.093978
466.67	59.9746	0.170081	0.260673
394.529	37.7877	0.137044	0.128746
547.117	39.769	0.133294	0.129708
429.1	42.3381	0.168904	0.134544
386.665	47.3092	0.125898	0.227862
371.918	51.7336	0.148442	0.209120
192.264	37.6865	0.170205	0.140003
283.928	39.9449	0.15077	0.142422
582.966	38.4508	0.176171	0.092862
582.372	43.3703	0.174188	0.090366
235.556	58.6866	0.153251	0.368440
243.383	39.504	0.190396	0.114379
210.352	38.4989	0.130646	0.153618
235.386	58.7006	0.167841	0.214614
614.352	55.9531	0.163849	0.148952
787.119	57.3912	0.191992	0.131261
448.475	57.4311	0.225134	0.185218
372.961	38.4563	0.175743	0.109146
573.813	44.1854	0.154788	0.117858
723.004	59.476	0.17807	0.156816
467.051	43.3038	0.196931	0.110638
479.618	47.5393	0.198472	0.104800
445.584	38.0745	0.150941	0.108144
518.561	38.3662	0.205201	0.065734
564.449	60.0416	0.141236	0.269149
463.622	44.4543	0.13831	0.187253
891.097	56.0329	0.22497	0.086367
778.18	58.6519	0.196611	0.108988
460.147	41.4845	0.164058	0.103420
225.197	41.4439	0.163741	0.165732
234.177	38.8773	0.12547	0.158530
222.245	44.3971	0.167794	0.209263
621.622	44.279	0.164859	0.117796
693.697	51.3183	0.160995	0.133639
838.177	59.5647	0.159654	0.184656
211.645	41.3891	0.125709	0.295780
394.741	49.2178	0.126297	0.271695
189.857	38.4052	0.18124	0.169184
618.322	41.6192	0.141837	0.145581
480.361	50.2627	0.20528	0.120733
586.931	45.8802	0.19586	0.104359
389.287	58.0274	0.146504	0.190172
600.908	48.2349	0.156924	0.165984
566.387	38.3063	0.151636	0.100789
518.418	39.5049	0.151941	0.098510
363.25	47.0848	0.158616	0.172147
196.67	39.5438	0.172982	0.213048
456.765	36.9695	0.17617	0.073926
755.263	53.9261	0.139131	0.183799
440.125	45.9148	0.127899	0.195329
610.093	38.8196	0.221141	0.059747
593.759	38.7727	0.176756	0.078492
319.469	49.2469	0.174585	0.145056
284.329	36.6735	0.148861	0.133888
503.214	44.4882	0.160983	0.110992
452.789	59.3876	0.22583	0.146683
217.655	38.9231	0.153784	0.139056
396.331	38.8202	0.147706	0.121179
505.89	46.7858	0.127984	0.182494
424.058	53.0998	0.137925	0.226831
418.737	39.3468	0.22627	0.070861
333.128	45.2159	0.130966	0.226173
590.131	56.2288	0.157279	0.148242
317.52	60.5576	0.195152	0.195443
586.052	51.3821	0.160285	0.155719
476.392	47.1358	0.163912	0.140986
193.35	38.5826	0.221217	0.116514
275.075	40.7079	0.229255	0.073437
294.221	41.0141	0.132798	0.198224
218.376	42.1449	0.162371	0.181177
669.401	50.7629	0.234722	0.083170
262.323	56.0572	0.228648	0.175552
688.195	58.888	0.208995	0.123427
561.216	51.1515	0.144596	0.145526
251.679	41.6505	0.247677	0.085342
170.083	40.752	0.125289	0.351964
321.186	36.7229	0.226793	0.059583
294.944	38.0655	0.159874	0.111471
543.433	46.3081	0.196317	0.092718
229.881	46.6368	0.133972	0.261270
475.257	52.3584	0.161742	0.168998
252.938	49.0971	0.1849	0.151445
419.206	45.9844	0.151904	0.157071
585.221	54.1015	0.137904	0.175043
484.554	49.6081	0.148521	0.156314
365.835	42.4905	0.174847	0.130893
408.667	55.1346	0.164617	0.152317
577.907	38.7965	0.198739	0.081703
304.834	38.182	0.1342	0.157986
502.128	40.2976	0.195273	0.094743
289.695	42.4955	0.169275	0.103882
516.135	41.1901	0.190562	0.090706
330.993	38.3378	0.146412	0.125577
375.684	57.9276	0.249953	0.142786
527.875	58.9948	0.160453	0.182896
601.62	57.8459	0.158264	0.191722
260.463	41.103	0.212688	0.108385
560.167	38.516	0.217959	0.063806
565.148	59.2969	0.195194	0.125215
732.745	46.5895	0.160775	0.109051
358.597	38.6761	0.141614	0.157975
468.637	37.4669	0.126895	0.110473
688.923	55.6427	0.130713	0.226163
636.781	43.0298	0.150518	0.106926
718.539	45.1851	0.132356	0.126618
185.056	44.3529	0.156626	0.353841
636.006	45.0849	0.13127	0.155404
545.168	45.0491	0.128264	0.121300
337.811	38.9779	0.147316	0.135939
215.449	37.4594	0.16171	0.181501
399.915	39.0878	0.209842	0.063267
611.322	57.1341	0.186974	0.136685
399.968	49.7821	0.14121	0.179534
331.202	37.7878	0.231976	0.053135
409.419	37.3395	0.225487	0.073345
594.371	53.5297	0.218219	0.112701
243.08	41.2772	0.146914	0.218650
325.935	41.642	0.193994	0.083276
587.985	40.9514	0.148481	0.123201
451.438	54.099	0.143235	0.243599
459.938	60.3136	0.203613	0.190201
501.519	48.5835	0.167471	0.137983
439.425	41.2457	0.228454	0.087526
570.304	46.76	0.15103	0.133118
553.582	60.107	0.17478	0.163815
265.499	37.2592	0.223997	0.070103
356.172	47.6673	0.142811	0.164639
257.725	52.9219	0.153554	0.276472
515.678	41.8786	0.144184	0.144822
184.462	40.9122	0.185681	0.158064
770.363	48.5404	0.180101	0.114834
819.628	60.0581	0.23351	0.129548
414.854	38.5526	0.12529	0.140181
644.023	56.6525	0.214001	0.124421
491.852	48.5163	0.140363	0.185169
430.148	37.0822	0.241174	0.066986
371.119	38.2336	0.127356	0.143905
519.557	53.4809	0.235699	0.085904
192.4	47.9397	0.217969	0.143050
609.434	45.036	0.18253	0.099391
568.85	53.0717	0.22145	0.084350
621.77	39.4075	0.183112	0.084294
604.623	52.9912	0.236508	0.087989
349.594	46.6135	0.169431	0.151386
460.404	50.5853	0.225127	0.115965
437.045	37.5281	0.143544	0.116489
393.37	49.8104	0.182789	0.165872
344.794	56.3101	0.155307	0.233549
716.194	48.563	0.134528	0.152705
342.776	41.7589	0.133433	0.172639
881.098	55.7758	0.188546	0.134841
195.419	46.1279	0.231231	0.170901
388.306	51.1856	0.155907	0.198710
751.4	50.1911	0.155743	0.121288
310.036	50.7327	0.132549	0.239929
772.206	48.7546	0.146745	0.133979
300.658	47.7931	0.152819	0.185160
368.886	47.4696	0.156526	0.184952
563.998	56.6531	0.159845	0.194592
521.755	40.857	0.134826	0.156323
509.732	37.3521	0.141407	0.099370
505.454	37.5319	0.249489	0.056988
266.519	43.9654	0.145205	0.159941
402.257	47.5719	0.141801	0.242145
666.945	42.7585	0.136248	0.125771
613.566	38.9689	0.140082	0.105405
238.235	39.6006	0.125735	0.230965
380.931	45.8253	0.142412	0.137629
252.017	49.4239	0.148171	0.192569
436.676	36.8326	0.129238	0.147826
326.271	47.6044	0.140571	0.213410
280.371	38.6721	0.183364	0.108470
489.975	37.4134	0.249907	0.046428
371.594	57.0897	0.145304	0.374228
632.161	40.848	0.231286	0.056920
590.123	41.6317	0.22184	0.064020
280.701	37.1837	0.166065	0.115504
318.616	57.0269	0.163119	0.263462
422.786	43.7051	0.249276	0.081529
344.295	48.8153	0.148734	0.185707
281.127	39.8011	0.177426	0.137679
590.855	41.1353	0.234747	0.069360
239.244	54.893	0.164529	0.268917
185.394	42.948	0.215558	0.149043
356.893	40.8666	0.180883	0.098334
453.36	37.9715	0.227903	0.061980
398.69	57.2984	0.1597	0.201337
405.471	38.1117	0.149353	0.096843
514.998	46.8257	0.149525	0.137797
612.753	54.0697	0.142977	0.184519
302.068	42.48	0.160145	0.273892
384.969	40.7178	0.165063	0.113786
337.741	36.6986	0.197383	0.084787
636.756	49.9923	0.158606	0.116592
609.055	47.4784	0.179012	0.109687
580.322	39.4073	0.203785	0.084400
454.408	40.2186	0.178845	0.081041
527.202	50.3466	0.186144	0.132679
277.237	38.4742	0.172057	0.112593
640.902	55.4414	0.21371	0.109229
542.248	38.437	0.127069	0.119542
603.962	41.2265	0.227516	0.057986
425.8	37.2372	0.156455	0.125361
630.616	49.9086	0.219342	0.074515
620.049	51.5816	0.168131	0.146995
716.466	45.629	0.126182	0.129748
347.525	41.499	0.143424	0.170548
496.945	46.1283	0.173143	0.107949
550.304	56.3971	0.187298	0.157150
343.645	41.6466	0.186603	0.099593
348.748	50.7189	0.133221	0.250525
471.201	36.6491	0.211125	0.081670
427.187	49.3002	0.159913	0.157028
328.258	50.7568	0.147066	0.201916
627.111	51.6679	0.19027	0.141316
625.11	40.5327	0.219376	0.056388
899.68	59.152	0.188479	0.115142
556.796	36.6507	0.169221	0.077019
436.896	46.1656	0.145146	0.164521
501.458	37.3785	0.170693	0.094337
377.464	37.3106	0.158126	0.116190
932.836	58.4314	0.162192	0.176970
666.945	48.861	0.136588	0.163398
339.78	58.5522	0.178522	0.182448
394.7	43.7642	0.229809	0.074828
340.908	42.7995	0.188862	0.089486
699.596	46.4514	0.130487	0.148323
502.262	40.5543	0.158254	0.122522
405.971	47.4116	0.125126	0.215455
656.408	48.4326	0.130467	0.159860
251.156	53.0152	0.12794	0.412314
404.932	37.2227	0.150933	0.089590
696.582	45.3814	0.166783	0.100504
460.748	41.7563	0.188944	0.099057
385.194	49.9385	0.139763	0.214649
149.287	37.1229	0.213587	0.111832
564.167	44.8576	0.129571	0.136931
635.054	40.2476	0.239158	0.063708
378.179	47.7284	0.172162	0.186181
234.392	50.4377	0.129935	0.300000
457.542	47.624	0.192957	0.121957
464.932	37.3708	0.160199	0.095794
411.579	38.9423	0.167024	0.124697
799.605	53.4429	0.240608	0.085919
476.821	40.7967	0.243587	0.064831
640.978	51.4456	0.197422	0.118659
245.744	38.1122	0.156582	0.125902
800.481	50.4658	0.178234	0.106624
704.01	57.1563	0.183501	0.130695
549.109	43.8897	0.141807	0.106126
580.675	45.5889	0.174145	0.092768
287.297	47.0275	0.1388	0.202754
369.105	39.9817	0.169369	0.098676
564.927	57.5254	0.215762	0.154801
714.56	59.9658	0.14166	0.235280
265.18	36.8421	0.136755	0.205265
465.727	51.4877	0.213854	0.132600
326.79	46.1826	0.170374	0.149492
265.808	55.0224	0.233069	0.201022
228.921	37.0188	0.171019	0.143658
474.48	40.8924	0.164088	0.103109
662.842	53.0901	0.148562	0.138337
826.938	57.0146	0.152745	0.165961
394.486	44.4529	0.127498	0.171087
526.053	43.0375	0.127194	0.175195
291.748	46.5939	0.158872	0.174734
291.377	47.102	0.153911	0.290313
384.276	45.7598	0.143897	0.143124
276.375	47.906	0.195945	0.224757
805.894	51.1647	0.180763	0.100412
343.581	60.4517	0.140608	0.314268
481.357	40.207	0.187554	0.092071
228.099	46.6697	0.24315	0.184265
317.487	50.4046	0.136155	0.223181
256.203	47.0592	0.145669	0.184371
312.389	59.3519	0.142881	0.283534
196.318	43.1192	0.130918	0.193621
904.136	57.366	0.181324	0.112996
631.499	41.4826	0.131659	0.128695
276.697	44.901	0.21333	0.151866
261.783	37.5042	0.197721	0.092886
559.913	56.9306	0.141922	0.188181
236.842	43.2672	0.132538	0.270818
461.743	59.3347	0.129522	0.300103
562.393	43.0148	0.17809	0.079869
721.307	55.5782	0.16063	0.146855
450.595	44.9135	0.23976	0.092700
582.496	43.5989	0.138174	0.151660
376.499	38.4995	0.147511	0.126246
414.304	37.863	0.13546	0.129596
423.973	42.559	0.159617	0.121856
836.666	55.0364	0.138152	0.136033
555.369	37.6719	0.181366	0.065781
333.343	48.0643	0.220902	0.154300
605.02	37.8441	0.195572	0.075390
368.228	58.952	0.145318	0.264858
634.713	40.1377	0.192036	0.076448
278.031	37.055	0.235733	0.086610
596.918	48.5576	0.134037	0.140716
345.155	41.3409	0.188344	0.135510
184.972	39.4684	0.164675	0.117832
294.857	39.3226	0.200878	0.104117
444.144	40.8277	0.211418	0.072138
631.369	55.6974	0.160885	0.149191
619.91	50.1885	0.12607	0.162482
665.204	55.5465	0.131309	0.253610
620.906	41.3307	0.147088	0.108163
362.214	51.0005	0.246576	0.114154
464.191	48.796	0.206151	0.119342
722.705	60.6199	0.233368	0.121113
675.73	42.4315	0.127096	0.141829
349.971	37.2294	0.153583	0.166003
239.963	45.4954	0.214125	0.142436
323.782	46.4622	0.175137	0.138039
425.949	42.6432	0.185339	0.104403
417.403	51.8192	0.154106	0.169246
397.245	43.0922	0.219378	0.091272
581.625	55.3832	0.159603	0.163972
646.175	45.0819	0.150624	0.117442
586.565	38.6555	0.199258	0.070985
693.536	58.5754	0.189945	0.121538
579.014	37.819	0.206963	0.067621
201.608	36.7148	0.150659	0.123049
527.747	40.5764	0.138965	0.124623
643.396	51.3663	0.214568	0.101353
579.165	47.5542	0.173101	0.132662
500.336	41.3076	0.136081	0.130994
282.435	45.607	0.201545	0.164139
396.692	42.1083	0.147951	0.120851
416.659	52.5554	0.168441	0.149661
330.337	40.9254	0.127778	0.147401
786.429	49.5963	0.127619	0.129744
360.221	45.5246	0.218777	0.087301
318.858	55.5904	0.18449	0.233741
270.646	45.8977	0.184722	0.112165
460.543	41.15	0.153049	0.128575
675.039	52.2747	0.156459	0.140807
374.797	37.4338	0.146317	0.126148
435.314	39.9477	0.247424	0.064374
638.538	45.2773	0.150766	0.116384
419.637	48.9674	0.173999	0.158869
871.346	59.3318	0.137815	0.202699
528.326	42.0734	0.177628	0.086753
495.712	38.9155	0.139106	0.100488
389.181	37.4394	0.225543	0.090262
597.479	45.5963	0.12579	0.140992
647.109	48.4554	0.182757	0.109808
619.867	46.7721	0.133088	0.147485
198.535	41.7195	0.135901	0.179934
209.901	44.8869	0.136946	0.219453
636.9	42.7159	0.138422	0.114376
213.067	45.4076	0.132851	0.308932
469.289	60.1856	0.188479	0.142979
377.405	43.8647	0.134136	0.183435
649.694	48.8656	0.142421	0.135847
300.597	37.5736	0.128236	0.173499
678.905	43.3019	0.233955	0.070939
678.861	48.0173	0.174234	0.122873
624.167	45.5883	0.161762	0.109008
271.045	57.5712	0.165095	0.241235
281.668	59.4742	0.139871	0.187453
263.573	41.1519	0.199375	0.083231
420.811	44.0371	0.137754	0.157197
404.858	54.0104	0.228545	0.138769
447.102	43.515	0.191941	0.091777
492.522	52.0598	0.136395	0.248936
271.325	36.8131	0.146251	0.133469
500.117	48.7903	0.154304	0.133161
262.647	54.1439	0.12785	0.435963
311.125	37.9546	0.161084	0.109381
224.105	50.1498	0.15314	0.252495
434.303	51.8385	0.194623	0.175251
487.704	38.6961	0.15284	0.104575
517.406	41.3407	0.193293	0.089312
599.916	39.3058	0.220532	0.068669
239.866	48.4951	0.223055	0.118773
716.997	48.886	0.134218	0.165675
304.319	38.4436	0.139027	0.161844
324.991	36.9324	0.165207	0.125116
586.398	52.4781	0.146643	0.186831
290.372	48.5582	0.22798	0.109492
391.719	46.6089	0.168319	0.185050
580.802	37.1799	0.144971	0.092177
225.179	43.0906	0.181683	0.161222
398.927	49.3271	0.150635	0.166189
410.485	46.2852	0.12918	0.207362
683.857	45.0169	0.186446	0.078937
549.603	53.2438	0.220018	0.098613
315.499	47.533	0.138933	0.194409
630.654	52.3636	0.230653	0.085840
609.347	43.8425	0.13584	0.140977
431.404	56.2439	0.133055	0.284702
584.165	37.9544	0.152945	0.103900
409.261	40.6534	0.203686	0.098898
302.747	38.3386	0.196917	0.090607
240.223	54.6049	0.152986	0.320030
264.686	53.0429	0.130141	0.311944
593.637	60.6545	0.154036	0.249802
678.291	53.7483	0.228144	0.090861
239.581	47.2314	0.14147	0.238375
852.854	55.7815	0.160024	0.143512
628.514	53.9013	0.187226	0.151878
706.66	55.068	0.13465	0.206106
399.067	48.3998	0.136155	0.207955
514.867	59.6731	0.171804	0.216696
310.904	49.9439	0.248127	0.112368
521.643	39.069	0.242338	0.056065
581.273	43.5981	0.132745	0.135787
685.134	59.2918	0.243426	0.134378
225.264	50.6809	0.13654	0.234739
304.319	36.5926	0.16344	0.112631
675.16	44.3746	0.138005	0.154847
430.464	39.7706	0.150232	0.145832
566.286	45.7136	0.196006	0.076668
299.11	38.5377	0.164345	0.115886
364.02	38.6536	0.142133	0.129797
196.401	38.8485	0.157696	0.165036
460.325	37.7326	0.126106	0.133726
214.344	47.6513	0.132017	0.267612
724.589	58.1962	0.146806	0.220425
596.335	60.6384	0.127521	0.273036
592.807	53.5545	0.146028	0.143277
534.594	60.2335	0.138256	0.236338
423.809	39.14	0.154784	0.114531
482.346	41.5275	0.153638	0.094203
497.184	48.5104	0.141224	0.141062
207.22	41.5209	0.158015	0.287510
584.917	55.0254	0.241456	0.085488
647.029	47.557	0.152887	0.133177
492.209	48.7756	0.158667	0.172115
700.899	54.5795	0.133038	0.166564
634.293	49.4876	0.245267	0.075536
339.399	45.9052	0.204787	0.110629
223.44	38.8755	0.130845	0.119949
595.624	58.5311	0.171349	0.144674
554.224	47.6544	0.128476	0.169296
704.603	50.8987	0.189899	0.126546
492.987	37.4519	0.211137	0.049593
538.133	49.3856	0.158777	0.129443
662.029	44.3677	0.197835	0.086135
811.902	58.2446	0.2317	0.105051
305.566	45.8974	0.148025	0.190146
392.941	59.6242	0.15941	0.314256
318.38	51.0102	0.216662	0.202719
937.741	59.6242	0.166824	0.165275
255.602	44.9625	0.156716	0.179132
543.657	53.9371	0.125363	0.188123
339.147	37.1107	0.226018	0.072892
708.884	44.6049	0.130709	0.115959
559.689	50.7222	0.153763	0.124780
808.102	54.2301	0.189582	0.100957
400.27	40.1134	0.154191	0.138481
189.017	44.3046	0.152461	0.246460
361.763	60.2968	0.13895	0.291601
698.651	49.0428	0.13489	0.185264
831.395	54.4688	0.143903	0.195792
293.611	49.9039	0.12504	0.366976
796.274	50.5986	0.126036	0.173501
226.745	39.9846	0.130906	0.164302
521.151	49.3384	0.245502	0.096474
329.369	41.5993	0.198682	0.099251
424.25	50.4142	0.128008	0.229158
269.128	38.5091	0.151359	0.138110
364.479	54.3309	0.240233	0.081761
466.188	38.288	0.179885	0.069336
280.516	43.0224	0.151379	0.189625
543.754	39.9878	0.163793	0.081441
348.785	41.1151	0.15932	0.151068
463.787	50.7349	0.179997	0.111954
238.53	52.7945	0.195029	0.203610
766.881	52.3712	0.166218	0.121977
