90.3963	0.000550893	0.000239115	0.975277
51.5907	0.000851879	0.000143647	0.814320
84.5106	0.000982021	0.000154522	0.530228
93.7348	0.00085331	0.000187414	0.650714
84.5389	0.000958858	0.000246786	0.567941
83.8605	0.000564709	0.000243892	1.210072
92.5193	0.000578351	0.000232749	0.895789
93.2873	0.000687684	0.000185499	0.758702
53.7155	0.000653074	0.000182986	1.094393
91.4026	0.000956238	0.000189951	0.569427
84.2837	0.000894298	0.000185229	0.717273
84.1712	0.00081794	0.000182083	0.697761
90.1916	0.000537121	0.000188123	1.091288
86.9927	0.000983451	0.000137616	0.572521
85.4249	0.000910338	0.000130269	0.657812
84.3387	0.000879504	0.000206512	0.696296
81.2763	0.000950768	0.000216974	0.650107
84.0685	0.000501032	0.000174951	1.271545
89.5447	0.000796389	0.000208066	0.713776
83.1131	0.000800318	0.00023732	0.752417
84.6857	0.000993258	0.000153868	0.585041
90.8399	0.000585289	0.000209259	0.902431
88.4439	0.000944173	0.0001406	0.676724
87.4339	0.000732446	0.000207388	0.781111
84.199	0.000667909	0.000224186	0.864329
86.2294	0.000536401	0.000216414	1.150379
53.6504	0.00077742	0.000251654	1.020681
84.5483	0.000540471	0.000228681	1.275564
92.6776	0.000929929	0.000255825	0.661135
83.2277	0.000916156	0.00020264	0.695556
82.6223	0.000554496	0.000207533	1.147794
83.5136	0.000737725	0.000140402	0.957300
93.0255	0.000777216	0.00019911	0.709138
83.9767	0.000652537	0.000217579	0.923988
82.9672	0.000861509	0.000201096	0.658629
93.2086	0.000990622	0.000211406	0.517418
90.167	0.000707008	0.000256621	0.830747
81.3461	0.000549951	0.000206471	1.208148
55.896	0.000846817	0.000219397	0.783933
88.3546	0.000647082	0.000211848	0.862264
92.9756	0.000914999	0.000133369	0.553111
88.8196	0.000823165	0.000222183	0.685926
88.4366	0.000802029	0.000192141	0.726582
51.7984	0.000734441	0.000195687	1.058449
82.2417	0.000870157	0.000186982	0.668692
82.1338	0.000663	0.00024596	0.954601
82.5638	0.000933121	0.000155322	0.600436
55.9875	0.000627358	0.000132889	1.392233
84.0991	0.000618336	0.000209682	0.959211
54.5398	0.000720919	0.000226836	0.997183
90.1933	0.000914469	0.000152125	0.644667
87.0704	0.000598697	0.000156259	1.215986
91.2845	0.000942504	0.000157101	0.599353
82.3384	0.000720257	0.000205595	0.794350
84.2236	0.000737225	0.000201178	0.806354
88.6356	0.000621061	0.000246585	0.884262
88.3499	0.000855653	0.000214834	0.678147
55.1162	0.000646531	0.000258193	1.115094
84.5376	0.000815735	0.000151153	0.742145
83.2055	0.000694743	0.000219162	0.886510
84.4206	0.000609703	0.000227496	1.056333
92.9684	0.00066462	0.000152043	0.855657
51.912	0.000678061	0.000247161	1.196997
86.0912	0.000957601	0.000202331	0.641614
88.7431	0.000768239	0.000222524	0.747090
55.6758	0.000697648	0.000131668	0.965306
83.9574	0.000902195	0.000201228	0.650564
86.3709	0.00081141	0.000153778	0.688471
88.664	0.000766808	0.000248852	0.842440
84.547	0.000872884	0.000191659	0.738228
51.0733	0.000736584	0.000147366	0.903591
87.1498	0.00088497	0.000233801	0.630345
55.0137	0.000963836	0.00022595	0.737342
88.7204	0.000954313	0.000183176	0.639659
92.6473	0.000886063	0.000192022	0.665826
83.1359	0.000664977	0.000134669	0.926300
84.5779	0.000782143	0.00016664	0.724416
81.5127	0.000976665	0.000248841	0.569167
86.4953	0.000807467	0.000219781	0.827708
92.3022	0.000704481	0.000145234	0.836888
84.7236	0.000719304	0.000249402	0.851130
92.7615	0.000596197	0.000239188	0.996246
85.6211	0.000755805	0.000132913	0.817204
88.9953	0.000981702	0.000225167	0.556315
82.7038	0.00092739	0.000220304	0.699781
83.3995	0.000597357	0.000141852	1.038776
89.8421	0.000956676	0.000150246	0.583652
86.7687	0.000943646	0.000213219	0.556681
91.0761	0.000931574	0.000186006	0.634716
89.5416	0.000876637	0.000204054	0.646172
91.6117	0.0005107	0.000214476	1.197610
88.647	0.000821355	0.000153404	0.762624
88.7224	0.000845469	0.000154757	0.780769
87.1146	0.000623008	0.000181056	0.999673
89.8428	0.000611367	0.000213621	0.997674
51.3866	0.000753397	0.000197812	0.944865
93.2639	0.000553957	0.000198184	1.182784
85.8054	0.000657926	0.000190296	0.802477
82.5082	0.000722327	0.000185463	0.776056
92.7439	0.000627548	0.000252599	1.109709
81.2911	0.000818341	0.000145693	0.708458
53.7725	0.00081561	0.000178985	0.904988
85.5787	0.000840012	0.000237824	0.653511
86.5166	0.000855414	0.000139517	0.671259
55.465	0.000639521	0.000164672	1.258730
84.343	0.000673234	0.000211806	0.918127
85.835	0.000735359	0.000143214	0.929006
86.5658	0.00083241	0.000232623	0.661614
88.7757	0.000660524	0.000233333	0.868615
87.8278	0.000718526	0.000230395	0.878187
93.6428	0.000944264	0.000185384	0.576774
92.409	0.000561233	0.000152853	1.050362
83.3938	0.00068503	0.000139809	0.970030
89.9605	0.000576279	0.000202076	1.115901
52.4866	0.000901084	0.000222615	0.786230
86.4759	0.000612795	0.000182266	1.028571
84.744	0.000735266	0.000195138	0.804986
54.0829	0.000794721	0.000147825	0.855243
89.2954	0.000747734	0.000148852	0.835598
87.8562	0.000857717	0.000168798	0.630095
87.3352	0.000699566	0.000149308	0.899709
90.0356	0.000671773	0.000193016	0.787613
85.2528	0.000590099	0.000196312	1.053448
81.2982	0.000682802	0.000259996	0.855522
52.1789	0.000925158	0.00019131	0.756264
90.1127	0.000537591	0.000245485	1.053409
82.7426	0.000686051	0.000254856	0.840059
91.5911	0.000726313	0.000204939	0.771709
91.2776	0.000796954	0.000186307	0.756122
86.6328	0.000529736	0.000190147	1.171923
93.5126	0.000545158	0.000237387	1.120149
92.117	0.000775644	0.000198258	0.693455
88.102	0.0006818	0.000241483	0.958806
51.5957	0.000530619	0.000161961	1.317241
51.0593	0.000775748	0.000157995	0.977428
50.0632	0.000768932	0.000130857	0.952116
84.2793	0.000669812	0.000224865	0.839818
87.154	0.000840922	0.000258512	0.636715
86.4272	0.000685108	0.000216283	0.888427
89.3687	0.000631473	0.000191959	0.956592
82.5528	0.000752839	0.000239914	0.754324
49.4489	0.000789336	0.000196398	0.952577
82.6522	0.000982076	0.000210575	0.654865
88.2812	0.00050256	0.000167695	1.401215
85.955	0.000994526	0.000255249	0.591820
90.9391	0.00083765	0.000246932	0.670388
91.0944	0.000914925	0.000168326	0.625111
85.8901	0.000706763	0.000203427	0.762356
85.3606	0.00060357	0.000241618	0.942761
88.5371	0.000859504	0.000209579	0.646572
55.9999	0.000678066	0.000166322	1.213174
51.8526	0.000551004	0.000145075	1.595572
86.2272	0.00073899	0.000186322	0.777961
92.5382	0.000662669	0.000241212	0.948773
86.2719	0.000853987	0.000222613	0.554048
91.3967	0.000623741	0.000168116	1.008143
87.6871	0.000814382	0.000142978	0.816459
88.3523	0.000674566	0.00021006	0.824096
86.6519	0.000610875	0.000133622	0.919000
90.3779	0.000932657	0.000248837	0.585839
83.6375	0.000590608	0.00020259	1.015517
51.823	0.000808444	0.000188515	0.805528
93.3639	0.000591909	0.000172936	0.963574
91.6482	0.00068155	0.0001685	0.866866
88.6996	0.000812413	0.000187031	0.657750
89.8368	0.000897893	0.00016151	0.631900
86.5783	0.000623704	0.000219526	1.045603
81.5867	0.000991902	0.000171415	0.591581
85.3049	0.00057389	0.000242289	1.208865
91.1101	0.000608546	0.000215882	0.932107
93.1219	0.000854362	0.000252931	0.667696
92.5786	0.000764713	0.000137202	0.846011
88.4713	0.000571831	0.000215288	1.158363
56.0388	0.000963815	0.000253196	0.683158
84.0655	0.000865647	0.000219719	0.677230
82.8717	0.00099411	0.000222663	0.573620
90.8441	0.000957966	0.000135046	0.592569
55.6915	0.000637759	0.000163425	1.055096
55.3691	0.000615559	0.000254971	1.120132
89.9254	0.000969986	0.000222409	0.538574
87.5298	0.000616085	0.000213097	0.980528
81.6759	0.000837016	0.000199773	0.636010
81.8506	0.00052434	0.000249753	1.110078
89.2375	0.000707638	0.000227606	0.886494
90.7104	0.000885238	0.000209732	0.660550
85.5507	0.000999202	0.000187418	0.531161
90.2181	0.000984536	0.00023364	0.592149
83.9658	0.000884362	0.000185676	0.657701
90.6529	0.000789048	0.000154034	0.757732
85.3862	0.000539409	0.000140728	1.030943
92.1201	0.000712349	0.000145869	0.884900
90.2863	0.000898721	0.00019865	0.591629
82.5755	0.000506044	0.000188148	1.128112
89.2612	0.000978703	0.000130543	0.628838
87.1747	0.000975803	0.000200477	0.551250
52.6352	0.000782932	0.000153835	0.962338
88.809	0.000554694	0.000148091	1.235165
53.8206	0.00071079	0.00017571	1.130857
86.3452	0.000962251	0.000213114	0.530655
54.658	0.000898387	0.000162092	0.775113
93.0594	0.000709918	0.000259897	0.758739
92.8133	0.000803078	0.000153648	0.772911
90.8303	0.000563918	0.00023072	1.073285
86.8646	0.000854652	0.000156733	0.653333
85.3062	0.000832016	0.000244955	0.632518
86.2401	0.000762753	0.000241023	0.711200
88.2155	0.000951037	0.000259655	0.581838
89.0181	0.000506454	0.000135567	1.228514
81.5798	0.00054756	0.000243765	1.118216
90.8116	0.00072124	0.000193119	0.807324
84.9002	0.000920477	0.000165983	0.671302
93.0127	0.000839335	0.000145672	0.655932
55.4463	0.000662196	0.000234187	0.956748
82.5997	0.000960621	0.000226977	0.577754
48.9302	0.000791019	0.000183575	0.914653
90.108	0.000585429	0.000204902	0.934722
86.6394	0.000570431	0.000219567	1.000714
86.483	0.000739201	0.000200754	0.810440
52.7912	0.000922774	0.000215029	0.661234
83.4159	0.000882219	0.000130858	0.657604
49.8614	0.000820435	0.000235257	0.895782
85.5972	0.000575941	0.000222964	0.954417
54.1361	0.000810602	0.000198635	0.772682
50.0905	0.000984885	0.000238092	0.626860
82.1945	0.000971009	0.000156113	0.593920
83.5539	0.000583742	0.000165788	1.034495
88.3538	0.000652335	0.000257583	0.947041
92.5622	0.000960668	0.000200956	0.593446
86.5784	0.000718554	0.00018618	0.781870
82.7166	0.000707579	0.00015225	0.916092
88.7416	0.000953618	0.000234181	0.620682
49.2895	0.000983271	0.000217303	0.685507
89.8748	0.0007574	0.000234659	0.738338
89.3574	0.000756428	0.000193824	0.757796
55.5143	0.000819668	0.000221535	0.880893
85.3163	0.000847493	0.000231001	0.648681
84.4816	0.000610601	0.000162987	1.023667
88.139	0.000607662	0.000238945	1.134448
92.4009	0.000711145	0.000238369	0.737714
83.4709	0.000985776	0.000152724	0.661649
54.4392	0.000825867	0.00020214	0.949015
82.0278	0.000869153	0.000229729	0.660187
86.6892	0.000578276	0.00013786	1.098239
88.0135	0.000824991	0.000197428	0.725370
56.1008	0.000930233	0.000180898	0.723581
83.7788	0.000578641	0.000172639	1.059155
92.2938	0.000652588	0.000194908	0.962617
88.9591	0.000811454	0.000156361	0.711278
91.174	0.00078067	0.000241502	0.679427
87.5779	0.000791722	0.000189529	0.742159
50.3091	0.000774258	0.000233438	0.803937
55.7266	0.000812186	0.000240544	0.789500
54.9867	0.000752967	0.000165403	1.025337
88.8679	0.000764366	0.000184895	0.706383
84.2345	0.000964875	0.00018299	0.589241
81.294	0.000670004	0.000174486	1.010942
87.4872	0.000704286	0.000242874	0.893642
85.9197	0.000756722	0.000200883	0.790323
92.0928	0.000607182	0.000179384	0.979933
92.5581	0.000506003	0.000133368	1.223293
81.9111	0.000813752	0.000147178	0.816750
82.8185	0.00077891	0.000152442	0.710966
85.1629	0.000864175	0.000135475	0.648941
92.9409	0.00088623	0.000191489	0.632339
83.2953	0.000734241	0.000153679	0.850692
56.1369	0.000775494	0.000160448	0.932461
86.0888	0.000672499	0.000219292	0.859214
92.7971	0.000695496	0.00019354	0.675731
91.8628	0.000941629	0.000249992	0.572138
51.9052	0.000597967	0.000206388	1.255782
90.0541	0.000511245	0.00020193	1.224303
85.2306	0.000505216	0.000238056	1.224193
92.3647	0.000733012	0.000179299	0.801108
90.3533	0.000566099	0.000198206	0.999640
91.6134	0.000603989	0.000174463	1.023569
86.1978	0.000678121	0.000173959	0.799700
89.0511	0.00065213	0.000195635	0.847041
81.2922	0.000686819	0.000215005	0.924332
56.0999	0.000944331	0.000258952	0.700860
53.5062	0.000866683	0.000155861	0.871127
89.5795	0.000900861	0.000242713	0.650339
82.998	0.000591786	0.00022955	1.010997
56.1513	0.000768319	0.000218971	0.821958
83.1514	0.000937049	0.000167236	0.654447
93.7324	0.000741814	0.000191772	0.803014
89.0873	0.000586685	0.000245667	1.063322
92.7867	0.000863441	0.000138819	0.648235
88.2995	0.000522981	0.00024622	1.095720
53.5955	0.000723225	0.000183456	1.125843
53.8392	0.000586917	0.000250984	1.185813
84.312	0.000812481	0.000176696	0.756642
82.2799	0.000643521	0.00019588	1.041139
50.8844	0.000822082	0.000153006	0.935891
90.7728	0.000646125	0.000225427	0.896226
81.683	0.000864557	0.000155653	0.710118
84.4007	0.000723815	0.000156031	0.767697
87.1058	0.000532859	0.000187843	1.257634
83.4118	0.00053989	0.000256511	1.145283
83.7031	0.000646767	0.000149863	0.915094
92.1204	0.0006783	0.000159953	0.840120
88.5168	0.000891932	0.000227261	0.636674
90.8715	0.000579515	0.000146202	1.092983
86.081	0.000779009	0.000204051	0.690862
91.0359	0.000515491	0.000165916	1.011417
87.0053	0.000911123	0.00024387	0.595982
89.2607	0.000918805	0.000233102	0.655531
81.3401	0.000530311	0.000258085	1.128462
81.4663	0.000726197	0.000172966	0.808684
82.4932	0.000819299	0.000196341	0.750372
91.6697	0.000638515	0.000233785	0.932484
86.3335	0.000603478	0.00018085	0.940067
83.1323	0.000606603	0.000173233	1.204027
88.0651	0.000645175	0.00023764	0.877287
81.442	0.000875793	0.000184277	0.612791
82.1576	0.000690069	0.000227424	0.946313
49.8503	0.000916485	0.00021826	0.828667
91.2311	0.000709096	0.000140518	0.983095
50.0488	0.000939567	0.000219879	0.725108
92.2756	0.000790681	0.000240897	0.661697
84.7025	0.000640317	0.000222277	0.967302
91.9921	0.00082078	0.000240448	0.666584
89.2071	0.000983193	0.000131832	0.588636
83.8594	0.000666915	0.000168748	1.072256
93.0147	0.000842048	0.000200497	0.661928
55.122	0.000779768	0.000142399	0.927604
86.3472	0.000654451	0.000192553	0.901863
92.0605	0.000909639	0.000137219	0.636607
93.394	0.000937243	0.000206073	0.589371
53.1233	0.000959095	0.000257375	0.718432
91.8999	0.000697047	0.000189346	0.824490
87.6615	0.000784706	0.00015014	0.770207
87.3547	0.000899885	0.000246095	0.683070
52.5762	0.000998476	0.000133405	0.686558
56.1534	0.000933284	0.000184103	0.767538
87.1913	0.000855662	0.000204179	0.612827
89.8528	0.000688195	0.00016056	0.815929
93.2795	0.000659684	0.000200272	0.944000
50.5865	0.000666836	0.000250192	1.124695
52.698	0.000547369	0.000187251	1.726022
83.5322	0.000703878	0.000149583	0.768786
92.796	0.00073314	0.000210134	0.775900
87.4365	0.000787789	0.000243922	0.705426
90.2285	0.000981399	0.000245388	0.532298
92.5741	0.000996077	0.000175301	0.502245
85.5149	0.000963015	0.000151927	0.590506
92.5934	0.000821046	0.000138396	0.745792
55.1375	0.000882499	0.000233282	0.798618
85.5415	0.000523899	0.000237686	1.082558
53.5029	0.000857231	0.000221175	0.922275
52.4062	0.000961911	0.000252291	0.780550
90.2489	0.000890721	0.00017353	0.716667
82.004	0.000686799	0.000255724	0.818991
82.9501	0.000590589	0.000251688	1.160345
87.9514	0.000896983	0.000185757	0.657823
86.7823	0.000772296	0.000244503	0.715789
88.7895	0.000924459	0.00017569	0.598681
87.1923	0.000753214	0.000176753	0.819730
90.3115	0.000791062	0.000205195	0.739846
48.9029	0.000585533	0.00017355	1.338194
88.255	0.000689	0.000256792	0.856637
90.8406	0.000851446	0.000156321	0.626492
82.8842	0.000794279	0.000244444	0.710256
50.7129	0.000999864	0.000242055	0.691260
92.5207	0.000700576	0.000213364	0.805507
92.9318	0.000581263	0.000258083	1.072028
93.6712	0.000807797	0.000147966	0.625377
83.168	0.000753815	0.000196697	0.793784
85.5119	0.00098999	0.000211161	0.578029
86.2876	0.000516498	0.000259915	1.387402
90.5141	0.000779367	0.000173517	0.776563
93.4988	0.000653458	0.000167702	1.008696
93.6375	0.00084832	0.000230713	0.701675
83.1537	0.000678237	0.000170646	0.955255
90.5727	0.000721051	0.000200651	0.762817
87.1033	0.000662059	0.000191978	0.921779
93.3603	0.000880666	0.000199479	0.616129
55.5381	0.000534447	0.000136132	1.353612
87.1407	0.000685941	0.000167929	0.777448
89.291	0.000974559	0.000236069	0.569792
85.1601	0.000609898	0.000137744	1.048667
85.1628	0.00063126	0.000254793	0.932581
89.8711	0.000596053	0.000177991	1.050853
51.7774	0.000826468	0.00014724	0.994089
82.9717	0.000915909	0.000153897	0.654889
84.2999	0.000578054	0.000231555	1.160563
48.8652	0.000936146	0.000197471	0.772609
81.4911	0.000850575	0.000167013	0.676316
87.6491	0.000830419	0.000249144	0.694608
91.3084	0.000585243	0.000200855	1.112153
49.8647	0.000705628	0.000191927	1.128530
49.0115	0.000971745	0.000197174	0.764990
85.4847	0.000752327	0.000208592	0.849730
86.062	0.000890047	0.000241216	0.692694
86.3962	0.000924607	0.00014333	0.622418
90.2235	0.000946504	0.000207846	0.601502
49.067	0.000876988	0.00024489	0.791183
91.7584	0.000895693	0.000200112	0.596599
88.9339	0.000919977	0.000210683	0.651435
86.9053	0.000627141	0.00016182	1.079221
55.1947	0.000812811	0.000232802	0.802250
83.6991	0.000700026	0.000153921	0.815988
81.5504	0.000579452	0.000257796	1.134737
89.7311	0.000732446	0.000142242	0.768056
87.3434	0.00069918	0.000165101	0.821221
90.1519	0.000509813	0.000194306	1.216733
53.6896	0.000946733	0.000219351	0.818240
91.3689	0.000559054	0.000185447	1.072364
83.1633	0.000515139	0.000131765	1.228854
89.5812	0.000957603	0.000235879	0.600425
82.2688	0.000910923	0.000204662	0.652455
87.968	0.000633694	0.000259248	0.900321
89.8702	0.000992326	0.00025149	0.542008
48.8015	0.00060421	0.000199647	1.245791
55.5111	0.000665857	0.00022303	1.096341
81.6191	0.000785317	0.000207497	0.867617
83.2323	0.000953704	0.000180209	0.645416
84.0002	0.000743748	0.000179884	0.772951
82.6811	0.000884493	0.000215742	0.632184
85.6885	0.000889519	0.000150767	0.681693
81.4004	0.000758626	0.000228106	0.773727
87.2746	0.000925339	0.00023344	0.627912
84.6352	0.000655177	0.000146387	0.962733
83.9796	0.000953767	0.000217919	0.597868
91.0908	0.000973549	0.000189028	0.562839
54.7279	0.000549065	0.000152738	1.358519
89.7546	0.000817852	0.000236716	0.687313
49.3059	0.000605659	0.000225247	1.374832
85.8011	0.000752065	0.000217684	0.837027
55.1739	0.000853729	0.000247449	0.818333
84.3149	0.000567178	0.000213088	1.125090
82.7818	0.000752042	0.000226726	0.825676
87.6726	0.000977641	0.000154249	0.570686
55.7126	0.000895987	0.000254416	0.874376
82.011	0.000847083	0.000251674	0.695673
84.3566	0.000700892	0.000144929	0.784348
86.4679	0.00074641	0.000166061	0.835967
50.9064	0.000841435	0.000211538	0.789855
91.6288	0.00094289	0.000159385	0.560776
88.4647	0.000641644	0.000161493	0.952215
82.5842	0.000710259	0.00021794	0.824069
92.4746	0.000559688	0.000248269	0.957091
85.2302	0.000866242	0.000257056	0.654460
88.9924	0.000724607	0.000133638	0.873876
85.1988	0.000865046	0.000228485	0.668000
87.3615	0.000947818	0.000209661	0.546352
90.9546	0.00051633	0.000219861	1.180315
87.772	0.000977229	0.000158037	0.596882
89.7483	0.000621024	0.000142529	0.882353
90.016	0.000611718	0.000157195	0.872425
90.8908	0.000576437	0.000184669	1.030282
91.99	0.000717781	0.000247996	0.729745
91.5329	0.000990496	0.000240642	0.556148
84.6966	0.000628804	0.000252612	0.919417
87.4941	0.000934995	0.000216898	0.620000
88.0287	0.000724305	0.000235839	0.807584
50.5629	0.000818684	0.000211317	0.845771
83.1986	0.000898552	0.000203121	0.678733
84.3527	0.000574919	0.000159979	1.075618
86.3026	0.000669543	0.000248459	0.919453
85.7634	0.000674273	0.000247713	0.830422
85.9588	0.000657056	0.000142308	0.917957
50.3186	0.000919445	0.000198903	0.764823
52.9735	0.000734813	0.000198109	0.981440
55.1893	0.000742893	0.000243835	0.993443
91.1217	0.000916169	0.000239243	0.641242
93.4504	0.00095535	0.000194524	0.527660
84.5604	0.000717945	0.000257652	0.818697
85.1101	0.000610489	0.000218521	0.941667
55.7329	0.000530624	0.000142432	1.467050
85.3001	0.000664701	0.000159471	0.974006
84.4682	0.000944195	0.000214477	0.665302
90.2049	0.000626286	0.000169038	0.977922
83.1762	0.000548528	0.000212139	1.064445
81.9623	0.000880965	0.000153944	0.700231
87.1519	0.000505638	0.000249295	1.165462
87.9372	0.000669421	0.000232304	0.952888
50.5243	0.000842944	0.000255145	0.756522
52.094	0.000968655	0.000230494	0.603992
84.7362	0.000724967	0.000245846	0.831461
85.6773	0.000575005	0.000181058	1.025442
88.1549	0.000751647	0.000177592	0.813514
89.1698	0.000895544	0.000230671	0.598186
51.1005	0.000574074	0.000239661	1.450000
55.984	0.000864331	0.000140945	0.778873
81.6065	0.000813114	0.000168939	0.795750
81.2557	0.000828807	0.000201012	0.721130
83.1545	0.000740032	0.000207962	0.808242
89.0659	0.000509651	0.000193886	1.225896
89.0488	0.000540962	0.000225794	1.049624
83.8969	0.000639038	0.00023294	0.903503
93.0686	0.000990335	0.000245485	0.590369
81.4873	0.000680627	0.000231473	0.859581
85.288	0.000720533	0.0001933	0.916667
84.0317	0.000690995	0.000177718	0.895882
84.8893	0.000961118	0.000140312	0.645666
83.5608	0.000752183	0.000180556	0.737297
91.6315	0.000801359	0.000134353	0.736294
50.997	0.000824977	0.000189259	0.861330
54.0732	0.000847513	0.00014605	0.735971
86.4976	0.000616853	0.000225193	0.956436
87.4132	0.000755384	0.000189176	0.826344
52.6384	0.000955787	0.000154804	0.613617
52.6596	0.000959892	0.000173027	0.783051
86.6576	0.000539973	0.0002571	1.251698
89.703	0.000983019	0.000253048	0.504752
52.2137	0.000839703	0.000221345	0.803632
54.6442	0.000515262	0.000138108	1.558498
88.5019	0.000709894	0.00016901	0.771633
50.6911	0.000975546	0.000133374	0.693750
84.1171	0.000682437	0.000204809	0.987463
85.8185	0.000963165	0.000204265	0.631435
51.745	0.000804707	0.000181535	0.757323
92.0929	0.000645874	0.000156668	0.947170
91.3139	0.000518259	0.000176396	1.123137
55.7771	0.000755494	0.000131163	0.947849
92.7092	0.000508583	0.000144324	1.243200
83.1688	0.000674391	0.000150402	0.813595
81.861	0.000778456	0.000205637	0.830026
90.1684	0.000916878	0.000257158	0.657871
89.4956	0.000557709	0.000144932	1.140876
82.93	0.000693485	0.000206358	0.820821
91.061	0.000962297	0.000135668	0.580380
49.6526	0.000658391	0.000135255	1.102778
88.5539	0.000823187	0.000243089	0.663951
50.5667	0.000838016	0.000246759	0.938835
87.6979	0.000551083	0.000212951	1.059410
87.0333	0.000975469	0.000240482	0.673333
90.7141	0.00060534	0.000147385	0.937584
55.3575	0.000513063	0.000163378	1.735317
90.5449	0.00093907	0.000214707	0.550649
92.4931	0.000567758	0.000219837	0.944086
82.0062	0.000753556	0.000249626	0.843513
53.5896	0.000548831	0.000159816	1.875926
87.0424	0.000881687	0.000219062	0.637327
52.701	0.000539101	0.000210636	1.807170
51.6637	0.00083406	0.000232317	0.793171
82.1427	0.000835504	0.000169497	0.736983
49.951	0.000884955	0.000180018	0.857931
82.7066	0.000648982	0.000219861	1.000941
92.2446	0.000857663	0.000217964	0.566825
49.0733	0.000873059	0.000167474	0.772727
90.73	0.000682872	0.000162101	0.919643
82.2689	0.000502446	0.000257751	1.308097
53.2155	0.000531715	0.000259869	1.288123
91.4608	0.00069371	0.000243186	0.792082
93.1083	0.00099039	0.000216088	0.573361
82.0094	0.000984134	0.000151838	0.614256
87.5311	0.000762457	0.000224456	0.855733
83.1226	0.000997728	0.000131052	0.575714
86.1024	0.000952602	0.000154318	0.605342
89.337	0.000912404	0.000193717	0.607350
92.421	0.000617668	0.000243859	0.981579
50.0191	0.00072156	0.000144559	1.102253
54.6621	0.000916971	0.000153266	0.858758
93.323	0.000851063	0.000142535	0.694988
91.5313	0.000740714	0.000178262	0.728493
87.2661	0.000781593	0.00024231	0.689583
88.6516	0.000784147	0.000246207	0.697150
51.2005	0.000700816	0.000240685	0.963768
90.9022	0.000988055	0.00018848	0.574897
84.9473	0.000553458	0.000198801	1.167279
88.3679	0.000806666	0.000138611	0.804282
82.4472	0.000857553	0.000216282	0.686936
92.0885	0.000649346	0.000137815	0.960625
89.0838	0.00089564	0.000214031	0.562358
91.3877	0.000753946	0.000130633	0.848248
85.2009	0.000726539	0.000244619	0.850980
89.0375	0.000816743	0.000164432	0.759453
87.1092	0.000881236	0.000182368	0.630716
89.6539	0.000552375	0.000205426	1.158823
49.0044	0.000858113	0.000231888	0.849526
82.4424	0.000542942	0.000181199	1.057303
93.256	0.000771232	0.000160685	0.726316
81.8398	0.000853273	0.000203442	0.718138
83.9912	0.000541881	0.000236096	1.171804
83.7985	0.000922691	0.00024326	0.706388
88.3526	0.000502073	0.000223833	1.125911
82.1928	0.000867992	0.000243847	0.733255
55.9275	0.00062933	0.000178698	1.190645
92.068	0.000700871	0.000192505	0.853913
90.9908	0.000811818	0.000185859	0.639750
92.268	0.000838215	0.000199342	0.755448
85.5446	0.00097574	0.000248116	0.638958
86.1112	0.000579313	0.000172475	1.080000
89.3818	0.000716238	0.00018536	0.834943
85.7434	0.000742064	0.000144048	0.818630
83.0249	0.000625784	0.000211035	1.112013
84.9101	0.000968424	0.00021104	0.584454
81.4435	0.000585173	0.000170088	1.240418
86.654	0.000750481	0.000166874	0.697290
82.8727	0.000994944	0.000169653	0.590389
93.3365	0.000890217	0.000165511	0.591096
93.0468	0.000904916	0.000205772	0.595506
52.666	0.000500056	0.00024178	1.519106
48.7557	0.000700954	0.000145412	1.338663
92.671	0.000738601	0.000195964	0.785714
92.8029	0.000711825	0.00025732	0.819714
87.5206	0.000905258	0.00025125	0.736629
92.2958	0.000944835	0.000223551	0.615269
51.0065	0.000950934	0.000209856	0.695299
87.5774	0.000781963	0.000221915	0.697143
86.4865	0.000669434	0.000242287	0.864438
85.5111	0.00069794	0.000225608	0.806997
84.692	0.00087491	0.000167767	0.631163
82.2384	0.000737897	0.000142511	0.780441
86.3197	0.000730548	0.000227843	0.770752
85.4039	0.000631822	0.000136115	1.010289
93.2251	0.000847914	0.000247103	0.586331
90.2893	0.000850181	0.000139375	0.604785
86.6679	0.000543014	0.000243574	1.155056
82.6525	0.000589975	0.000185056	1.115517
51.5349	0.00066095	0.000165152	1.003385
84.6177	0.000783093	0.000158022	0.734545
54.2853	0.000733828	0.00019666	1.018006
85.3588	0.000594997	0.000241407	1.147945
87.5234	0.00078316	0.000192715	0.700519
86.2063	0.000799126	0.000248986	0.775318
52.7326	0.000702887	0.000255823	0.945376
56.1922	0.00099355	0.000242256	0.614519
85.7972	0.000901452	0.000135995	0.650790
87.6228	0.000558192	0.000218956	1.215328
91.5982	0.00097519	0.000207226	0.566667
50.1213	0.00085401	0.000243037	0.941191
83.156	0.00075694	0.000194155	0.785753
50.8371	0.000762038	0.000223973	0.920533
83.5852	0.000730982	0.000152824	0.782730
82.2504	0.000741763	0.00017623	0.765934
84.0633	0.000771548	0.000173031	0.765172
82.1938	0.000676266	0.000181948	0.784639
90.7145	0.000678847	0.00017278	0.994910
92.5943	0.000663966	0.000171289	0.919878
81.3119	0.000672058	0.000138879	0.863030
53.7955	0.000636115	0.000203953	1.094569
83.0614	0.000504332	0.000204927	1.230645
92.4205	0.000602805	0.000130943	0.984512
52.5072	0.000854212	0.000218038	0.866429
92.2066	0.000752466	0.000178339	0.654865
81.6646	0.000734658	0.000166272	0.886427
55.3222	0.000520267	0.000259269	1.149219
85.3081	0.000893259	0.000190186	0.677221
83.351	0.000826298	0.000194427	0.714039
86.3235	0.000518129	0.000188086	1.337255
84.0056	0.000768119	0.000144721	0.725132
93.011	0.000608173	0.000140178	0.915050
85.7425	0.000721148	0.000230949	0.771831
55.8034	0.000517203	0.000189171	1.457255
92.6159	0.000811675	0.000148628	0.728000
51.8258	0.000548226	0.000256485	1.267778
91.5815	0.000507958	0.000228883	1.338000
82.5555	0.00062758	0.000238321	0.937662
90.3199	0.000609065	0.000171886	0.951333
93.7316	0.000959224	0.00021342	0.610170
89.3234	0.000965086	0.000171361	0.562105
84.5664	0.00074237	0.000166193	0.801096
87.1147	0.000732739	0.000221679	0.788611
82.9004	0.000976881	0.000229675	0.624792
56.0153	0.000738973	0.000242258	0.984615
88.4435	0.000743813	0.000239361	0.756557
48.7751	0.000640666	0.000188789	1.240952
50.7169	0.000619666	0.000207251	1.140656
84.1324	0.000641297	0.000216212	0.940952
84.0111	0.000689387	0.000211865	0.871681
83.4232	0.000798903	0.000198971	0.783969
90.9391	0.00080528	0.000238947	0.788889
85.2628	0.000900921	0.000133381	0.584876
86.6512	0.000697154	0.000203083	0.825948
82.3435	0.000745169	0.000234384	0.761202
91.5778	0.000791542	0.000178414	0.706154
91.843	0.000706668	0.000149996	0.853448
83.5391	0.000569041	0.000132896	1.171071
93.5483	0.000784891	0.00018728	0.715285
84.1563	0.000720515	0.000251268	0.835028
86.3126	0.000502402	0.000157043	1.222672
91.5663	0.00078668	0.000177117	0.736176
83.1737	0.000748036	0.000217974	0.845652
90.8149	0.000967119	0.000146329	0.572059
89.2889	0.000817155	0.0002079	0.614428
88.2078	0.000766599	0.000248277	0.752520
87.5104	0.000521769	0.000138886	1.307782
82.8103	0.000757528	0.00021441	0.757258
82.3279	0.000853289	0.000170323	0.637947
81.6943	0.000550435	0.000222745	1.078148
89.9201	0.000793654	0.00015296	0.773913
52.9577	0.000541197	0.000204349	1.356015
89.6454	0.000515876	0.000248666	1.153543
81.5382	0.000669409	0.000218543	0.860790
85.8868	0.000712796	0.000138259	0.889143
52.169	0.000962251	0.000219844	0.743340
93.0993	0.00086333	0.000217308	0.593412
55.1869	0.000883082	0.000177635	0.720690
82.0154	0.000519736	0.000219969	1.369804
84.4226	0.00082724	0.000193453	0.650860
93.269	0.000948094	0.000254839	0.574947
48.9848	0.000543535	0.000190586	1.385019
49.3345	0.000944269	0.000250136	0.610129
90.5546	0.000845048	0.000157465	0.606731
82.2271	0.0009644	0.000187589	0.622785
55.0104	0.000780837	0.000233525	0.830729
87.3971	0.000945404	0.000149601	0.620215
82.9245	0.00069526	0.000258377	0.780409
51.6449	0.000709863	0.000162799	1.134957
92.6645	0.000632975	0.000184138	0.850321
52.2556	0.000504428	0.000219132	1.441935
83.0075	0.000845436	0.000244515	0.673077
53.1839	0.000642571	0.000250675	1.133544
88.6234	0.00097984	0.000190909	0.520954
88.683	0.000738268	0.000136635	0.760055
86.833	0.000639157	0.00021736	1.043312
92.7611	0.000634734	0.000247823	0.988782
83.8886	0.00060656	0.000150339	1.036242
89.1641	0.000760259	0.000171214	0.788770
87.4166	0.000922159	0.000254083	0.700661
90.0338	0.000790777	0.000136482	0.644730
85.4779	0.000681893	0.000150413	0.884776
92.52	0.000536732	0.000244661	1.228409
91.1219	0.000872607	0.000197214	0.622145
86.3068	0.000772464	0.00021506	0.798947
86.6903	0.000706543	0.000226829	0.844669
82.1395	0.000917879	0.000193772	0.672727
86.6426	0.000580349	0.000209179	1.029474
87.6485	0.000758116	0.000142502	0.769973
84.1214	0.000584766	0.000165831	0.982230
86.0342	0.000708424	0.000180329	0.891379
92.6047	0.000903555	0.000198247	0.625618
84.4443	0.000514458	0.00014995	1.204348
54.9262	0.000855869	0.000188564	0.757957
50.3857	0.000810438	0.000206814	0.974623
88.3193	0.000539596	0.000235236	1.166038
86.437	0.000914793	0.000210476	0.615333
91.6934	0.000821325	0.000183449	0.704208
87.3041	0.000679621	0.000156831	0.868264
89.3014	0.000932165	0.000183897	0.647712
88.289	0.000990461	0.00021198	0.583573
82.5866	0.00054053	0.00015398	1.180075
87.746	0.000837791	0.000252864	0.687621
90.9093	0.000872763	0.000167499	0.632093
82.1737	0.000949375	0.000177641	0.685011
85.0811	0.000952118	0.000210787	0.523291
84.8416	0.000977264	0.0001597	0.573750
54.0595	0.000987655	0.000217884	0.681687
83.8776	0.000638906	0.000171849	0.915605
92.6249	0.000504434	0.000141065	1.170968
90.6044	0.000678409	0.000197716	0.843413
82.181	0.000878627	0.000191939	0.673148
93.6445	0.000967455	0.000208467	0.573950
92.8728	0.000966622	0.000198588	0.649790
85.1817	0.000653389	0.000233858	0.996262
84.1477	0.000690231	0.00022565	0.797935
90.3334	0.000708467	0.000205517	0.818052
82.7609	0.000999361	0.00014609	0.572505
89.001	0.000542982	0.000242089	1.019850
88.8849	0.00054917	0.000233185	1.038148
87.9972	0.000520965	0.000222331	1.155078
54.3878	0.000608401	0.000193216	1.470903
85.3909	0.000737945	0.000141573	0.776860
53.6465	0.000540737	0.000168674	1.538346
81.4696	0.000593597	0.000252035	1.095891
87.9304	0.000513503	0.000165638	1.396825
83.7025	0.000820673	0.000215013	0.661538
83.3531	0.000873007	0.00019358	0.645221
90.6723	0.000912737	0.000132829	0.568820
82.6045	0.000865691	0.000131841	0.670824
86.7723	0.000567867	0.000189502	1.140143
83.9328	0.000734361	0.000218843	0.779224
51.5644	0.000717152	0.000195323	0.948442
85.0245	0.000925422	0.000216077	0.707473
85.7639	0.000616288	0.000152334	1.088119
81.5973	0.000740754	0.000254808	0.773626
85.5362	0.000792798	0.000243287	0.786667
91.5887	0.000871758	0.000228152	0.657576
83.4679	0.000885119	0.000139888	0.737241
83.9528	0.000824543	0.000246399	0.776543
52.7699	0.000746711	0.00023257	0.836785
90.8592	0.000964653	0.000192838	0.527579
90.3074	0.00066702	0.000188083	0.767378
87.0873	0.000736505	0.000148525	0.778729
91.6634	0.000523615	0.000145095	1.160465
53.5821	0.000999269	0.000149793	0.686992
90.7251	0.000845941	0.000173876	0.662981
81.5594	0.000770744	0.000192632	0.748813
88.9881	0.000706314	0.000167202	0.757060
53.7981	0.000770849	0.000196192	0.943536
86.4909	0.000619168	0.000233873	1.013158
88.3076	0.000607486	0.000217177	0.951839
89.3448	0.000764568	0.000143674	0.778192
82.7983	0.000694001	0.000157401	0.847507
86.7927	0.000970617	0.000218755	0.635639
55.0811	0.000752413	0.00023615	1.188108
52.506	0.00090867	0.000245041	0.786353
85.8798	0.000558534	0.000171894	1.156727
83.8895	0.000659198	0.00016566	1.080556
85.4673	0.000575576	0.000234655	1.083039
91.114	0.000618453	0.000185157	0.939803
49.3101	0.000626443	0.000205313	1.174675
84.24	0.000838324	0.000161196	0.699515
50.2375	0.000980839	0.000177328	0.737137
92.2944	0.000944409	0.00020046	0.558925
85.3261	0.000672081	0.000253796	0.870909
90.3293	0.000853454	0.000244882	0.620476
87.9231	0.000635446	0.000137935	1.065495
83.2557	0.000827449	0.000229743	0.670270
86.3115	0.000906657	0.000221932	0.615919
84.9789	0.000621803	0.000165124	0.876471
89.2025	0.000538219	0.000258425	1.010943
87.1987	0.000894461	0.000182631	0.625682
93.007	0.00092314	0.000140301	0.568943
48.8326	0.000947469	0.00020606	0.856652
49.7846	0.00083639	0.000169449	0.938929
54.7398	0.000956155	0.000157616	0.724629
82.1239	0.000568392	0.000182014	1.161649
55.004	0.000713199	0.000148132	0.992877
83.8296	0.000573989	0.000177271	1.065603
82.4324	0.000727621	0.000241776	0.853352
92.3322	0.000762936	0.000188077	0.744149
92.0333	0.000623357	0.000193965	0.972638
86.0189	0.000531558	0.00016258	1.013793
82.9913	0.000548883	0.000137432	1.161482
93.0355	0.000841907	0.000208247	0.685507
82.3683	0.00075106	0.000252012	0.896748
88.1039	0.000872814	0.000213489	0.707692
83.3984	0.00059928	0.000217944	1.010544
48.8696	0.000924546	0.000194171	0.941189
90.58	0.000516446	0.000250521	1.259449
93.217	0.000776557	0.000156362	0.778534
83.7323	0.000572271	0.00014421	1.091459
91.7013	0.000854711	0.000240959	0.734442
89.0684	0.000831319	0.000213876	0.595110
91.8355	0.000609125	0.000251494	1.044333
92.3832	0.000959801	0.000257095	0.630297
86.7802	0.000789412	0.00023527	0.762113
51.0121	0.000521491	0.000221056	1.393359
53.9778	0.000644672	0.000162606	1.242587
92.0209	0.00072854	0.000204377	0.792758
90.5769	0.000614071	0.000159682	1.047020
89.9642	0.000772038	0.000152285	0.694737
85.172	0.000600569	0.000249842	0.955254
84.5267	0.000804399	0.000249748	0.699240
92.4366	0.000820147	0.000171099	0.657426
83.5704	0.000830312	0.000213754	0.761274
56.2349	0.000529928	0.000205518	1.509195
85.5898	0.000898362	0.000147151	0.642986
55.0067	0.000640533	0.000204262	1.211746
84.2205	0.000854656	0.000185811	0.754524
87.2165	0.000749006	0.000201858	0.781522
84.5896	0.000681511	0.000242662	0.882687
53.3799	0.000539712	0.00023208	1.502642
53.0154	0.000999421	0.000177725	0.666463
51.1421	0.000863674	0.000247418	0.771059
92.4724	0.000657005	0.00016796	0.826625
93.6551	0.000850183	0.000182516	0.618138
82.2882	0.000769771	0.00018161	0.837037
86.0153	0.000921436	0.000165831	0.712141
81.7579	0.000703994	0.000203907	1.006069
87.748	0.000710087	0.000193412	0.906017
87.6731	0.000880424	0.000236581	0.597229
81.9297	0.000641523	0.000179922	1.127302
83.4036	0.000674409	0.000131077	0.799396
88.2345	0.000838407	0.000198285	0.666505
55.8509	0.00079908	0.000198266	0.855216
88.728	0.000504098	0.000170267	1.350403
55.7673	0.00062136	0.0001684	1.112745
88.0649	0.000588196	0.000181635	1.016955
84.5431	0.000572398	0.000160707	1.071174
89.1098	0.000639923	0.000246734	0.879048
82.0583	0.000707034	0.000162346	0.912104
84.8213	0.000878172	0.000232576	0.601157
86.538	0.000583293	0.000247222	1.225435
82.602	0.000978125	0.000246075	0.554678
82.6175	0.000550316	0.000212002	1.357037
87.4444	0.000614504	0.000248681	1.145364
53.5334	0.000726215	0.000142682	0.997199
92.624	0.000929575	0.000208978	0.574017
86.4183	0.000608392	0.000204118	1.066221
86.6442	0.000662052	0.000133204	0.874540
83.5213	0.000885845	0.000253693	0.666667
88.2897	0.000919851	0.000240226	0.593377
91.3656	0.000663101	0.000179392	0.862883
85.6706	0.000996716	0.000224572	0.572041
88.9985	0.000579331	0.000215969	1.064912
53.8705	0.000796055	0.000159877	0.892347
93.3355	0.000646145	0.000164489	0.975786
88.1304	0.000546436	0.000225397	1.102231
52.6731	0.000769947	0.000197003	0.860950
84.4887	0.000633908	0.000251697	0.957372
86.8648	0.000804207	0.000242814	0.677020
89.1488	0.000819542	0.000207201	0.695285
51.758	0.000581043	0.000244789	1.385315
83.5908	0.000684495	0.000159281	0.934821
81.6495	0.000875422	0.000217209	0.636047
55.2261	0.000879688	0.000253981	0.869053
55.1068	0.000656074	0.000224389	1.173065
84.6673	0.000556998	0.000134092	1.100730
93.1731	0.000926014	0.000241659	0.584868
91.7208	0.000625906	0.000249344	0.912013
82.097	0.000512612	0.00020309	1.251191
82.0048	0.000879013	0.000243322	0.696759
86.3578	0.000847663	0.000190293	0.651559
89.4888	0.000890783	0.000238705	0.586530
81.7435	0.000849598	0.000140027	0.724221
54.2167	0.000718728	0.000223277	1.034181
83.9785	0.000511339	0.000152481	1.250598
91.9274	0.000757498	0.000210169	0.719035
83.3307	0.00077436	0.000180413	0.799475
53.4967	0.000864637	0.000168231	0.746588
85.2898	0.000878625	0.00016938	0.602083
90.3987	0.000960832	0.00021296	0.589852
91.6601	0.000903582	0.000190772	0.616629
88.8165	0.000659727	0.000193789	0.864615
85.7228	0.000802986	0.00013942	0.657975
91.5521	0.000752756	0.00018848	0.717568
87.1078	0.000662059	0.000172328	0.859509
85.4032	0.000941107	0.000236376	0.630022
88.6142	0.000687735	0.000189884	0.812426
55.7488	0.000803133	0.000168735	0.797975
83.942	0.000525703	0.000210685	1.504263
53.865	0.000598107	0.000138032	1.187755
82.6021	0.000583327	0.000247912	1.034843
82.9083	0.000678139	0.000255638	0.938739
85.851	0.000678193	0.000176349	0.790991
92.2913	0.000793485	0.000248251	0.732737
87.6053	0.000727388	0.000154055	0.827933
83.2778	0.000922459	0.000181675	0.640177
88.203	0.000933606	0.000146936	0.615251
84.9467	0.000807886	0.000252366	0.705793
87.981	0.000861685	0.000253137	0.669576
83.1098	0.000716904	0.000140087	0.753125
49.5416	0.000970314	0.000244353	0.760587
93.3632	0.000644764	0.000145456	0.902524
52.9819	0.000991716	0.000163355	0.740369
55.1014	0.00091144	0.000157338	0.768597
51.836	0.000788742	0.000259381	0.930155
90.5592	0.000857761	0.00025454	0.671564
88.375	0.000990588	0.000152825	0.622382
55.9777	0.000723994	0.000240256	0.979214
84.5228	0.000905076	0.000189787	0.576180
92.9918	0.000711526	0.000185082	0.777429
84.3527	0.000869925	0.000208457	0.746729
54.9786	0.000802357	0.000255152	1.030633
92.7922	0.000647733	0.000211166	0.881505
91.6302	0.000566387	0.000245775	0.937993
85.0527	0.000853736	0.000185765	0.683810
52.0642	0.000625341	0.000165443	1.254072
92.8279	0.000521232	0.00019947	1.281641
89.9396	0.000550226	0.00016777	1.044281
93.2982	0.00073222	0.000235637	0.740556
54.4346	0.000695739	0.000189213	1.004386
53.3071	0.000947669	0.000147098	0.747210
88.7214	0.000604361	0.000144909	0.900337
89.4623	0.000788799	0.000181217	0.709021
52.2579	0.000920035	0.000233368	0.690729
48.8313	0.000959931	0.000212957	0.718220
84.3475	0.000592056	0.000175497	1.024399
88.1936	0.000513432	0.000133157	1.236905
91.8104	0.000691713	0.000197087	0.730294
50.2505	0.000551928	0.000176557	1.338007
81.4532	0.000923897	0.000202174	0.622247
89.6001	0.000867648	0.000179845	0.652693
89.0071	0.0006914	0.000247641	0.934118
50.5602	0.000538804	0.000140346	1.508302
87.3546	0.000994238	0.000228965	0.579755
89.2335	0.000847494	0.000254048	0.692086
90.6585	0.000746033	0.00018843	0.777929
91.5118	0.000610706	0.000190948	0.870764
52.788	0.000635278	0.000154786	1.290385
84.6862	0.00055057	0.000173165	1.129889
84.1938	0.000726068	0.00019214	0.849860
53.3929	0.000525976	0.000135976	1.627799
92.869	0.000629253	0.000224126	0.908387
84.3317	0.00055868	0.000228623	1.042182
92.2357	0.000699176	0.00024288	0.763081
55.7535	0.00082733	0.000192845	0.867076
81.6256	0.000704337	0.0001381	0.944509
82.6581	0.000997368	0.000240078	0.541020
88.3307	0.000985946	0.000223836	0.599588
81.6882	0.000936579	0.000165589	0.654348
50.5737	0.000789594	0.000196266	0.839433
82.962	0.000759084	0.000214348	0.825201
84.6754	0.000973099	0.000178708	0.626778
49.5046	0.000915777	0.000142341	0.702222
87.284	0.000964545	0.000150437	0.554008
93.5816	0.000715665	0.000144074	0.898863
88.8253	0.000796812	0.000195255	0.647194
49.4895	0.00071199	0.000133128	1.017714
92.5159	0.000592016	0.000205997	0.919931
89.3018	0.00057612	0.000205936	1.163604
87.5484	0.000508826	0.000227298	1.345600
83.66	0.000821084	0.000177663	0.732178
55.1396	0.000687272	0.000211649	1.012426
87.1603	0.000957384	0.000163815	0.621019
49.3541	0.000661965	0.000210387	1.206769
92.3892	0.000689227	0.000217876	0.779351
92.7307	0.000884593	0.000155341	0.643678
86.3186	0.000747546	0.00019535	0.771739
83.9499	0.00078921	0.000213411	0.721392
92.8823	0.000757117	0.000146718	0.719839
91.182	0.000817289	0.000180852	0.717413
52.2039	0.000960566	0.000183628	0.800636
88.3732	0.000534177	0.000244396	1.145627
85.1795	0.000543005	0.000256313	0.997753
81.8835	0.000533827	0.000242074	1.287023
84.5801	0.00079015	0.000196292	0.743041
92.4494	0.000693518	0.000233725	0.756305
90.9062	0.000504697	0.000221715	1.137500
85.4524	0.000535462	0.000226779	1.233840
54.5209	0.000862194	0.000164306	0.800236
51.8863	0.000617756	0.000165704	1.618092
92.8954	0.000840325	0.000210933	0.696860
89.7821	0.000624026	0.000136935	1.031596
81.953	0.000554042	0.000252935	1.252206
92.2408	0.000993795	0.000171759	0.596115
49.0897	0.000750524	0.000139019	0.898374
81.5807	0.000679442	0.000153618	0.909880
81.7634	0.000763349	0.000182569	0.842667
86.2229	0.000821423	0.000156242	0.695792
91.0701	0.000634311	0.000130071	0.954487
50.6185	0.000742784	0.000238343	1.027945
91.7532	0.000799265	0.000136872	0.708651
88.2821	0.000620936	0.000163912	1.017377
90.5072	0.000773162	0.000193759	0.769211
81.5075	0.000795734	0.00015192	0.745013
81.4208	0.000636935	0.000256909	1.032268
82.3725	0.000737822	0.000238088	0.797521
83.5063	0.000553162	0.000203104	1.203676
89.9338	0.000802512	0.000143056	0.641266
93.3542	0.000897762	0.000251791	0.595701
92.5029	0.00051426	0.000148066	1.233597
82.1796	0.000865813	0.000219094	0.671765
92.5364	0.000866299	0.000235282	0.665023
81.3065	0.000932732	0.000255107	0.576856
86.702	0.000631131	0.000196904	0.894194
93.107	0.000517466	0.0001897	1.181176
50.7914	0.00086854	0.000134389	0.848712
83.0111	0.000601747	0.000175644	1.090541
84.9189	0.000952104	0.00017051	0.556838
92.2172	0.000927976	0.000247679	0.564770
86.654	0.000791663	0.00019989	0.679691
54.648	0.000740911	0.000254725	1.002192
90.5558	0.000867204	0.0002539	0.604918
89.6999	0.000586776	0.000135493	0.971280
82.1756	0.000614685	0.000224548	1.001656
93.3157	0.000886328	0.000153645	0.587615
90.197	0.000547784	0.000171261	1.098885
87.1951	0.000675659	0.000154141	0.801807
84.6145	0.000572798	0.000130263	1.092199
86.6922	0.000674037	0.000202496	0.959215
52.1923	0.000881888	0.00018579	0.770046
86.9162	0.000800339	0.000249452	0.691117
83.6045	0.000702417	0.000258352	0.806957
83.2977	0.000624512	0.000249001	1.026059
84.4098	0.000953964	0.000154461	0.626439
90.3256	0.000512853	0.000140059	1.109127
82.4152	0.000640896	0.000245877	0.868254
84.5676	0.000862755	0.000252943	0.705189
52.6698	0.000909367	0.0001321	0.905145
85.0244	0.000551936	0.000221368	1.094096
88.0811	0.000538852	0.000253575	0.977359
88.5765	0.00081201	0.000138352	0.635338
88.3379	0.000699252	0.000189587	0.889535
89.5635	0.000506374	0.00017607	1.177109
89.0004	0.000795724	0.000231351	0.661381
93.6308	0.000626397	0.000248985	0.919481
93.1055	0.000763953	0.000194322	0.814628
86.1668	0.00083971	0.000169984	0.684504
88.586	0.000888176	0.000205241	0.678261
86.7103	0.000571581	0.000215536	1.053025
92.7306	0.000500432	0.000144421	1.108130
82.7774	0.000650213	0.000236419	0.961875
81.9956	0.000796927	0.00014234	0.750255
91.152	0.000665041	0.000219919	0.940061
86.7156	0.000955871	0.000174198	0.538511
93.5215	0.000664905	0.000152155	0.959327
52.0996	0.000631113	0.000182909	1.195484
88.3401	0.000624358	0.000219498	1.107166
86.3747	0.000635409	0.000142503	0.947436
82.1725	0.000828741	0.000226401	0.685749
84.788	0.000663096	0.000196298	0.847239
92.582	0.000905595	0.000191806	0.635426
83.8841	0.000605241	0.00024345	0.977104
51.9619	0.000868119	0.000173246	0.851756
91.3283	0.000865888	0.000200018	0.645305
88.0042	0.000617532	0.000150571	0.931908
84.4324	0.000722026	0.000154752	0.887324
87.5921	0.000923903	0.000134457	0.599339
93.6741	0.000939858	0.000228328	0.610799
89.2471	0.000501817	0.000241587	1.249798
82.133	0.0008708	0.000202901	0.695094
88.6797	0.000719705	0.00020039	0.755932
88.0286	0.000734364	0.000153715	0.798892
49.4463	0.00084605	0.000177624	0.974760
82.0077	0.00079445	0.000246903	0.712564
82.6268	0.000761154	0.000237638	0.780214
89.2556	0.000813685	0.000196443	0.791250
90.4415	0.000684909	0.00018378	0.842137
86.7956	0.000576592	0.000146606	1.142756
82.1473	0.000929513	0.000219262	0.609190
81.9497	0.000801834	0.000253163	0.685025
49.8572	0.000719883	0.00024802	0.804802
84.9147	0.000899365	0.000143693	0.665158
88.1119	0.000791571	0.000165444	0.761954
87.4493	0.000841874	0.00014172	0.701208
89.1582	0.000573484	0.000150826	1.019149
84.9821	0.000501146	0.000187974	1.208130
52.8025	0.000664824	0.000191554	1.003670
87.1862	0.000589798	0.00025391	1.093104
87.0923	0.000693356	0.000142248	0.841936
90.2072	0.000875216	0.000232074	0.589559
90.7431	0.000520571	0.000163235	1.242969
85.3734	0.000776535	0.000150219	0.703403
83.0764	0.000764153	0.000197649	0.824468
49.5503	0.000872767	0.000139791	0.787180
50.7438	0.000880106	0.00014483	0.834180
83.3505	0.000819809	0.000179407	0.872705
90.3351	0.000590973	0.000200473	1.050515
81.7582	0.00095214	0.000148433	0.638248
85.7298	0.000877152	0.000200401	0.674246
88.4848	0.000707339	0.000153031	0.739368
50.6723	0.000733326	0.000248282	0.998611
50.9991	0.000528177	0.000153643	1.380000
82.577	0.000603277	0.000179278	1.003716
86.4398	0.000506285	0.000182655	1.108434
82.9132	0.000822911	0.000206878	0.717574
88.5382	0.000848685	0.000175639	0.677034
88.3587	0.000641142	0.000189779	0.891428
84.4707	0.000744106	0.000146003	0.773771
53.2301	0.000786243	0.000179865	1.010336
55.6202	0.000982001	0.000237211	0.698137
87.7588	0.000927478	0.000144634	0.587281
89.5507	0.000813443	0.00021255	0.649500
84.4022	0.000660611	0.000253786	0.866154
51.1271	0.000909475	0.000163781	0.718792
82.8589	0.000605213	0.000187617	1.149158
89.9884	0.000775303	0.000238737	0.803150
89.1807	0.000736647	0.000137932	0.784807
88.1614	0.000850646	0.000152724	0.684928
86.8781	0.000552445	0.000203127	1.058088
91.7604	0.000935692	0.00023392	0.534924
85.6758	0.000917699	0.000247299	0.634368
84.7414	0.000519531	0.000166459	1.169020
89.6031	0.000669116	0.000227065	0.903040
84.0918	0.000723297	0.000136526	0.841292
51.4209	0.000825731	0.000167296	0.827586
82.2226	0.000569592	0.000210308	1.140714
88.318	0.000863247	0.000254062	0.718588
81.6932	0.00065309	0.000206231	0.935514
51.3911	0.000565122	0.000212864	1.360432
50.5563	0.000609726	0.000206018	1.193667
83.3471	0.000650942	0.000180851	0.910625
50.7698	0.000984254	0.000184579	0.743595
90.9867	0.000908087	0.000201261	0.595749
90.6715	0.000881686	0.000146529	0.608756
92.4244	0.000594908	0.000249506	0.953242
82.0617	0.000902886	0.00024638	0.764640
87.3	0.000939484	0.000156419	0.623593
83.9419	0.000583205	0.00020699	1.044948
83.8191	0.000873393	0.000199422	0.784615
56.013	0.000992716	0.000184294	0.707362
84.4864	0.000636841	0.000248622	1.054313
93.6396	0.000723896	0.000151037	0.807865
82.0149	0.000937091	0.000213193	0.668261
51.2833	0.000860483	0.000164091	0.820331
81.9475	0.000806078	0.000225219	0.719949
90.08	0.000717794	0.00016778	0.769972
83.0472	0.000935393	0.000239725	0.666522
86.4019	0.000548164	0.000198827	1.066171
90.1892	0.00068213	0.000213756	0.808928
89.6618	0.00095061	0.000234637	0.555342
82.4342	0.000592649	0.000147831	1.127148
86.479	0.000835895	0.00019073	0.721411
82.6857	0.000920287	0.00013608	0.605752
92.5309	0.000708811	0.000186007	0.770487
83.0339	0.000809072	0.000135093	0.712814
92.4211	0.000844448	0.000201244	0.637260
87.817	0.000658158	0.000186142	0.855864
85.8637	0.000716627	0.000244179	0.932386
50.8731	0.000519003	0.000224981	1.455294
89.5607	0.000670049	0.000167274	0.931515
56.1536	0.000746293	0.000234909	0.892915
55.2379	0.000994001	0.000219906	0.720859
50.7787	0.000594116	0.000185682	1.242808
91.798	0.000606578	0.000147277	1.116107
82.2085	0.000566128	0.000189906	1.054676
84.6889	0.00064926	0.000180304	1.034483
88.1303	0.000500918	0.000150179	1.150000
92.2133	0.000994388	0.000146777	0.548875
91.583	0.000683094	0.00021233	0.782738
50.1897	0.000954581	0.000227679	0.856716
93.1009	0.000604762	0.000191552	0.926846
83.0952	0.000700085	0.000214106	0.990698
93.3074	0.000725786	0.000137365	0.919608
88.1234	0.000558314	0.000182445	1.096000
83.9028	0.000948497	0.000172168	0.681116
89.2418	0.000685073	0.000215782	0.951039
91.1878	0.000528629	0.000172694	1.263846
90.0776	0.000693159	0.000198159	0.784164
53.9039	0.000757771	0.000166288	0.931367
89.6086	0.000603457	0.000198028	1.045455
88.6974	0.000681645	0.000216121	0.824776
83.9977	0.000831438	0.00013643	0.799756
93.0313	0.000740629	0.000254432	0.746575
83.5719	0.000725673	0.00022915	0.786555
82.3738	0.000501155	0.000142862	1.343496
54.0813	0.000996116	0.000251157	0.685510
91.0707	0.000598318	0.000201939	0.935034
50.7756	0.000719531	0.000210126	0.955650
82.0658	0.000539322	0.000259833	1.214717
86.2523	0.000897293	0.000175672	0.682993
54.8159	0.000546951	0.000154522	1.423420
83.9216	0.000904507	0.000226654	0.626292
83.4103	0.000872752	0.000242685	0.658741
88.1583	0.000553255	0.000209125	1.005147
93.322	0.000790069	0.000237675	0.693316
83.0562	0.000644225	0.000181123	0.912303
89.4989	0.000628029	0.000225502	0.913269
85.8457	0.000969025	0.000183402	0.577778
51.3119	0.000554997	0.000228546	1.274725
84.7696	0.000570034	0.000251946	1.003571
52.3015	0.000896207	0.0002223	0.871429
53.1896	0.000822228	0.00013629	0.909158
85.6037	0.00070104	0.000238689	0.773913
92.7301	0.000551587	0.00023175	0.990037
52.298	0.000944942	0.000210207	0.868817
49.7602	0.0005679	0.000209342	1.219713
87.0543	0.000763755	0.000178806	0.799468
86.1638	0.000768123	0.000206552	0.754762
82.7104	0.000819923	0.000188552	0.777916
91.6483	0.000822116	0.00017235	0.672099
87.2375	0.000781842	0.000167725	0.734286
90.0632	0.000836547	0.000148533	0.636650
91.294	0.00071945	0.000226399	0.870056
55.8301	0.000978265	0.000226155	0.710373
82.2418	0.000632007	0.000220941	0.943730
82.3168	0.000754721	0.000255538	0.725337
91.6286	0.000973094	0.000202592	0.583716
91.5812	0.000768272	0.000252765	0.734127
83.3773	0.000979527	0.000180331	0.608524
83.9551	0.000681017	0.000173905	0.914328
87.1704	0.000902744	0.000223622	0.627478
87.2495	0.000910214	0.000210097	0.660491
86.0271	0.000881782	0.000241089	0.645392
54.9097	0.000785022	0.000151311	0.881865
92.6687	0.000976331	0.000209454	0.587942
53.2034	0.000576881	0.000203068	1.246479
55.6387	0.0009928	0.000154995	0.676892
87.1543	0.000849664	0.000161255	0.664833
83.6574	0.000535493	0.000256947	1.316350
85.3492	0.000505194	0.000225332	1.425403
92.7587	0.000638353	0.000189661	0.845223
82.0539	0.000647116	0.0002128	1.094654
51.7694	0.000806582	0.000237171	0.860957
83.2564	0.000830297	0.000139708	0.697794
49.4667	0.000533819	0.000183344	1.397710
92.7917	0.000519012	0.00021294	1.098431
88.1899	0.000718038	0.000247448	0.818414
90.0511	0.000640749	0.000130406	1.072381
55.0386	0.000841979	0.000154159	0.769324
83.0362	0.000970699	0.0002061	0.674633
81.3204	0.00057414	0.000181361	1.106738
91.6246	0.000541341	0.000141715	1.110902
82.2735	0.000811788	0.000219453	0.765915
83.6071	0.000937242	0.000188077	0.564208
82.3329	0.00082022	0.000151938	0.740695
49.5313	0.000857789	0.000159983	0.812085
90.5143	0.000523589	0.000199635	1.284884
88.5513	0.000992129	0.000137378	0.622951
49.0381	0.000558766	0.000170455	1.381387
90.2732	0.000568033	0.000185708	1.070609
89.7531	0.000735449	0.000211986	0.907735
87.2754	0.000990714	0.000176892	0.557084
92.9351	0.000812836	0.000254998	0.685500
91.4261	0.000670731	0.000237936	0.913333
86.575	0.000535297	0.000248921	1.199620
85.2662	0.000671445	0.00020574	0.880303
90.4137	0.000673312	0.000258085	0.896979
88.4907	0.000930432	0.000140257	0.643450
92.8238	0.000770611	0.000242654	0.750396
81.2706	0.000671068	0.000259084	0.978788
87.0609	0.000511046	0.000257079	1.066932
86.5679	0.000971377	0.000131507	0.599791
85.3399	0.000745262	0.00013691	0.863115
87.4296	0.000774392	0.000162245	0.744357
82.2516	0.000549922	0.000259673	1.220000
92.4927	0.000630765	0.000241123	0.985806
91.7892	0.000685952	0.000196303	0.894970
92.7618	0.000863513	0.000180625	0.607294
85.7804	0.000573416	0.000226606	1.068085
87.3953	0.000655059	0.0002585	1.035714
89.5839	0.000912648	0.000173714	0.607127
81.8153	0.000888755	0.000146578	0.687872
50.7883	0.000735893	0.000193402	1.118785
81.7957	0.000952718	0.000155876	0.571368
86.3471	0.000862232	0.000223167	0.626415
90.4823	0.00078581	0.000209903	0.726873
85.2011	0.00067405	0.000137777	1.117221
88.4341	0.00087287	0.000248884	0.675991
92.6198	0.000733175	0.000136088	0.744044
91.0176	0.000618498	0.000152899	1.100987
55.2091	0.000515672	0.000159905	1.448819
85.4483	0.000964473	0.00019776	0.592405
51.2531	0.00097803	0.000134941	0.789813
88.7916	0.000694519	0.000252622	0.783918
55.1165	0.000946368	0.000188933	0.756223
53.732	0.000830304	0.000220215	0.923716
89.1178	0.000891196	0.000207019	0.658447
49.2359	0.000702151	0.000186718	1.118551
92.6898	0.000751325	0.000201202	0.736216
86.7644	0.000854923	0.000257001	0.668095
81.692	0.00068288	0.000164773	0.853571
83.8532	0.000585594	0.000192552	0.979514
50.8074	0.000803984	0.000192171	0.875443
88.6444	0.000540721	0.000176666	1.140977
86.2243	0.000839202	0.000231512	0.689346
90.4839	0.000529279	0.000158078	1.161154
81.2697	0.000539542	0.000244128	1.164151
85.2396	0.000911172	0.000212882	0.600000
93.154	0.000718286	0.000201736	0.789266
89.7736	0.000924808	0.000255126	0.645055
87.5205	0.000619501	0.000220996	0.950492
86.0601	0.00070805	0.000168669	0.850862
88.1089	0.000692552	0.000159142	0.753079
92.0054	0.000564312	0.000136558	1.164029
48.8068	0.00050596	0.000235315	1.494355
90.546	0.000537804	0.000136357	1.081887
81.8381	0.000776784	0.000222068	0.800524
89.6125	0.000713859	0.000225654	0.831339
81.3854	0.00083912	0.000160749	0.748786
53.4908	0.000708654	0.000161899	1.054441
86.7569	0.000938617	0.000156798	0.602597
82.9248	0.000855279	0.000167862	0.735952
87.1972	0.000724845	0.000134207	0.850000
81.8012	0.000506465	0.000131464	1.165462
88.8035	0.000642504	0.000164517	0.879747
85.4035	0.000756987	0.000169651	0.726613
83.8225	0.000518629	0.000183585	1.381176
91.0897	0.000835494	0.000181747	0.720195
82.6186	0.000986009	0.000206582	0.576289
92.2017	0.000633564	0.000133374	1.025641
90.217	0.000735492	0.000240533	0.732320
93.2357	0.000754479	0.00020953	0.788949
49.5118	0.000567669	0.000243704	1.368459
86.087	0.000978008	0.000169923	0.516008
84.9745	0.000848354	0.00013506	0.744125
92.1806	0.00054537	0.000214855	1.086940
52.4848	0.000894049	0.000160887	0.889545
89.0056	0.000501783	0.000223098	1.223077
90.1531	0.0006953	0.000146323	0.809649
81.6717	0.000798638	0.000210031	0.725765
83.3279	0.000639208	0.00025885	0.981529
81.2556	0.000745594	0.000239344	0.797268
51.4388	0.000892418	0.000192595	0.864009
52.5559	0.000864003	0.000196049	0.824235
52.116	0.000690372	0.000160919	1.098525
88.6098	0.000965791	0.000208227	0.578105
88.069	0.000902654	0.000257177	0.687162
92.1301	0.000876519	0.000166969	0.629234
87.3071	0.000847923	0.000136691	0.815827
92.3489	0.000728367	0.000159892	0.814763
53.6528	0.000747231	0.000140348	1.117663
88.3659	0.000885224	0.000162027	0.694253
85.4622	0.000943	0.0001356	0.583621
86.8752	0.000999548	0.000232503	0.640447
84.9577	0.000925115	0.000250626	0.634066
86.0575	0.000527073	0.00015991	1.160618
87.1886	0.000796837	0.00016922	0.729082
91.0765	0.000857832	0.000138859	0.668720
83.744	0.000817301	0.000156704	0.728607
92.8001	0.000806902	0.000253529	0.706801
88.9068	0.000916973	0.00023388	0.623947
85.4537	0.000811661	0.000207802	0.706767
92.4053	0.000988122	0.000207145	0.570165
82.1548	0.000848906	0.000157263	0.684173
84.5314	0.000867628	0.000193424	0.700937
86.3154	0.000585949	0.000196906	0.974306
93.5254	0.000927819	0.00018855	0.558643
86.0706	0.000724418	0.000169798	0.869101
92.2227	0.000703623	0.000259286	0.719653
91.8983	0.000540917	0.000136863	1.133459
53.0737	0.000966963	0.00021708	0.663025
88.2455	0.00080372	0.000188849	0.809114
91.3914	0.000755915	0.000192322	0.727151
85.3576	0.00080753	0.000137656	0.773048
88.5661	0.000580809	0.000185024	0.960489
51.6647	0.000548507	0.000185986	1.623333
90.4502	0.000857974	0.000146372	0.665166
90.0305	0.000844723	0.000258649	0.675240
88.1279	0.000806795	0.000217116	0.660201
91.7312	0.000824451	0.0001324	0.729557
86.0632	0.000603881	0.000189662	0.996633
90.6819	0.000886603	0.000152824	0.666973
86.4227	0.000849514	0.000163199	0.720335
82.899	0.000587612	0.000141782	1.140138
87.0509	0.000989106	0.000249563	0.536626
81.384	0.000731589	0.000173287	0.788579
87.3066	0.000808523	0.000131141	0.710050
82.0975	0.000531993	0.000240664	1.149425
92.796	0.00077918	0.000138632	0.786979
83.784	0.000857254	0.000167774	0.667221
92.7623	0.000650883	0.000210984	0.826875
85.9666	0.000549962	0.000196041	1.214815
93.3402	0.000841452	0.000229415	0.598792
89.9648	0.000705113	0.000187809	0.868588
85.3313	0.000625735	0.000222886	0.981169
81.5715	0.000735894	0.000245229	0.829006
54.4552	0.000934611	0.00015226	0.731087
84.1278	0.000873088	0.000223133	0.721911
89.2446	0.000880251	0.000173498	0.595612
92.1918	0.000921592	0.000210721	0.593833
89.4619	0.00056709	0.000142628	0.996416
87.6769	0.000581635	0.000190226	1.036364
81.6286	0.000805474	0.000202852	0.722727
85.8177	0.000996716	0.000165551	0.542245
89.3528	0.000626201	0.000136689	0.925974
54.7165	0.000811212	0.000254074	0.785464
91.9418	0.000590639	0.000165115	1.056701
54.4378	0.000808323	0.000243019	0.915578
86.3009	0.000895184	0.000251949	0.677955
86.2327	0.000677686	0.000251184	0.863664
92.9099	0.000939719	0.000245385	0.559827
85.4823	0.000553781	0.000214357	1.095221
86.9062	0.000576137	0.000163936	1.064664
91.6011	0.000707461	0.000163333	0.809195
88.6792	0.000879737	0.00015602	0.639261
84.7247	0.000885937	0.000132665	0.692202
90.7769	0.000765563	0.000195232	0.726525
49.3487	0.000803972	0.000145706	1.029367
90.856	0.000798884	0.000237286	0.693639
87.4438	0.000713478	0.000144955	0.939316
86.1468	0.000547743	0.000144214	1.156134
88.3583	0.000696522	0.000174584	0.771137
85.2204	0.0006137	0.000143328	1.146358
92.4059	0.000923486	0.000239257	0.558242
85.2678	0.000743754	0.000180151	0.737705
91.5938	0.000831808	0.000242417	0.647922
92.5769	0.000967912	0.000133916	0.642857
86.0539	0.000661759	0.000131251	0.976616
54.2913	0.000521478	0.00019905	1.335019
86.8071	0.00068654	0.000192622	0.914497
50.1117	0.000580112	0.00024495	1.414737
88.003	0.000833891	0.000182825	0.735122
53.741	0.000943106	0.000159702	0.710345
51.5215	0.000833158	0.000196037	1.022683
52.2186	0.000692948	0.000249229	1.087390
55.2726	0.000961731	0.000130618	0.752008
83.6602	0.000956979	0.000182877	0.665532
51.1285	0.000918203	0.000210497	0.826386
49.6585	0.000688705	0.00022084	1.192899
88.8724	0.000899703	0.000184701	0.653725
82.233	0.000610364	0.000231044	1.025000
86.7192	0.00059101	0.000233368	1.105498
90.1381	0.000633105	0.000182241	0.959164
55.9489	0.000561825	0.000185868	1.264982
87.9408	0.000885144	0.00019042	0.668046
84.4752	0.00066276	0.000239578	0.875153
92.2892	0.000929449	0.000167662	0.613974
90.3232	0.000569958	0.00016625	1.051071
84.0075	0.000623893	0.000230695	0.989251
92.9739	0.000888759	0.000223999	0.638356
87.3172	0.000741763	0.000163521	0.891781
86.4667	0.000886414	0.000147818	0.637385
54.502	0.000963193	0.000146579	0.701266
81.7367	0.000936996	0.000195142	0.604783
83.8153	0.000945384	0.000178388	0.632258
50.4715	0.000688488	0.00019822	1.006805
92.3309	0.000773262	0.000195855	0.733071
81.4346	0.000574264	0.000161944	0.982624
84.6986	0.000670072	0.000230213	0.829179
50.8653	0.00070301	0.00024059	0.931792
88.1801	0.000572451	0.000220264	0.942553
83.8477	0.000753409	0.0002509	0.751622
83.4454	0.00060765	0.000134261	0.991304
83.4387	0.000964289	0.000198359	0.551899
54.9244	0.00073264	0.000192755	1.002770
87.5281	0.000592951	0.000158002	1.032192
82.8063	0.000648577	0.000257779	0.928213
81.7462	0.000866101	0.000132783	0.626995
50.0827	0.0009155	0.000208155	0.738222
85.3653	0.000750923	0.000159936	0.768293
92.9187	0.000694964	0.000193934	0.785380
51.6077	0.000813279	0.000212436	0.914000
50.0282	0.000697044	0.000244453	1.097959
89.7271	0.000764624	0.00025594	0.751330
90.8255	0.000975986	0.000245727	0.562708
49.9503	0.000856833	0.000257423	0.769359
89.055	0.000980038	0.000142542	0.624896
92.7917	0.000903163	0.000179987	0.616180
86.5334	0.000532836	0.000226003	1.230916
82.5628	0.000984257	0.000239502	0.589050
83.5419	0.000862947	0.000135605	0.782311
81.8789	0.000644352	0.00023389	1.045110
87.5613	0.000786463	0.000179474	0.713953
55.9264	0.000863772	0.000247168	0.819529
91.7865	0.000738394	0.000229406	0.823416
89.0092	0.000698314	0.000214963	0.790116
92.3332	0.000553621	0.000243501	1.056250
49.1607	0.000876516	0.000234223	0.818330
93.0959	0.000994223	0.000177338	0.548262
90.1181	0.000935733	0.000251585	0.593478
84.5744	0.000722901	0.000248525	0.792394
53.6534	0.000668559	0.000233505	1.249240
92.4109	0.000874144	0.000155537	0.684884
81.5205	0.000608182	0.000250566	1.040468
55.0997	0.000584701	0.000206147	1.237500
84.2627	0.000967597	0.000130668	0.581092
90.7966	0.000618003	0.00014845	1.006908
85.7438	0.000846932	0.000165826	0.720673
89.1152	0.000845845	0.000169761	0.610096
88.0824	0.000685779	0.000225616	0.893175
86.4442	0.000593439	0.000218976	1.018493
83.9774	0.000973357	0.000159014	0.587238
89.0568	0.000589642	0.000180769	1.106207
92.6598	0.000978012	0.000208839	0.579002
91.9446	0.000684188	0.000151543	0.780415
52.0684	0.000896023	0.000189561	0.849660
51.1556	0.000772147	0.000135685	0.914210
53.4323	0.000926828	0.000240692	0.707237
89.692	0.000712915	0.000203926	0.776923
92.9197	0.000539015	0.000231519	1.061887
82.3559	0.000618791	0.000233679	0.988816
83.9768	0.000795222	0.000214076	0.700000
53.9264	0.000923101	0.0001451	0.737004
56.1781	0.000885288	0.000185833	0.707110
89.9761	0.000679671	0.000209331	0.856287
55.0109	0.000760272	0.000139012	0.876738
82.5368	0.000564744	0.000201783	1.143321
87.3486	0.000996684	0.000172296	0.591633
86.5267	0.000560727	0.000207177	0.933696
90.9542	0.000735041	0.000182622	0.750829
90.49	0.000907436	0.000149039	0.633333
55.0104	0.000835589	0.000162692	0.825791
81.3994	0.000738159	0.000151754	0.842975
82.7188	0.000953053	0.0001712	0.585897
85.1583	0.000635659	0.000155356	1.100641
81.714	0.00055801	0.000241667	1.146715
88.9012	0.000782377	0.000248282	0.708312
92.653	0.000725053	0.000234974	0.736134
92.618	0.000627679	0.000258511	0.886731
49.2578	0.000982363	0.000228662	0.684886
90.8231	0.000695448	0.000164335	0.952631
87.9305	0.000614229	0.000208984	1.092384
54.7206	0.000677353	0.000233363	0.971171
93.1125	0.000551319	0.000140064	1.054613
84.6494	0.000917445	0.000224345	0.574723
88.6066	0.000532815	0.000207102	1.190840
91.9208	0.000638764	0.000172793	0.981210
87.5933	0.000739515	0.000213598	0.838462
53.2346	0.000690838	0.000249638	1.121471
84.2905	0.000846755	0.000146646	0.690144
85.9119	0.000858163	0.00014881	0.699763
87.4824	0.000838011	0.000131694	0.737136
87.5427	0.00091185	0.000213946	0.623831
81.5982	0.000837985	0.000257822	0.715291
83.8904	0.000684122	0.00017115	0.841667
54.1008	0.000891937	0.000248219	0.837130
90.4468	0.000897316	0.000160659	0.593665
55.0997	0.000740593	0.000150423	0.988462
92.0702	0.000671185	0.000173653	0.856364
91.3656	0.000940489	0.000212107	0.653996
92.0644	0.000867586	0.000256013	0.654333
92.3234	0.000767221	0.000221968	0.878042
50.117	0.000637284	0.000214993	1.119808
90.1159	0.000743709	0.000190401	0.777322
52.7113	0.000894978	0.000244537	0.895227
88.3842	0.000855627	0.000252148	0.660095
91.2565	0.000707534	0.000179976	0.850000
86.5086	0.000630429	0.000144889	0.853226
92.1809	0.000973808	0.000185039	0.574948
92.4868	0.000809747	0.000224786	0.656892
89.0723	0.000565278	0.000184248	1.046763
55.1562	0.000937627	0.000213701	0.709091
54.3909	0.000898737	0.000245212	0.779638
92.6391	0.000814583	0.000136003	0.743641
52.8668	0.000749175	0.000259463	0.905962
88.0917	0.000936707	0.000162669	0.632538
83.9295	0.000518411	0.00019342	1.238431
81.384	0.000756112	0.000228362	0.769542
86.8264	0.000746658	0.000162242	0.687194
93.5173	0.000920154	0.000208196	0.627373
54.4897	0.00084515	0.000198493	0.798077
84.6398	0.000551551	0.0001672	1.118819
87.0531	0.000793875	0.00015781	0.791795
84.8767	0.000517913	0.000224166	1.103137
93.4708	0.000576409	0.000146626	1.104930
92.1432	0.00064194	0.000158148	0.918038
82.7974	0.000669217	0.000200535	1.044377
84.3461	0.000976654	0.0001584	0.564375
54.9365	0.000786799	0.00013501	1.003618
82.0594	0.000556225	0.00022617	1.135165
86.0541	0.000555949	0.000133962	1.081685
92.8092	0.000504023	0.000161057	1.112903
91.3665	0.00095653	0.000250052	0.543949
90.1498	0.000686147	0.000161169	0.764497
92.0505	0.000761713	0.000231844	0.691467
88.2627	0.000779802	0.000176156	0.695833
85.8663	0.000776345	0.000169862	0.799477
87.8614	0.000632404	0.000178458	0.884888
92.7882	0.000916318	0.000163221	0.597783
90.4339	0.000718917	0.000182581	0.846610
86.9439	0.000688215	0.000145699	0.939941
56.0439	0.000671315	0.000164706	1.034545
86.0714	0.000907433	0.000216322	0.602018
81.8616	0.000827651	0.000239972	0.678624
50.0209	0.000511408	0.000191572	1.386056
85.0585	0.000590344	0.000227556	0.946207
88.5908	0.000858524	0.000232384	0.640047
90.2647	0.000571956	0.000169357	1.015658
52.904	0.000961412	0.000197309	0.697886
49.3875	0.000761823	0.000231106	0.980214
86.3031	0.000872851	0.000239506	0.660839
91.9271	0.000512479	0.00023964	1.089286
81.7887	0.000626699	0.000242985	1.059091
50.3501	0.000549132	0.000213669	1.427037
92.5936	0.000719247	0.000174411	0.833051
87.3993	0.000887476	0.000204777	0.677574
84.0298	0.000729654	0.000221676	0.772145
92.3835	0.00065845	0.000200816	0.818210
91.9435	0.000961172	0.000217094	0.542495
85.0022	0.000692112	0.0001773	0.851176
50.156	0.00069621	0.000181749	1.094445
93.2313	0.000845557	0.000234654	0.687981
83.6	0.000879955	0.00017271	0.652656
92.4103	0.000505168	0.000194346	1.165462
53.2942	0.000964141	0.000145987	0.782067
51.8133	0.000567588	0.000203933	1.415054
54.7162	0.000677561	0.000199516	1.086186
87.078	0.000960875	0.000162875	0.597674
82.7903	0.000783099	0.000242889	0.718701
55.297	0.000825073	0.000202534	0.884236
86.2716	0.000549117	0.000153808	0.998148
90.7994	0.000582971	0.000160583	0.959582
90.5318	0.000896744	0.000159876	0.680726
91.8657	0.000779562	0.000255037	0.776823
93.1792	0.00086913	0.000223182	0.606075
81.9993	0.000881878	0.000239362	0.767436
89.7754	0.000785675	0.000163154	0.706460
82.69	0.000952306	0.000132397	0.587821
85.4556	0.000851256	0.000147089	0.738902
81.3188	0.000784645	0.000205569	0.809585
82.0462	0.000518534	0.00021222	1.133333
83.5711	0.000990221	0.00019935	0.562834
87.8645	0.000928845	0.000237523	0.626477
91.0803	0.000632474	0.000150706	0.930868
85.374	0.000727002	0.000189614	0.855462
86.1211	0.000831841	0.000208223	0.706112
48.7852	0.00072508	0.000140296	1.193820
88.9203	0.000771765	0.000202684	0.747632
86.5759	0.000981555	0.000155947	0.596066
93.6226	0.000866716	0.000245546	0.598126
92.177	0.0009229	0.000160492	0.622908
88.8054	0.00064624	0.000139253	0.872641
89.4267	0.000934221	0.000243541	0.567174
81.7705	0.00098744	0.000234995	0.563711
85.543	0.000964578	0.000154462	0.597468
86.3292	0.000524947	0.000159377	1.134496
48.8682	0.000707037	0.000238455	0.985879
49.6061	0.000553732	0.000154615	1.652941
81.9617	0.000857597	0.00024852	0.641568
49.5007	0.000846828	0.000246384	0.818510
87.8528	0.00055274	0.000218527	1.019485
85.2947	0.000597648	0.000209748	1.085714
81.9071	0.000701574	0.000201149	0.868985
86.3641	0.000972207	0.000133705	0.618619
84.2492	0.000930655	0.000177309	0.610044
81.5781	0.000786025	0.000196864	0.724611
86.8653	0.000858249	0.000244259	0.669431
85.0434	0.000874107	0.00015383	0.640465
90.6134	0.000968701	0.000157455	0.607337
83.4477	0.000667831	0.000212053	0.887500
88.2774	0.000929397	0.000137513	0.616193
91.0179	0.000707221	0.000190947	0.770115
91.3485	0.000890279	0.000147125	0.609361
88.9814	0.000504264	0.000245506	1.226613
89.9286	0.000501642	0.0001314	1.340081
51.8306	0.00091373	0.000239725	0.844989
92.1731	0.000601589	0.000215869	0.956757
83.6855	0.000761617	0.000225521	0.687166
90.182	0.00085438	0.00022321	0.625714
81.7591	0.000648983	0.000156348	0.992476
85.0653	0.000758646	0.000166178	0.783914
86.9835	0.000847013	0.000132622	0.694484
87.0426	0.00073294	0.000242222	0.752778
84.4801	0.000836766	0.000172757	0.702190
51.9245	0.000869383	0.000233358	0.936682
92.4928	0.000618445	0.00022523	0.919079
81.9176	0.000581421	0.000222213	1.002098
84.7344	0.000812864	0.000166645	0.809250
87.1884	0.000988951	0.000204614	0.512140
84.7688	0.000502663	0.000240905	1.397166
50.6104	0.000781206	0.000229101	1.016927
54.7039	0.000931231	0.000232549	0.697598
55.552	0.00058157	0.000215808	1.429371
89.3701	0.000783787	0.000179806	0.796891
55.8556	0.000568269	0.000131198	1.505000
89.8013	0.000941499	0.000184198	0.573002
84.316	0.000835885	0.000245758	0.696837
83.7935	0.000507938	0.000160942	1.321200
93.3061	0.000644542	0.000256242	0.934385
54.6986	0.000697034	0.000160603	1.057143
90.303	0.000519615	0.000193517	1.110937
91.8524	0.000765559	0.000220473	0.728117
82.5168	0.000553212	0.00016917	1.306250
93.4376	0.000930225	0.000153473	0.605677
84.5396	0.000649564	0.000245961	0.957367
52.5703	0.000964768	0.00014844	0.734737
83.6063	0.00060272	0.00015854	0.996960
89.5096	0.000703451	0.000228924	0.857514
88.6672	0.000945083	0.00022253	0.546882
83.06	0.000548499	0.000177307	1.179554
83.7177	0.000636068	0.000155081	0.994569
90.5414	0.000894831	0.000160109	0.614091
86.6017	0.000879708	0.000197583	0.674596
84.8333	0.00061716	0.000184089	1.019142
82.8169	0.000748187	0.000172803	0.873913
88.8924	0.000970984	0.000249662	0.596444
92.3515	0.000593018	0.000191465	0.968836
84.378	0.000673199	0.000203704	0.949547
52.1434	0.000625847	0.00019727	1.222078
87.3002	0.000750767	0.000134034	0.786992
84.4322	0.000659529	0.000217875	0.804630
91.5811	0.000942019	0.000146692	0.660776
91.6346	0.00067275	0.000212486	0.878852
92.1698	0.00058511	0.000142103	0.984722
90.2757	0.00060348	0.000242641	1.065656
89.6648	0.000902605	0.000203753	0.572297
91.7534	0.000777742	0.000220495	0.697389
87.9866	0.000746441	0.000248461	0.710354
54.0418	0.000574247	0.000174558	1.286170
86.5793	0.000801454	0.000207466	0.713198
54.4024	0.000504442	0.000210528	1.192339
88.294	0.000982534	0.00013436	0.592547
51.5647	0.000516799	0.000259028	1.416142
85.7451	0.000834356	0.000182802	0.729268
56.017	0.000528062	0.000248934	1.236154
85.8328	0.000858249	0.000180527	0.701896
85.6837	0.000872496	0.000130544	0.708625
86.1227	0.000867864	0.000153256	0.613583
87.5079	0.000849335	0.000216322	0.639952
92.6007	0.000983786	0.000160662	0.583058
90.6968	0.000563431	0.00017251	1.124549
93.5454	0.000503428	0.000187778	1.094758
82.28	0.00089482	0.00018324	0.582955
87.6354	0.00075819	0.000240106	0.687131
83.9333	0.000741117	0.000215329	0.870330
91.1313	0.000886085	0.000148513	0.705963
91.7211	0.00076445	0.000132206	0.813564
92.0398	0.000850609	0.000234032	0.694511
50.0378	0.000580976	0.0001536	1.791228
52.7756	0.000867327	0.000171516	0.819438
91.0055	0.000804847	0.000199536	0.759091
88.7678	0.000889208	0.000223568	0.622883
84.0173	0.000894316	0.000187884	0.660227
85.6404	0.00072101	0.000165174	0.826479
82.2013	0.00068975	0.000224906	0.835693
91.8839	0.000755055	0.000206843	0.734140
48.8699	0.00051852	0.00022209	1.404314
92.1896	0.00052389	0.000190455	1.191860
55.6888	0.000707869	0.000225454	1.100000
83.301	0.000967739	0.000235699	0.589076
87.215	0.000680876	0.000221474	0.872836
91.3398	0.000617576	0.000192268	0.848684
92.502	0.000723741	0.000171106	0.925843
86.6726	0.000805233	0.000242069	0.738131
92.0352	0.000631998	0.000175404	0.786817
51.2654	0.000878189	0.00016962	0.923380
82.689	0.000897239	0.000195932	0.670068
82.3744	0.000969048	0.000189028	0.600420
89.5444	0.000817299	0.000131289	0.705473
81.7926	0.00082856	0.000252937	0.672236
84.5926	0.000981587	0.000200226	0.509731
55.1435	0.000822794	0.0001433	0.775555
89.2967	0.000535381	0.00019271	1.271863
89.6395	0.000519547	0.000160742	1.138672
83.5177	0.000554224	0.000210853	1.104044
85.3178	0.000865124	0.000173691	0.689647
83.7075	0.000607929	0.00023037	0.972241
86.9271	0.000507833	0.000246532	1.252800
83.2135	0.000776595	0.00025871	0.713089
86.7715	0.000837961	0.000138421	0.746359
54.1093	0.000840885	0.000168462	0.957246
86.6322	0.000970309	0.000247884	0.625367
89.6946	0.000800065	0.000208284	0.705838
49.6069	0.000983511	0.000238686	0.648861
89.1861	0.000901587	0.000159506	0.637613
48.8107	0.000638561	0.000133478	1.340446
89.9763	0.000703828	0.000190636	0.823988
51.1334	0.000962571	0.000189882	0.753488
93.3891	0.000791585	0.000139346	0.679744
87.4709	0.000614494	0.00014399	1.061921
52.4683	0.000873023	0.000247415	0.768998
92.5549	0.00065316	0.000178222	0.921184
54.3102	0.000630733	0.000133299	1.315161
91.4356	0.000974832	0.000171327	0.582500
84.7919	0.000540056	0.000187481	1.355094
55.4038	0.000520884	0.000212969	1.311328
87.2896	0.000763328	0.000142582	0.785067
50.6037	0.000845083	0.000192437	0.775904
85.7802	0.000524105	0.000213713	1.275969
85.136	0.000768833	0.000144976	0.779365
87.3078	0.000618438	0.000238123	0.804934
51.3143	0.00093542	0.000184076	0.740652
87.1466	0.000989337	0.000197142	0.581519
85.4318	0.000569114	0.000163608	1.036429
50.2382	0.000641469	0.000169324	1.310159
88.7902	0.00088121	0.000139702	0.619125
82.8444	0.000732556	0.000202434	0.830556
82.5486	0.00063384	0.000201438	0.995820
81.9523	0.000956913	0.000200178	0.615957
81.6459	0.000905076	0.000160268	0.728764
88.21	0.000843354	0.000223496	0.746024
84.3426	0.000820779	0.000185026	0.736228
88.1285	0.000630019	0.000195914	0.897097
92.5782	0.000906634	0.00017278	0.589462
87.791	0.000685083	0.000191003	0.837092
53.6923	0.000920381	0.00024951	0.729581
84.166	0.000980517	0.000180268	0.592116
86.0242	0.000902492	0.000144778	0.549099
55.8066	0.000565117	0.000132953	1.223741
81.5665	0.000525462	0.00013393	1.114729
84.7347	0.00080071	0.000233701	0.707614
85.3267	0.000675411	0.000235367	0.957831
88.4801	0.000745193	0.000183125	0.703542
49.7283	0.000621543	0.000215767	1.278033
86.173	0.00093424	0.000249382	0.604357
83.52	0.000744204	0.000218443	0.823771
54.851	0.000823053	0.000163419	0.965185
92.3523	0.000635622	0.00022368	0.879872
83.9291	0.000558975	0.000257435	1.006545
85.976	0.00056103	0.000136462	1.137681
86.2332	0.000903015	0.000225684	0.635811
49.6777	0.000619933	0.00020108	1.423607
82.3339	0.000700853	0.000202097	0.860756
93.0499	0.000688313	0.000244397	0.814749
82.4041	0.000831697	0.000258968	0.713447
56.0021	0.000767321	0.000251243	0.860053
92.8208	0.000954953	0.000130039	0.627872
88.3496	0.000798933	0.000200945	0.720356
92.7978	0.000587331	0.000199368	1.051557
83.3947	0.000841663	0.000240051	0.685749
83.1819	0.000592702	0.000216093	1.085911
81.988	0.000974636	0.000142417	0.599791
85.4962	0.000951424	0.000174283	0.601496
88.0724	0.000897591	0.000231556	0.649321
84.0113	0.000688276	0.000202228	0.853254
51.2555	0.00050551	0.000175118	1.414919
86.049	0.000793525	0.000226249	0.755385
83.2475	0.000539683	0.000208417	1.133208
87.3629	0.000652625	0.00017108	0.851402
89.0147	0.000627823	0.000239277	0.928155
51.9778	0.000948911	0.000135647	0.763169
84.2873	0.000579445	0.000190461	1.053684
87.9269	0.000826301	0.000136027	0.687192
86.9968	0.000893627	0.000216947	0.614091
82.4396	0.000816256	0.0001388	0.658603
88.851	0.000725948	0.00022036	0.780392
88.437	0.00076787	0.000205731	0.735450
86.3196	0.000796899	0.000225261	0.793112
55.4293	0.00064922	0.000210048	1.053437
81.419	0.000568057	0.000198855	0.941936
48.9943	0.00088238	0.00020033	0.870737
86.9297	0.00062858	0.000259773	0.966343
85.0039	0.000777872	0.000138325	0.753927
84.2786	0.000709267	0.000218181	0.908596
81.4539	0.000808472	0.000249505	0.784635
81.9921	0.000954149	0.00025281	0.594883
87.1419	0.000678557	0.000234656	0.806886
86.6539	0.000838057	0.000166129	0.662621
89.1893	0.000953531	0.000198169	0.612367
92.7302	0.00094505	0.000239614	0.605161
49.3975	0.000562168	0.000163977	1.451087
84.4692	0.000685425	0.000200464	1.022849
89.129	0.00088108	0.000192563	0.620785
84.857	0.000816529	0.000159237	0.745137
84.271	0.000504341	0.000153845	1.395161
88.2126	0.00085279	0.000231223	0.685952
91.0652	0.000689413	0.000164714	0.870502
91.4679	0.000911334	0.000200963	0.564365
91.1908	0.000589967	0.000226714	0.980345
82.0471	0.000561837	0.000142213	1.306522
87.8038	0.000758568	0.000212292	0.754156
87.1393	0.000611809	0.000234682	0.965116
89.9433	0.000791382	0.000152356	0.736761
91.7127	0.000538396	0.000229944	1.145660
85.0445	0.000895557	0.000166766	0.581818
86.4199	0.000946784	0.000217539	0.564807
84.4575	0.000933332	0.000159355	0.643573
92.8147	0.000535278	0.000189939	1.128897
53.1741	0.000948989	0.00023983	0.662955
55.1675	0.000887514	0.00013154	0.740961
50.994	0.000735515	0.000210627	0.923481
49.8697	0.000984618	0.000188293	0.719835
83.7374	0.000697276	0.000225421	0.909330
81.4839	0.000794575	0.000144905	0.711282
83.8799	0.000789949	0.000177731	0.824485
87.2954	0.000775397	0.000208134	0.822310
86.318	0.000598968	0.000210316	1.080612
92.8925	0.000924933	0.000133286	0.591648
84.6651	0.000814127	0.000226457	0.738000
55.1852	0.000891224	0.000134709	0.782916
81.5555	0.000866422	0.000221848	0.746948
55.0409	0.000802227	0.00017632	0.867595
53.246	0.000626555	0.000233523	1.346429
93.4387	0.000761878	0.000197767	0.808267
82.279	0.000677421	0.000248785	0.950150
53.8812	0.000931259	0.000210158	0.863755
52.0285	0.000872633	0.000247533	0.762937
92.0475	0.000539242	0.000158858	1.181132
90.9548	0.000813741	0.000239898	0.704000
50.5094	0.000934144	0.000226417	0.761002
90.9869	0.000642463	0.000172275	0.956646
88.8703	0.000595268	0.000149743	0.951877
92.1079	0.000550831	0.000131864	1.080443
85.5191	0.000767725	0.00023994	0.736340
52.6206	0.000658608	0.000193589	1.133333
50.8135	0.000827595	0.000229241	0.752088
84.4083	0.00061058	0.000163236	1.012667
91.8456	0.000500047	0.000240861	1.229675
90.4393	0.000811026	0.000182002	0.741103
83.2218	0.000516839	0.00021957	1.287795
91.206	0.000538009	0.000170963	1.101887
93.0792	0.000746235	0.000153585	0.767302
81.5415	0.000642983	0.000222	1.009494
84.3093	0.000919759	0.000159724	0.676770
90.6413	0.000711112	0.000219688	0.848286
88.2993	0.000969081	0.000204459	0.601677
83.4024	0.000740912	0.000143361	0.809066
81.3146	0.000852409	0.000214672	0.700716
90.1493	0.000843612	0.000180623	0.753494
92.6942	0.0008603	0.000191323	0.634752
90.5967	0.000567864	0.000176403	1.089964
84.7722	0.000655827	0.000185187	1.019255
93.1841	0.000915982	0.000159168	0.544568
90.1433	0.000923267	0.000253049	0.570925
82.4392	0.000961949	0.000146954	0.583298
85.6637	0.000984296	0.000149976	0.489050
86.044	0.000711618	0.000168136	0.772857
82.0473	0.000998575	0.000203528	0.597352
84.5023	0.000737503	0.00019298	0.888705
49.8901	0.00071898	0.000185524	1.127195
51.4487	0.000536497	0.000237979	1.470833
55.8184	0.000992964	0.000208928	0.639877
85.3284	0.000601725	0.000189631	0.929392
89.0352	0.000593075	0.000136378	1.042123
55.9805	0.000660871	0.000161587	1.127385
87.3122	0.00071194	0.000251441	0.774286
87.8175	0.000625675	0.000168708	0.819805
92.1091	0.000868944	0.000169155	0.673131
54.8426	0.000798862	0.000254136	0.866921
89.7229	0.000933649	0.000166235	0.556427
86.1312	0.000512831	0.000236993	1.251984
82.6177	0.000723406	0.000146818	0.812394
93.4061	0.000892744	0.000159761	0.636364
54.1687	0.000607967	0.000231037	1.162876
93.5143	0.000609042	0.00015508	1.008667
85.2655	0.000997793	0.000246052	0.592464
81.3	0.000641863	0.000190409	0.940952
85.6064	0.000534497	0.000139763	1.262357
82.3793	0.000747639	0.000224657	0.773842
91.2561	0.000633351	0.000164555	1.023718
87.5648	0.000647326	0.000199033	0.906918
82.7021	0.000991581	0.000250934	0.653183
93.0143	0.000904159	0.000159236	0.619551
84.1274	0.000533651	0.000216618	1.056489
52.5968	0.000969388	0.000259397	0.641090
81.6661	0.000758085	0.00017624	0.749194
89.1533	0.000654534	0.000149328	0.987578
87.6954	0.000879277	0.000256426	0.633487
52.343	0.000803827	0.000165201	0.857722
82.727	0.000565131	0.00020379	1.241007
81.7202	0.000668576	0.000182081	1.026829
87.3394	0.000612409	0.000218617	0.968771
84.3118	0.000788937	0.000169913	0.756959
91.1949	0.000678557	0.000203578	0.805689
86.1479	0.000666876	0.000221871	0.857622
84.4525	0.000573619	0.000173232	1.085106
85.8738	0.000889159	0.000239701	0.708009
54.9252	0.000582652	0.000134908	1.227875
84.7499	0.000935401	0.000220471	0.640870
83.0539	0.000834021	0.000213193	0.662683
86.7431	0.000922739	0.000238459	0.590088
82.169	0.000675539	0.000241927	0.842169
87.8134	0.000723786	0.000132269	0.833989
50.3079	0.000938879	0.000229296	0.826407
84.9707	0.000745037	0.000168777	0.903825
55.434	0.000516889	0.000233421	1.238583
53.8624	0.000619658	0.000180601	1.165246
50.6249	0.000579242	0.000236868	1.283509
83.2986	0.000753176	0.00020297	0.798919
48.8657	0.000717795	0.00017118	1.064589
81.7439	0.000956749	0.000135826	0.614043
91.3973	0.00087116	0.000146944	0.662005
55.4282	0.000884078	0.000141175	0.770575
49.0341	0.000500124	0.000245677	1.483333
50.29	0.000857143	0.00021309	0.877435
51.1853	0.00050683	0.000138196	1.724498
89.3665	0.000617096	0.000235143	0.901316
49.2698	0.00086415	0.000166965	0.748000
89.5514	0.000731826	0.000161147	0.711389
83.9897	0.00055839	0.00018857	1.131022
82.0692	0.000589793	0.000161688	1.098965
83.7012	0.000771972	0.000135765	0.747493
88.4066	0.000855979	0.000206978	0.675059
82.6309	0.000632117	0.000177725	1.017363
