0.975277	4.135505
0.814320	12.834346
0.530228	6.587343
0.650714	5.181643
0.567941	4.792073
1.210072	6.616431
0.895789	2.690199
0.758702	3.644665
1.094393	9.547875
0.569427	4.603862
0.717273	4.969360
0.697761	6.625543
1.091288	6.566608
0.572521	2.960371
0.657812	0.945770
0.696296	7.602399
0.650107	8.262224
1.271545	6.759425
0.713776	7.845319
0.752417	1.299836
0.585041	5.050857
0.902431	5.564492
0.676724	4.437152
0.781111	3.368726
0.864329	2.760468
1.150379	2.268165
1.020681	17.515005
1.275564	5.544953
0.661135	3.630854
0.695556	4.817477
1.147794	2.592341
0.957300	2.485454
0.709138	5.392623
0.923988	3.262502
0.658629	5.916390
0.517418	5.001691
0.830747	2.413820
1.208148	1.905705
0.783933	10.863092
0.862264	5.613742
0.553111	11.087195
0.685926	5.061974
0.726582	1.635675
1.058449	8.641243
0.668692	3.715192
0.954601	2.535603
0.600436	8.209665
1.392233	17.590342
0.959211	6.905816
0.997183	11.718786
0.644667	4.224420
1.215986	5.549995
0.599353	2.989204
0.794350	4.771719
0.806354	2.271559
0.884262	4.627893
0.678147	4.436088
1.115094	15.062198
0.742145	5.021966
0.886510	3.103805
1.056333	1.594036
0.855657	2.445177
1.196997	15.577265
0.641614	8.366864
0.747090	2.426037
0.965306	16.536625
0.650564	3.102036
0.688471	4.314215
0.842440	2.251677
0.738228	8.717283
0.903591	12.618643
0.630345	7.672614
0.737342	7.633958
0.639659	2.891799
0.665826	3.050841
0.926300	1.363441
0.724416	2.217314
0.569167	3.141365
0.827708	1.629018
0.836888	3.131233
0.851130	2.052304
0.996246	3.658385
0.817204	4.118292
0.556315	6.132469
0.699781	5.953849
1.038776	5.049574
0.583652	2.285491
0.556681	5.630345
0.634716	1.170965
0.646172	6.087581
1.197610	3.416028
0.762624	4.660069
0.780769	11.225349
0.999673	1.920218
0.997674	4.356248
0.944865	16.053616
1.182784	9.287935
0.802477	1.663081
0.776056	4.184608
1.109709	2.214596
0.708458	3.234024
0.904988	13.656095
0.653511	10.753518
0.671259	3.628978
1.258730	7.504282
0.918127	4.258402
0.929006	3.365599
0.661614	4.924347
0.868615	3.620213
0.878187	3.951758
0.576774	6.456534
1.050362	6.805383
0.970030	1.774121
1.115901	5.967565
0.786230	6.972767
1.028571	5.288713
0.804986	2.857042
0.855243	8.935671
0.835598	2.236104
0.630095	5.914720
0.899709	2.716607
0.787613	4.489997
1.053448	4.289911
0.855522	1.600314
0.756264	20.447422
1.053409	1.901507
0.840059	3.145728
0.771709	3.696467
0.756122	9.046685
1.171923	6.357070
1.120149	4.628231
0.693455	7.756907
0.958806	5.300623
1.317241	4.650650
0.977428	11.600241
0.952116	17.145721
0.839818	3.767317
0.636715	6.099498
0.888427	4.133139
0.956592	3.876368
0.754324	2.181446
0.952577	8.539862
0.654865	8.247505
1.401215	2.749274
0.591820	2.807975
0.670388	7.488393
0.625111	5.840700
0.762356	2.362377
0.942761	3.007460
0.646572	1.319160
1.213174	27.251133
1.595572	18.043316
0.777961	2.366056
0.948773	3.546706
0.554048	6.725739
1.008143	9.564077
0.816459	8.690609
0.824096	3.179369
0.919000	4.073273
0.585839	1.229326
1.015517	2.885068
0.805528	12.380880
0.963574	2.785115
0.866866	3.563164
0.657750	6.300346
0.631900	4.415776
1.045603	2.133449
0.591581	4.953277
1.208865	3.097039
0.932107	3.502687
0.667696	7.397388
0.846011	3.440868
1.158363	3.708933
0.683158	7.943668
0.677230	5.043379
0.573620	5.935231
0.592569	4.243428
1.055096	9.015695
1.120132	11.945980
0.538574	2.968699
0.980528	7.491611
0.636010	7.479199
1.110078	1.076470
0.886494	1.687462
0.660550	5.182178
0.531161	2.976584
0.592149	5.615731
0.657701	6.973119
0.757732	2.604037
1.030943	8.592626
0.884900	4.136136
0.591629	2.857273
1.128112	6.256076
0.628838	2.530663
0.551250	2.814884
0.962338	14.837056
1.235165	7.650092
1.130857	16.482735
0.530655	4.856361
0.775113	11.175559
0.758739	3.047389
0.772911	5.362146
1.073285	3.639172
0.653333	5.030752
0.632518	4.465634
0.711200	2.718652
0.581838	1.281362
1.228514	6.817646
1.118216	4.443094
0.807324	2.433951
0.671302	3.070369
0.655932	4.953905
0.956748	8.420002
0.577754	1.275434
0.914653	15.636003
0.934722	2.869672
1.000714	2.631552
0.810440	3.129532
0.661234	7.631766
0.657604	7.058056
0.895782	11.592363
0.954417	6.482875
0.772682	12.163133
0.626860	6.916953
0.593920	3.355925
1.034495	6.825491
0.947041	4.027209
0.593446	3.912300
0.781870	3.239312
0.916092	3.577119
0.620682	4.233859
0.685507	18.512775
0.738338	3.254987
0.757796	3.498465
0.880893	14.881346
0.648681	6.508772
1.023667	3.400661
1.134448	1.381723
0.737714	3.236939
0.661649	5.517653
0.949015	14.410944
0.660187	1.271595
1.098239	1.625776
0.725370	2.913854
0.723581	8.450478
1.059155	4.054309
0.962617	1.833919
0.711278	3.719809
0.679427	2.974039
0.742159	3.471150
0.803937	21.657513
0.789500	17.320118
1.025337	11.087929
0.706383	2.249061
0.589241	7.863056
1.010942	3.230731
0.893642	3.991853
0.790323	3.940738
0.979933	3.514768
1.223293	10.457452
0.816750	1.629607
0.710966	4.133910
0.648941	4.343835
0.632339	3.983494
0.850692	4.780444
0.932461	14.640531
0.859214	4.407884
0.675731	2.227042
0.572138	4.754546
1.255782	12.650810
1.224303	3.958360
1.224193	10.696917
0.801108	2.474650
0.999640	3.130085
1.023569	3.103724
0.799700	3.588407
0.847041	1.739493
0.924332	3.373369
0.700860	9.128517
0.871127	10.350622
0.650339	5.912303
1.010997	5.953789
0.821958	15.477846
0.654447	5.428796
0.803014	2.172040
1.063322	1.248003
0.648235	5.079507
1.095720	6.852638
1.125843	13.087726
1.185813	14.752823
0.756642	3.085245
1.041139	5.399806
0.935891	13.404833
0.896226	2.204151
0.710118	7.930843
0.767697	3.670586
1.257634	8.878328
1.145283	5.193827
0.915094	8.204546
0.840120	3.797416
0.636674	6.060623
1.092983	5.703295
0.690862	2.145413
1.011417	2.245416
0.595982	6.235776
0.655531	1.379938
1.128462	1.275151
0.808684	3.272023
0.750372	4.926839
0.932484	3.677068
0.940067	2.798446
1.204027	1.141011
0.877287	4.207425
0.612791	4.453918
0.946313	3.353860
0.828667	22.513275
0.983095	1.907563
0.725108	21.797298
0.661697	5.293132
0.967302	7.140381
0.666584	1.703323
0.588636	5.227106
1.072256	3.782150
0.661928	3.784266
0.927604	35.023312
0.901863	3.783673
0.636607	4.258049
0.589371	5.515667
0.718432	11.506293
0.824490	3.835283
0.770207	6.568465
0.683070	9.257969
0.686558	10.247644
0.767538	6.762568
0.612827	8.656699
0.815929	3.470284
0.944000	3.088080
1.124695	13.031294
1.726022	14.096942
0.768786	3.062816
0.775900	2.821029
0.705426	1.453051
0.532298	1.339618
0.502245	3.057354
0.590506	8.039294
0.745792	5.232377
0.798618	14.806427
1.082558	2.048421
0.922275	9.571157
0.780550	4.238276
0.716667	6.163829
0.818991	1.390841
1.160345	2.054772
0.657823	4.570256
0.715789	3.705863
0.598681	4.323516
0.819730	2.887179
0.739846	6.918539
1.338194	7.177528
0.856637	3.511628
0.626492	5.255220
0.710256	2.143440
0.691260	6.276176
0.805507	5.484041
1.072028	3.797660
0.625377	3.296139
0.793784	4.012451
0.578029	1.146853
1.387402	7.311509
0.776563	5.302256
1.008696	2.839530
0.701675	3.346112
0.955255	3.444371
0.762817	4.353585
0.921779	3.927620
0.616129	4.954031
1.353612	6.336055
0.777448	2.950170
0.569792	4.196957
1.048667	1.874371
0.932581	1.901724
1.050853	3.781649
0.994089	19.906315
0.654889	6.898972
1.160563	2.340340
0.772609	25.639435
0.676316	5.783796
0.694608	6.686419
1.112153	4.627766
1.128530	14.891090
0.764990	7.245030
0.849730	2.930373
0.692694	3.529956
0.622418	4.900946
0.601502	4.795234
0.791183	13.025566
0.596599	1.388677
0.651435	8.203797
1.079221	1.842108
0.802250	17.361666
0.815988	2.305464
1.134737	1.785838
0.768056	3.765152
0.821221	2.900672
1.216733	5.807075
0.818240	9.273986
1.072364	5.571485
1.228854	6.145184
0.600425	4.545796
0.652455	5.161201
0.900321	2.133616
0.542008	5.559446
1.245791	5.584022
1.096341	21.433277
0.867617	6.102879
0.645416	6.471325
0.772951	2.879332
0.632184	4.435345
0.681693	3.057908
0.773727	2.603020
0.627912	1.578864
0.962733	4.063345
0.597868	5.471132
0.562839	5.206003
1.358519	9.019457
0.687313	6.012904
1.374832	6.976405
0.837027	3.708715
0.818333	20.042074
1.125090	2.540954
0.825676	1.887135
0.570686	6.195597
0.874376	7.060075
0.695673	3.211716
0.784348	1.973132
0.835967	3.517437
0.789855	29.632462
0.560776	5.838414
0.952215	1.654766
0.824069	2.119389
0.957091	1.485127
0.654460	8.229895
0.873876	2.974265
0.668000	6.633256
0.546352	5.908506
1.180315	8.638015
0.596882	3.034223
0.882353	3.128799
0.872425	2.530409
1.030282	1.474071
0.729745	3.071031
0.556148	2.171988
0.919417	5.238671
0.620000	7.658347
0.807584	3.066090
0.845771	9.051335
0.678733	5.194335
1.075618	7.851676
0.919453	2.358053
0.830422	1.720277
0.917957	3.776812
0.764823	10.730489
0.981440	16.616657
0.993443	21.881779
0.641242	7.836576
0.527660	4.760527
0.818697	2.610591
0.941667	2.053834
1.467050	9.428469
0.974006	4.517028
0.665302	8.113977
0.977922	3.806626
1.064445	8.277842
0.700231	4.878095
1.165462	3.400359
0.952888	3.336925
0.756522	14.547641
0.603992	11.304782
0.831461	3.131994
1.025442	6.979033
0.813514	2.833999
0.598186	4.229613
1.450000	12.867432
0.778873	19.317327
0.795750	2.846925
0.721130	4.917350
0.808242	3.498702
1.225896	3.881070
1.049624	3.507456
0.903503	1.046850
0.590369	4.008151
0.859581	1.818530
0.916667	3.283460
0.895882	3.714289
0.645666	8.866288
0.737297	3.106590
0.736294	7.732755
0.861330	10.952898
0.735971	16.874691
0.956436	2.369247
0.826344	2.879779
0.613617	11.418455
0.783051	12.586913
1.251698	3.696828
0.504752	2.543785
0.803632	15.540886
1.558498	11.085984
0.771633	2.635416
0.693750	13.483583
0.987463	2.232822
0.631435	6.253741
0.757323	15.664696
0.947170	3.478290
1.123137	2.576630
0.947849	4.166602
1.243200	1.780868
0.813595	1.681377
0.830026	3.082981
0.657871	7.412118
1.140876	2.162362
0.820821	2.822932
0.580380	2.569010
1.102778	12.249167
0.663951	6.431596
0.938835	9.105648
1.059410	5.389077
0.673333	8.751102
0.937584	5.503598
1.735317	10.809225
0.550649	1.208802
0.944086	3.865145
0.843513	3.677058
1.875926	14.500725
0.637327	3.079912
1.807170	11.885386
0.793171	5.853006
0.736983	3.126564
0.857931	9.035384
1.000941	2.574884
0.566825	6.345059
0.772727	19.655651
0.919643	4.366965
1.308097	8.614639
1.288123	10.267981
0.792082	4.050857
0.573361	5.223667
0.614256	4.630789
0.855733	2.333244
0.575714	2.398159
0.605342	4.373224
0.607350	1.237649
0.981579	2.577576
1.102253	6.446612
0.858758	13.356708
0.694988	4.025911
0.728493	3.125796
0.689583	4.240545
0.697150	5.757289
0.963768	6.914258
0.574897	2.627778
1.167279	7.205094
0.804282	7.330259
0.686936	4.911566
0.960625	5.277277
0.562358	7.852124
0.848248	2.827781
0.850980	2.409076
0.759453	9.601320
0.630716	3.064317
1.158823	4.012848
0.849526	15.733500
1.057303	9.077678
0.726316	5.315915
0.718138	1.640785
1.171804	5.457267
0.706388	4.215170
1.125911	1.910807
0.733255	7.184036
1.190645	22.288082
0.853913	4.465892
0.639750	3.440281
0.755448	3.197437
0.638958	7.003426
1.080000	1.699890
0.834943	4.319509
0.818630	4.018357
1.112013	2.302608
0.584454	4.265254
1.240418	3.299237
0.697290	3.290224
0.590389	2.950457
0.591096	6.619042
0.595506	1.097744
1.519106	4.980124
1.338663	14.151683
0.785714	2.518609
0.819714	3.202848
0.736629	6.790001
0.615269	3.010930
0.695299	17.824982
0.697143	3.954971
0.864438	4.573136
0.806997	2.712974
0.631163	4.972523
0.780441	2.114595
0.770752	2.030559
1.010289	3.280207
0.586331	6.262789
0.604785	5.327079
1.155056	2.628814
1.115517	3.741117
1.003385	10.557006
0.734545	2.744919
1.018006	3.833649
1.147945	2.229517
0.700519	3.606614
0.775318	2.651856
0.945376	8.334162
0.614519	5.785684
0.650790	3.225722
1.215328	5.357985
0.566667	1.485785
0.941191	18.769020
0.785753	2.566937
0.920533	14.440477
0.782730	3.562510
0.765934	3.011093
0.765172	2.917441
0.784639	5.266269
0.994910	2.977207
0.919878	5.264846
0.863030	1.773124
1.094569	16.698990
1.230645	1.194438
0.984512	3.408824
0.866429	12.139338
0.654865	2.702965
0.886427	1.958362
1.149219	6.204875
0.677221	1.724536
0.714039	1.138324
1.337255	8.785177
0.725132	5.084054
0.915050	3.687592
0.771831	2.850228
1.457255	21.659130
0.728000	3.471318
1.267778	6.964291
1.338000	1.588365
0.937662	2.087951
0.951333	3.383298
0.610170	1.410322
0.562105	5.762879
0.801096	4.096873
0.788611	1.970566
0.624792	3.123328
0.984615	10.819100
0.756557	2.957835
1.240952	17.134279
1.140656	10.665134
0.940952	3.411488
0.871681	2.730887
0.783969	2.058717
0.788889	6.470029
0.584876	4.972054
0.825948	2.546523
0.761202	3.781134
0.706154	2.347739
0.853448	2.849624
1.171071	2.460101
0.715285	3.372743
0.835028	1.938115
1.222672	7.595107
0.736176	1.796130
0.845652	2.455318
0.572059	6.601566
0.614428	4.379832
0.752520	1.908035
1.307782	2.173116
0.757258	2.791210
0.637947	4.582104
1.078148	10.706069
0.773913	2.239153
1.356015	8.384442
1.153543	3.148330
0.860790	3.152751
0.889143	3.595536
0.743340	5.700827
0.593412	4.853677
0.720690	22.266802
1.369804	1.352686
0.650860	2.350824
0.574947	4.105749
1.385019	5.105599
0.610129	13.052816
0.606731	6.596533
0.622785	4.613126
0.830729	8.605707
0.620215	5.034892
0.780409	3.211835
1.134957	9.375794
0.850321	3.131037
1.441935	4.550799
0.673077	2.043818
1.133544	12.061870
0.520954	2.876424
0.760055	3.749441
1.043312	2.843141
0.988782	2.764777
1.036242	4.588420
0.788770	2.601665
0.700661	5.795472
0.644730	1.773974
0.884776	3.542623
1.228409	2.776141
0.622145	6.451708
0.798947	1.844701
0.844669	3.204665
0.672727	3.789594
1.029474	3.523960
0.769973	3.019052
0.982230	3.565880
0.891379	7.219240
0.625618	4.188074
1.204348	7.338613
0.757957	10.493119
0.974623	21.031195
1.166038	2.211785
0.615333	9.502254
0.704208	4.567590
0.868264	2.490971
0.647712	2.574341
0.583573	2.672949
1.180075	3.175027
0.687621	4.772203
0.632093	5.632019
0.685011	8.133574
0.523291	7.514506
0.573750	7.687475
0.681687	9.807638
0.915605	2.727118
1.170968	7.992205
0.843413	6.399836
0.673148	8.335424
0.573950	2.375950
0.649790	4.276135
0.996262	4.315450
0.797935	1.729514
0.818052	3.236576
0.572505	1.213222
1.019850	2.954241
1.038148	1.873875
1.155078	9.803029
1.470903	15.581268
0.776860	3.273039
1.538346	9.867517
1.095891	2.454917
1.396825	7.093408
0.661538	4.116574
0.645221	4.850609
0.568820	5.923371
0.670824	1.593199
1.140143	3.804914
0.779224	2.766053
0.948442	7.976144
0.707473	6.098548
1.088119	2.112454
0.773626	2.015608
0.786667	2.191121
0.657576	4.509119
0.737241	5.262298
0.776543	7.451383
0.836785	11.323550
0.527579	4.591827
0.767378	2.220307
0.778729	3.022806
1.160465	4.220345
0.686992	7.699725
0.662981	5.040711
0.748813	3.730241
0.757060	2.562960
0.943536	12.174555
1.013158	1.547942
0.951839	5.164050
0.778192	2.471956
0.847507	3.426697
0.635639	7.107617
1.188108	7.403365
0.786353	6.738087
1.156727	3.588171
1.080556	5.306870
1.083039	1.209961
0.939803	4.147720
1.174675	16.539936
0.699515	3.379677
0.737137	13.044563
0.558925	4.792067
0.870909	3.040448
0.620476	2.877078
1.065495	3.937482
0.670270	4.223467
0.615919	3.019863
0.876471	3.536626
1.010943	2.252109
0.625682	5.262006
0.568943	2.954032
0.856652	9.925631
0.938929	9.284372
0.724629	10.001097
1.161649	3.189708
0.992877	27.196482
1.065603	1.696020
0.853352	2.656857
0.744149	3.804273
0.972638	2.909547
1.013793	6.354070
1.161482	2.357440
0.685507	8.608600
0.896748	3.255690
0.707692	6.959807
1.010544	3.096822
0.941189	19.960735
1.259449	2.140515
0.778534	7.890617
1.091459	4.553833
0.734442	3.266504
0.595110	3.854427
1.044333	1.304241
0.630297	3.079007
0.762113	5.501968
1.393359	9.793994
1.242587	10.829987
0.792758	3.884429
1.047020	3.707931
0.694737	2.570022
0.955254	2.916857
0.699240	2.173500
0.657426	5.159666
0.761274	4.209123
1.509195	16.026711
0.642986	3.494501
1.211746	15.096944
0.754524	3.463887
0.781522	2.988503
0.882687	3.925544
1.502642	12.112534
0.666463	6.920067
0.771059	17.106876
0.826625	2.725967
0.618138	3.716581
0.837037	3.134982
0.712141	1.662274
1.006069	4.054113
0.906017	4.183517
0.597229	3.034683
1.127302	4.297171
0.799396	3.235829
0.666505	7.216096
0.855216	15.900007
1.350403	4.303802
1.112745	16.026550
1.016955	4.287618
1.071174	2.916509
0.879048	4.233531
0.912104	2.753681
0.601157	1.231759
1.225435	6.285249
0.554678	7.247935
1.357037	7.920205
1.145364	4.214645
0.997199	20.290789
0.574017	1.749170
1.066221	3.041231
0.874540	2.910502
0.666667	3.011523
0.593377	2.762836
0.862883	4.068101
0.572041	5.506021
1.064912	3.542880
0.892347	15.788280
0.975786	3.153825
1.102231	1.956491
0.860950	13.845564
0.957372	3.915010
0.677020	4.309872
0.695285	7.501952
1.385315	9.528364
0.934821	6.694875
0.636047	5.447550
0.869053	14.647708
1.173065	17.049911
1.100730	1.395137
0.584868	8.094435
0.912013	3.849534
1.251191	6.151029
0.696759	8.162142
0.651559	3.263877
0.586530	4.787410
0.724221	5.604495
1.034181	10.989282
1.250598	2.640543
0.719035	2.044785
0.799475	3.352453
0.746588	10.908403
0.602083	3.618816
0.589852	5.082799
0.616629	2.932312
0.864615	3.806500
0.657975	3.829814
0.717568	1.691234
0.859509	2.345987
0.630022	7.702941
0.812426	1.912747
0.797975	11.610963
1.504263	5.891521
1.187755	19.827337
1.034843	5.234393
0.938739	2.244015
0.790991	2.029552
0.732737	4.993905
0.827933	1.549331
0.640177	3.151737
0.615251	3.161022
0.705793	4.180759
0.669576	4.361806
0.753125	4.701579
0.760587	17.055504
0.902524	4.986242
0.740369	10.214203
0.768597	16.069965
0.930155	15.197100
0.671564	6.348500
0.622382	5.519984
0.979214	8.108809
0.576180	5.318733
0.777429	2.485978
0.746729	6.942126
1.030633	8.288532
0.881505	2.768576
0.937993	1.604014
0.683810	4.003748
1.254072	8.326872
1.281641	3.167788
1.044281	2.074729
0.740556	3.408617
1.004386	11.619441
0.747210	10.062644
0.900337	2.877730
0.709021	6.846417
0.690729	16.417761
0.718220	9.169643
1.024399	2.036938
1.236905	5.953536
0.730294	2.799751
1.338007	12.987361
0.622247	6.261414
0.652693	7.823218
0.934118	2.228609
1.508302	9.039754
0.579755	1.340387
0.692086	1.892231
0.777929	3.266116
0.870764	4.593217
1.290385	14.361893
1.129889	5.817443
0.849860	2.992408
1.627799	13.135959
0.908387	3.672223
1.042182	2.159657
0.763081	3.512665
0.867076	13.702497
0.944509	1.976053
0.541020	3.578386
0.599588	3.575233
0.654348	4.482604
0.839433	8.091890
0.825201	2.770816
0.626778	7.881581
0.702222	11.679263
0.554008	5.868850
0.898863	2.038256
0.647194	4.407505
1.017714	6.763887
0.919931	3.542221
1.163604	3.137177
1.345600	2.953115
0.732178	4.369829
1.012426	18.412830
0.621019	3.710263
1.206769	6.845248
0.779351	4.590345
0.643678	8.398015
0.771739	3.306925
0.721392	4.402372
0.719839	5.869363
0.717413	4.205947
0.800636	14.925815
1.145627	5.370332
0.997753	2.099420
1.287023	5.760927
0.743041	5.847764
0.756305	3.571905
1.137500	3.290182
1.233840	4.343798
0.800236	16.040493
1.618092	14.661407
0.696860	3.469781
1.031596	1.921021
1.252206	2.925274
0.596115	4.118788
0.898374	27.011053
0.909880	4.095858
0.842667	4.186103
0.695792	10.844989
0.954487	2.020663
1.027945	6.466112
0.708651	12.321061
1.017377	4.571610
0.769211	5.560953
0.745013	4.292020
1.032268	3.517192
0.797521	3.250862
1.203676	9.723736
0.641266	4.906919
0.595701	5.472608
1.233597	5.608194
0.671765	3.421972
0.665023	4.416898
0.576856	6.229194
0.894194	2.305029
1.181176	3.594405
0.848712	15.475519
1.090541	4.811623
0.556838	9.020425
0.564770	2.434950
0.679691	3.649773
1.002192	4.461120
0.604918	4.256295
0.971280	5.983822
1.001656	2.670341
0.587615	6.000912
1.098885	3.713714
0.801807	4.250403
1.092199	5.483005
0.959215	3.783395
0.770046	20.702808
0.691117	3.944319
0.806957	3.539405
1.026059	2.573824
0.626439	3.213199
1.109127	7.007478
0.868254	1.960973
0.705189	1.490789
0.905145	12.533694
1.094096	3.154032
0.977359	6.349791
0.635338	7.185287
0.889535	3.627715
1.177109	10.050630
0.661381	4.279556
0.919481	1.842445
0.814628	5.328614
0.684504	5.264075
0.678261	6.740775
1.053025	4.306479
1.108130	12.305246
0.961875	2.635105
0.750255	4.012246
0.940061	1.610954
0.538511	7.350174
0.959327	3.504382
1.195484	8.521078
1.107166	1.321108
0.947436	2.806772
0.685749	1.847944
0.847239	2.686575
0.635426	4.665370
0.977104	1.387673
0.851756	18.969584
0.645305	4.715258
0.931908	3.320736
0.887324	2.858453
0.599339	4.451725
0.610799	3.783184
1.249798	1.967098
0.695094	5.695160
0.755932	2.382252
0.798892	2.737185
0.974760	11.218640
0.712564	3.597108
0.780214	3.143143
0.791250	3.859588
0.842137	2.093200
1.142756	6.815473
0.609190	3.170183
0.685025	2.828981
0.804802	21.732361
0.665158	11.331093
0.761954	2.023517
0.701208	2.179839
1.019149	2.984430
1.208130	5.950032
1.003670	11.917780
1.093104	4.294934
0.841936	1.555071
0.589559	5.391915
1.242969	3.462247
0.703403	4.210178
0.824468	4.326213
0.787180	22.184841
0.834180	7.373894
0.872705	1.962638
1.050515	2.059788
0.638248	4.801580
0.674246	6.245793
0.739368	2.922785
0.998611	5.278911
1.380000	9.913189
1.003716	2.023268
1.108434	10.235266
0.717574	1.167357
0.677034	8.259195
0.891428	2.629052
0.773771	1.954437
1.010336	7.092960
0.698137	6.963126
0.587281	6.012359
0.649500	6.551415
0.866154	1.806565
0.718792	12.660165
1.149158	1.808280
0.803150	3.950146
0.784807	3.289501
0.684928	3.728407
1.058088	2.664002
0.534924	2.144277
0.634368	11.186469
1.169020	1.936361
0.903040	3.873291
0.841292	6.106969
0.827586	25.170296
1.140714	4.909778
0.718588	2.880299
0.935514	2.309922
1.360432	11.652258
1.193667	16.923044
0.910625	2.303744
0.743595	14.254427
0.595749	2.504167
0.608756	1.477478
0.953242	2.055405
0.764640	5.130586
0.623593	3.276230
1.044948	2.498296
0.784615	10.025124
0.707362	4.280618
1.054313	2.122019
0.807865	1.872376
0.668261	9.271372
0.820331	19.950563
0.719949	3.582186
0.769972	4.337583
0.666522	6.168823
1.066171	4.713172
0.808928	3.666175
0.555342	5.049184
1.127148	4.907382
0.721411	3.950431
0.605752	5.250651
0.770487	4.600718
0.712814	2.131387
0.637260	8.465804
0.855864	2.175438
0.932386	4.771165
1.455294	3.713487
0.931515	3.751479
0.892915	8.571933
0.720859	5.118345
1.242808	10.059793
1.116107	2.012063
1.054676	10.697701
1.034483	1.097775
1.150000	5.160195
0.548875	2.533076
0.782738	4.008531
0.856716	22.258249
0.926846	3.362187
0.990698	3.437977
0.919608	2.456807
1.096000	10.864621
0.681116	4.757966
0.951039	5.123196
1.263846	7.792220
0.784164	3.223357
0.931367	6.280757
1.045455	4.135192
0.824776	3.631700
0.799756	5.298531
0.746575	2.903045
0.786555	1.427621
1.343496	6.793821
0.685510	6.374036
0.935034	1.642854
0.955650	18.117413
1.214717	2.353399
0.682993	3.093099
1.423420	14.973425
0.626292	5.205482
0.658741	5.190219
1.005147	4.630141
0.693316	8.351952
0.912303	2.950233
0.913269	3.610851
0.577778	5.789554
1.274725	7.902239
1.003571	2.113902
0.871429	16.532127
0.909158	24.503912
0.773913	4.377604
0.990037	1.602443
0.868817	11.096901
1.219713	17.629833
0.799468	2.789836
0.754762	3.089037
0.777916	1.733527
0.672099	9.208735
0.734286	3.821487
0.636650	6.795659
0.870056	4.333856
0.710373	9.091335
0.943730	3.009002
0.725337	2.867453
0.583716	4.731236
0.734127	4.734661
0.608524	3.301237
0.914328	5.008617
0.627478	7.572852
0.660491	3.622796
0.645392	4.019170
0.881865	14.292842
0.587942	4.069381
1.246479	6.542058
0.676892	8.176592
0.664833	1.362672
1.316350	4.050854
1.425403	4.825115
0.845223	1.926889
1.094654	1.329283
0.860957	15.342537
0.697794	3.970731
1.397710	11.934123
1.098431	3.292068
0.818414	4.716986
1.072381	1.971380
0.769324	12.173617
0.674633	2.582283
1.106738	4.335522
1.110902	3.311067
0.765915	4.756871
0.564208	6.929690
0.740695	1.683592
0.812085	6.800508
1.284884	2.204234
0.622951	4.577329
1.381387	6.904828
1.070609	3.907210
0.907735	1.917873
0.557084	7.717127
0.685500	3.606910
0.913333	1.604835
1.199620	1.956965
0.880303	2.219771
0.896979	2.298348
0.643450	2.611775
0.750396	3.416205
0.978788	1.796299
1.066932	3.724151
0.599791	4.291291
0.863115	1.981359
0.744357	3.479888
1.220000	3.417833
0.985806	3.298975
0.894970	1.660236
0.607294	3.467657
1.068085	2.614262
1.035714	2.450475
0.607127	7.517739
0.687872	1.429230
1.118785	14.453531
0.571368	3.368217
0.626415	6.668144
0.726873	4.040053
1.117221	3.551485
0.675991	3.289981
0.744044	3.567017
1.100987	5.428115
1.448819	5.726494
0.592405	2.789729
0.789813	10.474202
0.783918	5.039266
0.756223	4.050175
0.923716	14.460071
0.658447	3.457397
1.118551	22.162703
0.736216	6.277875
0.668095	3.394910
0.853571	3.919954
0.979514	3.958501
0.875443	6.255732
1.140977	11.332136
0.689346	4.789279
1.161154	3.387164
1.164151	8.729036
0.600000	6.547339
0.789266	3.045242
0.645055	5.399636
0.950492	2.787054
0.850862	4.157562
0.753079	2.904313
1.164029	1.787966
1.494355	6.054071
1.081887	5.412468
0.800524	3.811770
0.831339	4.453811
0.748786	3.785165
1.054441	9.443172
0.602597	10.646788
0.735952	5.595945
0.850000	2.905084
1.165462	7.214387
0.879747	3.019170
0.726613	2.440147
1.381176	2.097029
0.720195	7.599368
0.576289	4.206922
1.025641	8.961271
0.732320	2.154537
0.788949	6.882723
1.368459	7.541995
0.516008	5.398140
0.744125	7.099568
1.086940	3.302825
0.889545	8.929197
1.223077	8.535744
0.809649	3.000569
0.725765	3.334193
0.981529	2.424991
0.797268	3.444001
0.864009	21.262438
0.824235	7.730939
1.098525	6.215324
0.578105	7.049838
0.687162	3.187248
0.629234	4.621576
0.815827	5.976119
0.814763	4.965798
1.117663	4.178666
0.694253	3.511665
0.583621	6.437877
0.640447	3.017437
0.634066	6.232233
1.160618	1.178206
0.729082	3.076921
0.668720	7.175851
0.728607	4.125156
0.706801	4.907244
0.623947	1.653505
0.706767	6.573277
0.570165	3.189153
0.684173	4.746643
0.700937	2.888071
0.974306	2.270077
0.558643	5.153221
0.869101	3.520314
0.719653	2.968907
1.133459	6.525434
0.663025	8.798257
0.809114	3.372459
0.727151	2.137868
0.773048	2.659675
0.960489	3.168494
1.623333	11.866589
0.665166	8.691542
0.675240	7.424135
0.660201	7.123762
0.729557	3.326959
0.996633	2.527906
0.666973	5.487385
0.720335	6.107420
1.140138	6.919281
0.536626	5.819175
0.788579	2.370453
0.710050	5.722133
1.149425	6.344829
0.786979	6.618552
0.667221	6.527689
0.826875	3.388748
1.214815	2.171390
0.598792	4.443219
0.868588	4.571662
0.981169	1.520735
0.829006	3.802858
0.731087	17.573427
0.721911	3.113254
0.595612	3.322406
0.593833	3.009591
0.996416	2.667745
1.036364	2.113650
0.722727	3.036053
0.542245	6.428842
0.925974	4.862584
0.785464	17.206610
1.056701	1.764261
0.915578	22.431328
0.677955	4.304188
0.863664	2.347970
0.559827	4.145364
1.095221	3.390959
1.064664	5.171391
0.809195	4.427901
0.639261	5.124454
0.692202	10.279178
0.726525	4.077723
1.029367	16.384974
0.693639	3.852408
0.939316	2.038847
1.156134	8.335859
0.771137	4.826804
1.146358	4.831458
0.558242	2.545812
0.737705	3.326944
0.647922	10.153151
0.642857	3.675825
0.976616	5.750255
1.335019	5.996517
0.914497	4.062414
1.414737	6.036721
0.735122	5.635449
0.710345	8.631414
1.022683	16.913418
1.087390	13.503693
0.752008	6.724164
0.665532	9.205605
0.826386	6.710219
1.192899	7.394879
0.653725	4.597120
1.025000	5.398986
1.105498	2.766372
0.959164	2.419912
1.264982	19.664921
0.668046	3.750207
0.875153	3.214843
0.613974	3.036027
1.051071	2.682064
0.989251	1.794233
0.638356	1.351960
0.891781	2.381255
0.637385	1.986764
0.701266	12.788051
0.604783	2.793439
0.632258	5.266938
1.006805	8.163404
0.733071	5.667628
0.982624	3.389711
0.829179	3.132104
0.931792	11.778028
0.942553	2.397628
0.751622	2.500942
0.991304	6.035330
0.551899	3.185538
1.002770	12.892550
1.032192	2.577858
0.928213	2.925171
0.626995	6.452676
0.738222	23.106852
0.768293	1.943412
0.785380	4.084495
0.914000	6.272836
1.097959	10.277639
0.751330	3.247859
0.562708	1.513974
0.769359	11.282647
0.624896	9.725945
0.616180	7.124843
1.230916	4.793842
0.589050	3.051649
0.782311	4.524516
1.045110	1.444318
0.713953	2.282351
0.819529	15.822840
0.823416	4.027134
0.790116	2.615100
1.056250	3.277231
0.818330	10.633306
0.548262	3.930310
0.593478	5.519257
0.792394	1.973719
1.249240	13.021341
0.684884	9.744414
1.040468	3.428371
1.237500	11.070517
0.581092	4.891617
1.006908	4.069105
0.720673	5.735711
0.610096	7.442566
0.893175	3.280221
1.018493	2.650833
0.587238	4.567131
1.106207	3.119939
0.579002	2.832286
0.780415	2.804431
0.849660	11.417550
0.914210	15.837502
0.707237	7.672521
0.776923	2.819691
1.061887	2.202592
0.988816	3.362161
0.700000	1.995267
0.737004	8.433399
0.707110	20.862423
0.856287	4.472705
0.876738	8.526323
1.143321	1.792176
0.591633	2.610779
0.933696	4.906377
0.750829	4.681906
0.633333	4.513704
0.825791	24.708164
0.842975	1.697888
0.585897	2.948033
1.100641	2.301743
1.146715	4.299696
0.708312	3.584411
0.736134	3.505857
0.886731	4.522350
0.684886	17.897535
0.952631	2.417098
1.092384	7.530469
0.971171	18.292191
1.054613	5.488318
0.574723	5.289276
1.190840	1.912989
0.981210	3.635991
0.838462	2.123771
1.121471	8.599113
0.690144	5.958659
0.699763	8.064558
0.737136	5.260673
0.623831	2.845848
0.715291	2.263168
0.841667	4.221692
0.837130	5.059360
0.593665	6.594204
0.988462	20.350458
0.856364	3.923049
0.653996	6.812232
0.654333	2.845736
0.878042	3.027770
1.119808	13.156674
0.777322	1.819428
0.895227	15.992986
0.660095	5.545186
0.850000	6.196622
0.853226	3.620026
0.574948	2.750262
0.656892	7.072897
1.046763	3.003982
0.709091	11.269003
0.779638	5.521388
0.743641	6.336208
0.905962	12.854088
0.632538	2.883854
1.238431	8.098957
0.769542	4.427786
0.687194	3.441996
0.627373	9.960483
0.798077	11.499264
1.118819	6.006633
0.791795	4.221428
1.103137	5.875913
1.104930	4.427388
0.918038	3.810935
1.044377	2.808566
0.564375	4.027155
1.003618	4.575516
1.135165	7.581113
1.081685	4.973455
1.112903	2.086769
0.543949	2.775684
0.764497	4.998868
0.691467	5.639038
0.695833	3.663712
0.799477	3.084371
0.884888	3.194330
0.597783	1.128690
0.846610	3.901212
0.939941	2.974128
1.034545	17.732248
0.602018	6.711234
0.678624	2.429469
1.386056	12.365234
0.946207	1.429982
0.640047	7.681036
1.015658	2.739236
0.697886	8.646287
0.980214	20.547144
0.660839	6.091573
1.089286	2.726668
1.059091	2.838572
1.427037	11.222143
0.833051	2.316790
0.677574	6.301281
0.772145	1.826357
0.818210	3.089086
0.542495	5.853852
0.851176	4.469376
1.094445	8.304835
0.687981	4.720466
0.652656	8.842766
1.165462	3.232556
0.782067	11.281274
1.415054	7.579141
1.086186	4.768111
0.597674	4.593932
0.718701	1.939889
0.884236	22.111687
0.998148	6.097800
0.959582	5.495928
0.680726	6.213158
0.776823	8.671836
0.606075	4.322455
0.767436	4.407091
0.706460	4.273597
0.587821	2.778506
0.738902	7.503638
0.809585	3.405318
1.133333	12.133295
0.562834	1.901116
0.626477	2.412958
0.930868	4.109239
0.855462	2.640449
0.706112	3.318211
1.193820	6.196086
0.747632	6.210689
0.596066	8.325369
0.598126	3.189342
0.622908	3.999860
0.872641	2.791512
0.567174	3.106997
0.563711	3.074388
0.597468	5.327712
1.134496	2.113051
0.985879	5.266440
1.652941	8.618949
0.641568	3.706798
0.818510	19.503241
1.019485	3.819193
1.085714	3.890527
0.868985	3.867733
0.618619	8.661167
0.610044	1.724189
0.724611	3.222362
0.669431	6.235561
0.640465	4.917835
0.607337	4.547001
0.887500	2.998382
0.616193	4.452631
0.770115	4.405683
0.609361	4.195191
1.226613	6.816092
1.340081	1.501135
0.844989	12.250219
0.956757	5.183509
0.687166	4.041583
0.625714	1.659257
0.992476	2.390129
0.783914	3.458309
0.694484	1.794537
0.752778	3.550880
0.702190	5.464902
0.936682	11.865402
0.919079	1.275314
1.002098	1.391993
0.809250	2.890990
0.512140	2.522674
1.397166	2.414203
1.016927	16.611401
0.697598	12.512712
1.429371	5.570933
0.796891	3.587033
1.505000	14.209004
0.573002	4.673664
0.696837	1.872134
1.321200	10.729218
0.934385	2.914249
1.057143	16.767704
1.110937	6.494013
0.728117	6.642407
1.306250	6.528419
0.605677	4.839428
0.957367	3.098212
0.734737	17.013338
0.996960	2.508717
0.857514	2.026896
0.546882	5.208657
1.179554	4.486678
0.994569	2.055459
0.614091	4.648787
0.674596	4.452049
1.019142	1.104309
0.873913	3.509947
0.596444	4.367727
0.968836	2.152894
0.949547	1.502346
1.222078	23.481369
0.786992	2.007204
0.804630	6.357314
0.660776	5.326468
0.878852	4.705257
0.984722	4.042600
1.065656	6.490823
0.572297	5.355804
0.697389	7.144629
0.710354	2.947735
1.286170	6.411346
0.713198	2.508656
1.192339	6.217461
0.592547	2.504858
1.416142	13.778078
0.729268	6.921374
1.236154	6.314442
0.701896	5.891418
0.708625	2.023273
0.613583	3.210144
0.639952	5.799548
0.583058	7.864519
1.124549	4.512503
1.094758	6.099516
0.582955	7.016077
0.687131	2.584626
0.870330	3.718237
0.705963	7.314942
0.813564	7.035549
0.694511	4.885026
1.791228	7.197649
0.819438	20.694384
0.759091	3.792229
0.622883	4.874768
0.660227	6.782238
0.826479	3.052011
0.835693	2.904680
0.734140	2.730585
1.404314	9.466227
1.191860	8.674621
1.100000	13.619028
0.589076	6.735737
0.872836	1.443556
0.848684	3.614653
0.925843	4.669768
0.738131	3.282548
0.786817	1.867503
0.923380	21.021463
0.670068	4.516904
0.600420	6.438404
0.705473	9.050600
0.672236	3.697255
0.509731	4.087006
0.775555	16.289221
1.271863	7.152152
1.138672	8.719767
1.104044	5.388570
0.689647	5.045320
0.972241	2.525411
1.252800	2.070784
0.713089	3.681023
0.746359	1.713994
0.957246	15.596504
0.625367	4.256856
0.705838	5.692278
0.648861	8.478006
0.637613	7.548772
1.340446	12.973742
0.823988	1.869819
0.753488	10.875157
0.679744	4.541315
1.061921	1.812255
0.768998	15.858800
0.921184	1.899372
1.315161	10.796870
0.582500	6.097345
1.355094	5.984091
1.311328	3.976710
0.785067	3.279343
0.775904	25.971655
1.275969	6.756139
0.779365	2.453815
0.804934	3.895968
0.740652	13.461276
0.581519	4.434587
1.036429	5.001369
1.310159	9.283946
0.619125	5.237912
0.830556	6.441513
0.995820	2.687775
0.615957	7.736567
0.728764	5.087871
0.746024	4.810121
0.736228	2.048097
0.897097	4.062117
0.589462	6.706805
0.837092	2.136503
0.729581	17.635754
0.592116	4.410728
0.549099	8.663725
1.223741	11.849546
1.114729	8.536436
0.707614	3.428119
0.957831	4.662685
0.703542	3.003232
1.278033	8.122629
0.604357	2.599658
0.823771	2.397710
0.965185	22.055086
0.879872	3.023141
1.006545	4.301209
1.137681	5.489826
0.635811	5.772656
1.423607	12.115393
0.860756	4.020860
0.814749	4.392860
0.713447	4.134778
0.860053	20.177969
0.627872	2.786245
0.720356	3.860240
1.051557	3.147441
0.685749	2.223628
1.085911	1.401411
0.599791	3.361533
0.601496	5.958951
0.649321	8.067696
0.853254	3.715949
1.414919	10.349372
0.755385	2.234916
1.133208	5.198087
0.851402	2.852826
0.928155	6.843190
0.763169	4.051181
1.053684	7.605723
0.687192	4.469779
0.614091	5.152422
0.658603	2.948735
0.780392	1.793066
0.735450	2.602401
0.793112	2.974616
1.053437	10.519111
0.941936	6.746545
0.870737	16.967041
0.966343	2.023401
0.753927	3.831398
0.908596	1.821276
0.784635	5.916715
0.594883	1.534191
0.806886	3.408599
0.662621	4.415992
0.612367	1.545490
0.605161	3.903267
1.451087	5.884919
1.022849	2.686972
0.620785	3.045347
0.745137	3.672878
1.395161	2.712531
0.685952	4.715871
0.870502	2.312235
0.564365	1.659328
0.980345	2.413362
1.306522	6.313354
0.754156	1.780299
0.965116	2.606777
0.736761	4.403691
1.145660	1.180930
0.581818	8.727854
0.564807	8.960420
0.643573	4.890445
1.128897	3.379903
0.662955	11.591303
0.740961	23.849068
0.923481	18.491980
0.719835	16.409286
0.909330	3.846066
0.711282	2.810983
0.824485	1.833327
0.822310	2.488493
1.080612	2.219550
0.591648	5.414714
0.738000	5.577489
0.782916	12.650089
0.746948	1.427748
0.867595	12.925694
1.346429	7.862214
0.808267	2.049410
0.950150	4.097319
0.863755	13.881134
0.762937	8.634252
1.181132	4.285728
0.704000	7.199725
0.761002	15.427963
0.956646	3.330839
0.951877	7.783241
1.080443	2.309529
0.736340	3.221126
1.133333	15.685768
0.752088	17.102325
1.012667	2.281425
1.229675	3.627690
0.741103	5.543768
1.287795	8.998257
1.101887	4.012465
0.767302	2.091246
1.009494	2.858604
0.676770	5.432541
0.848286	3.413696
0.601677	6.753400
0.809066	5.779431
0.700716	4.194323
0.753494	5.460330
0.634752	1.549231
1.089964	2.690281
1.019255	2.730070
0.544568	1.753783
0.570925	5.232933
0.583298	4.799794
0.489050	2.681332
0.772857	4.034026
0.597352	10.103226
0.888705	2.239321
1.127195	7.469566
1.470833	8.175937
0.639877	6.473201
0.929392	1.927038
1.042123	2.597366
1.127385	16.902832
0.774286	2.083164
0.819805	3.103583
0.673131	2.448365
0.866921	18.155657
0.556427	4.733014
1.251984	1.763846
0.812394	7.288393
0.636364	6.744022
1.162876	9.803985
1.008667	1.658409
0.592464	3.186167
0.940952	1.153765
1.262357	2.704996
0.773842	2.128983
1.023718	6.515768
0.906918	2.804685
0.653183	6.528967
0.619551	4.604671
1.056489	3.448644
0.641090	7.368480
0.749194	3.375913
0.987578	3.984463
0.633487	4.605907
0.857722	13.905260
1.241007	3.744852
1.026829	3.835331
0.968771	4.460476
0.756959	2.179585
0.805689	5.301141
0.857622	2.461147
1.085106	5.065194
0.708009	3.026469
1.227875	26.863825
0.640870	6.682586
0.662683	2.105972
0.590088	4.409497
0.842169	3.099052
0.833989	3.475417
0.826407	7.477351
0.903825	3.437470
1.238583	6.399627
1.165246	6.503644
1.283509	11.454843
0.798919	4.138978
1.064589	13.222270
0.614043	6.970552
0.662005	6.311885
0.770575	12.783858
1.483333	10.991252
0.877435	25.153580
1.724498	11.735179
0.901316	2.320586
0.748000	15.484922
0.711389	3.581238
1.131022	4.263863
1.098965	3.397149
0.747493	4.008039
0.675059	7.034386
1.017363	2.224357
