1.154554	0.975277
0.954433	0.814320
0.897041	0.530228
0.912737	0.650714
0.906960	0.567941
1.184278	1.210072
1.114020	0.895789
1.018487	0.758702
1.066880	1.094393
0.873554	0.569427
0.940774	0.717273
0.984114	0.697761
1.171246	1.091288
0.883514	0.572521
0.926603	0.657812
0.948123	0.696296
0.929236	0.650107
1.256378	1.271545
0.966411	0.713776
1.000679	0.752417
0.891060	0.585041
1.118006	0.902431
0.894081	0.676724
1.019615	0.781111
1.087685	0.864329
1.198402	1.150379
0.978376	1.020681
1.205610	1.275564
0.879176	0.661135
0.935356	0.695556
1.204624	1.147794
1.040447	0.957300
0.959648	0.709138
1.101879	0.923988
0.965901	0.658629
0.849846	0.517418
1.021223	0.830747
1.219101	1.208148
0.918821	0.783933
1.078578	0.862264
0.885602	0.553111
0.954460	0.685926
0.969222	0.726582
1.024890	1.058449
0.965504	0.668692
1.105150	0.954601
0.930972	0.600436
1.066475	1.392233
1.131004	0.959211
1.007568	0.997183
0.899397	0.644667
1.130063	1.215986
0.880625	0.599353
1.059762	0.794350
1.035732	0.806354
1.098601	0.884262
0.938853	0.678147
1.057590	1.115094
0.983550	0.742145
1.073077	0.886510
1.136497	1.056333
1.038033	0.855657
1.064623	1.196997
0.899570	0.641614
0.988175	0.747090
1.014460	0.965306
0.938387	0.650564
0.975513	0.688471
0.989300	0.842440
0.950621	0.738228
1.031197	0.903591
0.929523	0.630345
0.868544	0.737342
0.887680	0.639659
0.901072	0.665826
1.098168	0.926300
1.003943	0.724416
0.915358	0.569167
0.976603	0.827708
1.012127	0.836888
1.044837	0.851130
1.095822	0.996246
1.015213	0.817204
0.873682	0.556315
0.932545	0.699781
1.156390	1.038776
0.881204	0.583652
0.902506	0.556681
0.886579	0.634716
0.921468	0.646172
1.191137	1.197610
0.956991	0.762624
0.942912	0.780769
1.107320	0.999673
1.100106	0.997674
1.016057	0.944865
1.133993	1.182784
1.085865	0.802477
1.057375	0.776056
1.068252	1.109709
1.001646	0.708458
0.954856	0.904988
0.962637	0.653511
0.949543	0.671259
1.060990	1.258730
1.082618	0.918127
1.027758	0.929006
0.961463	0.661614
1.064828	0.868615
1.026819	0.878187
0.868417	0.576774
1.132515	1.050362
1.080304	0.970030
1.132282	1.115901
0.919576	0.786230
1.120587	1.028571
1.033948	0.804986
0.964700	0.855243
0.999090	0.835598
0.940731	0.630095
1.044347	0.899709
1.048905	0.787613
1.149831	1.053448
1.094584	0.855522
0.910528	0.756264
1.170394	1.053409
1.082426	0.840059
1.000227	0.771709
0.956966	0.756122
1.203460	1.171923
1.140973	1.120149
0.965378	0.693455
1.052142	0.958806
1.207430	1.317241
1.005011	0.977428
1.019783	0.952116
1.085620	0.839818
0.953158	0.636715
1.060087	0.888427
1.085716	0.956592
1.035017	0.754324
1.012251	0.952577
0.906751	0.654865
1.224063	1.401215
0.883207	0.591820
0.934879	0.670388
0.894577	0.625111
1.047252	0.762356
1.135668	0.942761
0.935804	0.646572
1.025577	1.213174
1.182311	1.595572
1.022461	0.777961
1.041054	0.948773
0.951034	0.554048
1.080383	1.008143
0.966432	0.816459
1.056560	0.824096
1.121826	0.919000
0.889106	0.585839
1.160383	1.015517
0.976988	0.805528
1.096990	0.963574
1.032379	0.866866
0.961650	0.657750
0.909356	0.631900
1.109668	1.045603
0.908470	0.591581
1.164810	1.208865
1.094859	0.932107
0.914740	0.667696
0.970275	0.846011
1.146057	1.158363
0.860372	0.683158
0.957087	0.677230
0.900002	0.573620
0.875801	0.592569
1.060281	1.055096
1.081209	1.120132
0.874332	0.538574
1.110412	0.980528
0.987631	0.636010
1.243636	1.110078
1.026397	0.886494
0.911005	0.660550
0.883672	0.531161
0.866414	0.592149
0.947810	0.657701
0.965317	0.757732
1.202240	1.030943
1.007549	0.884900
0.906406	0.591629
1.261279	1.128112
0.874268	0.628838
0.885617	0.551250
0.985231	0.962338
1.162256	1.235165
1.021979	1.130857
0.896008	0.530655
0.902749	0.775113
1.003055	0.758739
0.945610	0.772911
1.138615	1.073285
0.947907	0.653333
0.968712	0.632518
1.005919	0.711200
0.891265	0.581838
1.214818	1.228514
1.219340	1.118216
1.008156	0.807324
0.924126	0.671302
0.924143	0.655932
1.042220	0.956748
0.916926	0.577754
1.016698	0.914653
1.122493	0.934722
1.159546	1.000714
1.020649	0.810440
0.906192	0.661234
0.952537	0.657604
0.988507	0.895782
1.161032	0.954417
0.954381	0.772682
0.900725	0.626860
0.914803	0.593920
1.168279	1.034495
1.073737	0.947041
0.865976	0.593446
1.034688	0.781870
1.067286	0.916092
0.887571	0.620682
0.908951	0.685507
0.988734	0.738338
0.992611	0.757796
0.937013	0.880893
0.959949	0.648681
1.136135	1.023667
1.113798	1.134448
1.005983	0.737714
0.900961	0.661649
0.942896	0.949015
0.966973	0.660187
1.152544	1.098239
0.957997	0.725370
0.875587	0.723581
1.171692	1.059155
1.050898	0.962617
0.961049	0.711278
0.966926	0.679427
0.980300	0.742159
1.012789	0.803937
0.939338	0.789500
0.982538	1.025337
0.990293	0.706383
0.906227	0.589241
1.106009	1.010942
1.038976	0.893642
1.012168	0.790323
1.090616	0.979933
1.191721	1.223293
1.000591	0.816750
1.016878	0.710966
0.952324	0.648941
0.899557	0.632339
1.044138	0.850692
0.958243	0.932461
1.071993	0.859214
1.015400	0.675731
0.877665	0.572138
1.133765	1.255782
1.201026	1.224303
1.241432	1.224193
0.991698	0.801108
1.139898	0.999640
1.096417	1.023569
1.067402	0.799700
1.070369	0.847041
1.091988	0.924332
0.868619	0.700860
0.928967	0.871127
0.908625	0.650339
1.163332	1.010997
0.962077	0.821958
0.925626	0.654447
0.978455	0.803014
1.127207	1.063322
0.912394	0.648235
1.198678	1.095720
1.015275	1.125843
1.122835	1.185813
0.986610	0.756642
1.121276	1.041139
0.978177	0.935891
1.064642	0.896226
0.972207	0.710118
1.044591	0.767697
1.196701	1.257634
1.214035	1.145283
1.109432	0.915094
1.032246	0.840120
0.918736	0.636674
1.124160	1.092983
0.996708	0.690862
1.190160	1.011417
0.916881	0.595982
0.901457	0.655531
1.240427	1.128462
1.061494	0.808684
0.993213	0.750372
1.065542	0.932484
1.130108	0.940067
1.149005	1.204027
1.081645	0.877287
0.967191	0.612791
1.083483	0.946313
0.935888	0.828667
1.014845	0.983095
0.922542	0.725108
0.955047	0.661697
1.107398	0.967302
0.938959	0.666584
0.872541	0.588636
1.091378	1.072256
0.922260	0.661928
0.964601	0.927604
1.085249	0.901863
0.892603	0.636607
0.872683	0.589371
0.885926	0.718432
1.019293	0.824490
0.984517	0.770207
0.920669	0.683070
0.873705	0.686558
0.873733	0.767538
0.945193	0.612827
1.037791	0.815929
1.039634	0.944000
1.087514	1.124695
1.175928	1.726022
1.064815	0.768786
0.989014	0.775900
0.983054	0.705426
0.867668	0.532298
0.850650	0.502245
0.900431	0.590506
0.936502	0.745792
0.906306	0.798618
1.217051	1.082558
0.933585	0.922275
0.890741	0.780550
0.910801	0.716667
1.086728	0.818991
1.164514	1.160345
0.919419	0.657823
0.996548	0.715789
0.901496	0.598681
1.007244	0.819730
0.965506	0.739846
1.181089	1.338194
1.045595	0.856637
0.928498	0.626492
1.005778	0.710256
0.888437	0.691260
1.013066	0.805507
1.108442	1.072028
0.938544	0.625377
1.030927	0.793784
0.887797	0.578029
1.219948	1.387402
0.971845	0.776563
1.043650	1.008696
0.915576	0.701675
1.086886	0.955255
1.009555	0.762817
1.074311	0.921779
0.900279	0.616129
1.159659	1.353612
1.055596	0.777448
0.875324	0.569792
1.132550	1.048667
1.111801	0.932581
1.114333	1.050853
0.967116	0.994089
0.937302	0.654889
1.167744	1.160563
0.935598	0.772609
0.981185	0.676316
0.956465	0.694608
1.115266	1.112153
1.065762	1.128530
0.917038	0.764990
1.017626	0.849730
0.932714	0.692694
0.914147	0.622418
0.883647	0.601502
0.964029	0.791183
0.900555	0.596599
0.902702	0.651435
1.105270	1.079221
0.943580	0.802250
1.066600	0.815988
1.185580	1.134737
1.006993	0.768056
1.044417	0.821221
1.202167	1.216733
0.887141	0.818240
1.140749	1.072364
1.246736	1.228854
0.881540	0.600425
0.943501	0.652455
1.091672	0.900321
0.864609	0.542008
1.163636	1.245791
1.038876	1.096341
1.019691	0.867617
0.917019	0.645416
1.032809	0.772951
0.954898	0.632184
0.935712	0.681693
1.038545	0.773727
0.908522	0.627912
1.096224	0.962733
0.912604	0.597868
0.867305	0.562839
1.152469	1.358519
0.952382	0.687313
1.155872	1.374832
1.015821	0.837027
0.920929	0.818333
1.178979	1.125090
1.034252	0.825676
0.882545	0.570686
0.894691	0.874376
0.979309	0.695673
1.061844	0.784348
1.016166	0.835967
0.966232	0.789855
0.878765	0.560776
1.083023	0.952215
1.065404	0.824069
1.132370	0.957091
0.949857	0.654460
1.016709	0.873876
0.950910	0.668000
0.897473	0.546352
1.188886	1.180315
0.882202	0.596882
1.093019	0.882353
1.099423	0.872425
1.126508	1.030282
1.003514	0.729745
0.857522	0.556148
1.117063	0.919417
0.902823	0.620000
1.021513	0.807584
0.982823	0.845771
0.944573	0.678733
1.171605	1.075618
1.072665	0.919453
1.072311	0.830422
1.086172	0.917957
0.930141	0.764823
1.013090	0.981440
0.986614	0.993443
0.893379	0.641242
0.864241	0.527660
1.046747	0.818697
1.131247	0.941667
1.161663	1.467050
1.083938	0.974006
0.914531	0.665302
1.085343	0.977922
1.206966	1.064445
0.961521	0.700231
1.226885	1.165462
1.062857	0.952888
0.968681	0.756522
0.890472	0.603992
1.040738	0.831461
1.162036	1.025442
1.002714	0.813514
0.913485	0.598186
1.165608	1.450000
0.909350	0.778873
1.002663	0.795750
0.995052	0.721130
1.040389	0.808242
1.209725	1.225896
1.174059	1.049624
1.113711	0.903503
0.850423	0.590369
1.095384	0.859581
1.041053	0.916667
1.071091	0.895882
0.904735	0.645666
1.029751	0.737297
0.952902	0.736294
0.975072	0.861330
0.934445	0.735971
1.116220	0.956436
1.004407	0.826344
0.892209	0.613617
0.890015	0.783051
1.190842	1.251698
0.869463	0.504752
0.954864	0.803632
1.190613	1.558498
1.029647	0.771633
0.900272	0.693750
1.076879	0.987463
0.898408	0.631435
0.980043	0.757323
1.057890	0.947170
1.185011	1.123137
0.974165	0.947849
1.187560	1.243200
1.090107	0.813595
1.022635	0.830026
0.897656	0.657871
1.154678	1.140876
1.075988	0.820821
0.872788	0.580380
1.106179	1.102778
0.955721	0.663951
0.971163	0.938835
1.172487	1.059410
0.886239	0.673333
1.100994	0.937584
1.184978	1.735317
0.885482	0.550649
1.124620	0.944086
1.037897	0.843513
1.164890	1.875926
0.931927	0.637327
1.184456	1.807170
0.963099	0.793171
0.985949	0.736983
0.951629	0.857931
1.113362	1.000941
0.917593	0.566825
0.966759	0.772727
1.036699	0.919643
1.266800	1.308097
1.186007	1.288123
1.023661	0.792082
0.850379	0.573361
0.909784	0.614256
0.998765	0.855733
0.897617	0.575714
0.902172	0.605342
0.904465	0.607350
1.078689	0.981579
1.052876	1.102253
0.893638	0.858758
0.916275	0.694988
0.991085	0.728493
0.987898	0.689583
0.978476	0.697150
1.054699	0.963768
0.861864	0.574897
1.189139	1.167279
0.967274	0.804282
0.971058	0.686936
1.055304	0.960625
0.913996	0.562358
0.983597	0.848248
1.036773	0.850980
0.957460	0.759453
0.932075	0.630716
1.158298	1.158823
0.975232	0.849526
1.219067	1.057303
0.962453	0.726316
0.977219	0.718138
1.207946	1.171804
0.928557	0.706388
1.223189	1.125911
0.966518	0.733255
1.064874	1.190645
1.015560	0.853913
0.949730	0.639750
0.928118	0.755448
0.893796	0.638958
1.154913	1.080000
1.019844	0.834943
1.023672	0.818630
1.131591	1.112013
0.900754	0.584454
1.181952	1.240418
1.012316	0.697290
0.899974	0.590389
0.895808	0.591096
0.889686	0.595506
1.229363	1.519106
1.082037	1.338663
0.986169	0.785714
1.003136	0.819714
0.917041	0.736629
0.874278	0.615269
0.908405	0.695299
0.986077	0.697143
1.071673	0.864438
1.055917	0.806997
0.948895	0.631163
1.048419	0.780441
1.027343	0.770752
1.111242	1.010289
0.917713	0.586331
0.932165	0.604785
1.187671	1.155056
1.168218	1.115517
1.083143	1.003385
1.003180	0.734545
1.001362	1.018006
1.143772	1.147945
0.985891	0.700519
0.983052	0.775318
1.037479	0.945376
0.846405	0.614519
0.929049	0.650790
1.165464	1.215328
0.864056	0.566667
0.966423	0.941191
1.028911	0.785753
1.015555	0.920533
1.044626	0.782730
1.045263	0.765934
1.013828	0.765172
1.094718	0.784639
1.039729	0.994910
1.040453	0.919878
1.104654	0.863030
1.079866	1.094569
1.259357	1.230645
1.093174	0.984512
0.944135	0.866429
0.979728	0.654865
1.054178	0.886427
1.175715	1.149219
0.935565	0.677221
0.983895	0.714039
1.219004	1.337255
1.016702	0.725132
1.084764	0.915050
1.037438	0.771831
1.175101	1.457255
0.941667	0.728000
1.183864	1.267778
1.194292	1.338000
1.132846	0.937662
1.099749	0.951333
0.861096	0.610170
0.879814	0.562105
1.030403	0.801096
1.021152	0.788611
0.907638	0.624792
0.981857	0.984615
1.005709	0.756557
1.130720	1.240952
1.126937	1.140656
1.110406	0.940952
1.072073	0.871681
1.000034	0.783969
0.953404	0.788889
0.932275	0.584876
1.049723	0.825948
1.041680	0.761202
0.958688	0.706154
1.013067	0.853448
1.183802	1.171071
0.952378	0.715285
1.047484	0.835028
1.238441	1.222672
0.961699	0.736176
1.034621	0.845652
0.871747	0.572059
0.955514	0.614428
0.992011	0.752520
1.207254	1.307782
1.030473	0.757258
0.974566	0.637947
1.215673	1.078148
0.966482	0.773913
1.179384	1.356015
1.197652	1.153543
1.104271	0.860790
1.043546	0.889143
0.892830	0.743340
0.910369	0.593412
0.905977	0.720690
1.248364	1.369804
0.977033	0.650860
0.868010	0.574947
1.224260	1.385019
0.926730	0.610129
0.933459	0.606731
0.917506	0.622785
0.964180	0.830729
0.898822	0.620215
1.074061	0.780409
1.044275	1.134957
1.064920	0.850321
1.229288	1.441935
0.974369	0.673077
1.080123	1.133544
0.876558	0.520954
1.009050	0.760055
1.094671	1.043312
1.062187	0.988782
1.144127	1.036242
0.991407	0.788770
0.909190	0.700661
0.967749	0.644730
1.069243	0.884776
1.155909	1.228409
0.915528	0.622145
0.999471	0.798947
1.042285	0.844669
0.940772	0.672727
1.149792	1.029474
1.001682	0.769973
1.163280	0.982230
1.045393	0.891379
0.892535	0.625618
1.237640	1.204348
0.922289	0.757957
0.989567	0.974623
1.180265	1.166038
0.918313	0.615333
0.940620	0.704208
1.059585	0.868264
0.895138	0.647712
0.873414	0.583573
1.221156	1.180075
0.951720	0.687621
0.916732	0.632093
0.925064	0.685011
0.907460	0.523291
0.897403	0.573750
0.865723	0.681687
1.114742	0.915605
1.193007	1.170968
1.040439	0.843413
0.961187	0.673148
0.857883	0.573950
0.861885	0.649790
1.093090	0.996262
1.070388	0.797935
1.019733	0.818052
0.898764	0.572505
1.171962	1.019850
1.166289	1.038148
1.203439	1.155078
1.098084	1.470903
1.028671	0.776860
1.172765	1.538346
1.172159	1.095891
1.213496	1.396825
0.984965	0.661538
0.957380	0.645221
0.897972	0.568820
0.966286	0.670824
1.161685	1.140143
1.039365	0.779224
1.039465	0.948442
0.920633	0.707473
1.122489	1.088119
1.049344	0.773626
0.990875	0.786667
0.913402	0.657576
0.950614	0.737241
0.980916	0.776543
1.006667	0.836785
0.872360	0.527579
1.051067	0.767378
1.019432	0.778729
1.177183	1.160465
0.864965	0.686992
0.931963	0.662981
1.029751	0.748813
1.029409	0.757060
0.981630	0.943536
1.114078	1.013158
1.113166	0.951839
0.987862	0.778192
1.077022	0.847507
0.889812	0.635639
0.981434	1.188108
0.915431	0.786353
1.177676	1.156727
1.097549	1.080556
1.162115	1.083039
1.086457	0.939803
1.136900	1.174675
0.971927	0.699515
0.901640	0.737137
0.874620	0.558925
1.076743	0.870909
0.929404	0.620476
1.091923	1.065495
0.983473	0.670270
0.922988	0.615919
1.122556	0.876471
1.175509	1.010943
0.924724	0.625682
0.881520	0.568943
0.930279	0.856652
0.980433	0.938929
0.874604	0.724629
1.193954	1.161649
1.009402	0.992877
1.175972	1.065603
1.053423	0.853352
0.972275	0.744149
1.076640	0.972638
1.206175	1.013793
1.209168	1.161482
0.922177	0.685507
1.037277	0.896748
0.930959	0.707692
1.153457	1.010544
0.941391	0.941189
1.190741	1.259449
0.959404	0.778534
1.178922	1.091459
0.921737	0.734442
0.948529	0.595110
1.089555	1.044333
0.866878	0.630297
0.985859	0.762113
1.223880	1.393359
1.071367	1.242587
0.996360	0.792758
1.093865	1.047020
0.979604	0.694737
1.139635	0.955254
0.989599	0.699240
0.937566	0.657426
0.980062	0.761274
1.156268	1.509195
0.931691	0.642986
1.064157	1.211746
0.962562	0.754524
1.009673	0.781522
1.074131	0.882687
1.175858	1.502642
0.869377	0.666463
0.951296	0.771059
1.046648	0.826625
0.914829	0.618138
1.025893	0.837037
0.917592	0.712141
1.075703	1.006069
1.033709	0.906017
0.929077	0.597229
1.125641	1.127302
1.088774	0.799396
0.949145	0.666505
0.946219	0.855216
1.219055	1.350403
1.073309	1.112745
1.133193	1.016955
1.172822	1.071174
1.079508	0.879048
1.071895	0.912104
0.945910	0.601157
1.147069	1.225435
0.908603	0.554678
1.209118	1.357037
1.111922	1.145364
1.014180	0.997199
0.879887	0.574017
1.124698	1.066221
1.077865	0.874540
0.949026	0.666667
0.905873	0.593377
1.048073	0.862883
0.883909	0.572041
1.135257	1.064912
0.965711	0.892347
1.050465	0.975786
1.174324	1.102231
0.992707	0.860950
1.113982	0.957372
0.976271	0.677020
0.954891	0.695285
1.151146	1.385315
1.079209	0.934821
0.965881	0.636047
0.906868	0.869053
1.050382	1.173065
1.188369	1.100730
0.878746	0.584868
1.075663	0.912013
1.256627	1.251191
0.961598	0.696759
0.954329	0.651559
0.914204	0.586530
0.980449	0.724221
1.012149	1.034181
1.244812	1.250598
0.977708	0.719035
1.016403	0.799475
0.930050	0.746588
0.943534	0.602083
0.876195	0.589852
0.897188	0.616629
1.065663	0.864615
0.984446	0.657975
0.982973	0.717568
1.074509	0.859509
0.910803	0.630022
1.045118	0.812426
0.944942	0.797975
1.227043	1.504263
1.113544	1.187755
1.174221	1.034843
1.087568	0.938739
1.069491	0.790991
0.953232	0.732737
1.022647	0.827933
0.932050	0.640177
0.900290	0.615251
0.984992	0.705793
0.937269	0.669576
1.057958	0.753125
0.912417	0.760587
1.051630	0.902524
0.873089	0.740369
0.892694	0.768597
0.988283	0.930155
0.925831	0.671564
0.873288	0.622382
0.992239	0.979214
0.933824	0.576180
1.002990	0.777429
0.953198	0.746729
0.951362	1.030633
1.051772	0.881505
1.130944	0.937993
0.958315	0.683810
1.107651	1.254072
1.171553	1.281641
1.159231	1.044281
0.986721	0.740556
1.026884	1.004386
0.890366	0.747210
1.114326	0.900337
0.971694	0.709021
0.912055	0.690729
0.924225	0.718220
1.154434	1.024399
1.212295	1.236905
1.023616	0.730294
1.199678	1.338007
0.941636	0.622247
0.926067	0.652693
1.039440	0.934118
1.210955	1.508302
0.876344	0.579755
0.938318	0.692086
0.992255	0.777929
1.090818	0.870764
1.091506	1.290385
1.194492	1.129889
1.043889	0.849860
1.192371	1.627799
1.066411	0.908387
1.187485	1.042182
1.015365	0.763081
0.930891	0.867076
1.077087	0.944509
0.899596	0.541020
0.875117	0.599588
0.934198	0.654348
1.000672	0.839433
1.028474	0.825201
0.900073	0.626778
0.940114	0.702222
0.890492	0.554008
0.997298	0.898863
0.970197	0.647194
1.065731	1.017714
1.101534	0.919931
1.136582	1.163604
1.220653	1.345600
0.985302	0.732178
1.026251	1.012426
0.894347	0.621019
1.105621	1.206769
1.022004	0.779351
0.901650	0.643678
1.016000	0.771739
1.002795	0.721392
0.973415	0.719839
0.945605	0.717413
0.893540	0.800636
1.185683	1.145627
1.197875	0.997753
1.232516	1.287023
0.998588	0.743041
1.018371	0.756305
1.202700	1.137500
1.204754	1.233840
0.922530	0.800236
1.116313	1.618092
0.923719	0.696860
1.090260	1.031596
1.209311	1.252206
0.853186	0.596115
1.042352	0.898374
1.096654	0.909880
1.033495	0.842667
0.970402	0.695792
1.073767	0.954487
1.030631	1.027945
0.953485	0.708651
1.101950	1.017377
0.975577	0.769211
1.014274	0.745013
1.132176	1.032268
1.046591	0.797521
1.199686	1.203676
0.961172	0.641266
0.891421	0.595701
1.182292	1.233597
0.968008	0.671765
0.911472	0.665023
0.937649	0.576856
1.102654	0.894194
1.174152	1.181176
0.952836	0.848712
1.154419	1.090541
0.908615	0.556838
0.882350	0.564770
0.985499	0.679691
0.992737	1.002192
0.920838	0.604918
1.124697	0.971280
1.147433	1.001656
0.897937	0.587615
1.160075	1.098885
1.063370	0.801807
1.172375	1.092199
1.067206	0.959215
0.932366	0.770046
0.978261	0.691117
1.064231	0.806957
1.130351	1.026059
0.910601	0.626439
1.198334	1.109127
1.121965	0.868254
0.955541	0.705189
0.914435	0.905145
1.189865	1.094096
1.182396	0.977359
0.962959	0.635338
1.038164	0.889535
1.210502	1.177109
0.969591	0.661381
1.064160	0.919481
0.967507	0.814628
0.960043	0.684504
0.920456	0.678261
1.157969	1.053025
1.197000	1.108130
1.111623	0.961875
1.010559	0.750255
1.047357	0.940061
0.897291	0.538511
1.034713	0.959327
1.102007	1.195484
1.097895	1.107166
1.101733	0.947436
0.989249	0.685749
1.088103	0.847239
0.891688	0.635426
1.144094	0.977104
0.941875	0.851756
0.917982	0.645305
1.106892	0.931908
1.045692	0.887324
0.908237	0.599339
0.870034	0.610799
1.217014	1.249798
0.965662	0.695094
1.021303	0.755932
1.015337	0.798892
0.978143	0.974760
1.011049	0.712564
1.028948	0.780214
0.957807	0.791250
1.036605	0.842137
1.153377	1.142756
0.934670	0.609190
1.006718	0.685025
1.054694	0.804802
0.934927	0.665158
0.977601	0.761954
0.951925	0.701208
1.140860	1.019149
1.249169	1.208130
1.066548	1.003670
1.136409	1.093104
1.050539	0.841936
0.918580	0.589559
1.186339	1.242969
1.002947	0.703403
1.024534	0.824468
0.962438	0.787180
0.946957	0.834180
0.987893	0.872705
1.115893	1.050515
0.926306	0.638248
0.941636	0.674246
1.031757	0.739368
1.036550	0.998611
1.217464	1.380000
1.155964	1.003716
1.232344	1.108434
0.988416	0.717574
0.941961	0.677034
1.083766	0.891428
1.029999	0.773771
0.977386	1.010336
0.855743	0.698137
0.905558	0.587281
0.956228	0.649500
1.091947	0.866154
0.927963	0.718792
1.152024	1.149158
0.976679	0.803150
1.007294	0.784807
0.943082	0.684928
1.176752	1.058088
0.881016	0.534924
0.920701	0.634368
1.229148	1.169020
1.053157	0.903040
1.047106	0.841292
0.970756	0.827586
1.191532	1.140714
0.934621	0.718588
1.116976	0.935514
1.171786	1.360432
1.137858	1.193667
1.107876	0.910625
0.895269	0.743595
0.898234	0.595749
0.913461	0.608756
1.098883	0.953242
0.948540	0.764640
0.902091	0.623593
1.165473	1.044948
0.954436	0.784615
0.848436	0.707362
1.111487	1.054313
0.991271	0.807865
0.931713	0.668261
0.952382	0.820331
1.004359	0.719949
1.014928	0.769972
0.926498	0.666522
1.184649	1.066171
1.039853	0.808928
0.884358	0.555342
1.167706	1.127148
0.960296	0.721411
0.936848	0.605752
1.007406	0.770487
0.996701	0.712814
0.923924	0.637260
1.073114	0.855864
1.039804	0.932386
1.228405	1.455294
1.053325	0.931515
0.975916	0.892915
0.853656	0.720859
1.150349	1.242808
1.093309	1.116107
1.195576	1.054676
1.100407	1.034483
1.227417	1.150000
0.853201	0.548875
1.031145	0.782738
0.913961	0.856716
1.086661	0.926846
1.069776	0.990698
0.991884	0.919608
1.162535	1.096000
0.915859	0.681116
1.043144	0.951039
1.174275	1.263846
1.032405	0.784164
0.989295	0.931367
1.108898	1.045455
1.048969	0.824776
0.977552	0.799756
0.982396	0.746575
1.047688	0.786555
1.269809	1.343496
0.861700	0.685510
1.104529	0.935034
1.045695	0.955650
1.224596	1.214717
0.928415	0.682993
1.153722	1.423420
0.937205	0.626292
0.956793	0.658741
1.167175	1.005147
0.950036	0.693316
1.115564	0.912303
1.087471	0.913269
0.895701	0.577778
1.183026	1.274725
1.172276	1.003571
0.923701	0.871429
0.956611	0.909158
1.052880	0.773913
1.139237	0.990037
0.899852	0.868817
1.188141	1.219713
1.001092	0.799468
1.003189	0.754762
0.991591	0.777916
0.940488	0.672099
0.988567	0.734286
0.940805	0.636650
1.006399	0.870056
0.855803	0.710373
1.131303	0.943730
1.035067	0.725337
0.864861	0.583716
0.972362	0.734127
0.904137	0.608524
1.079403	0.914328
0.920358	0.627478
0.916278	0.660491
0.937235	0.645392
0.963184	0.881865
0.858510	0.587942
1.139932	1.246479
0.851429	0.676892
0.949039	0.664833
1.217157	1.316350
1.240820	1.425403
1.059849	0.845223
1.119509	1.094654
0.978199	0.860957
0.982579	0.697794
1.229319	1.397710
1.174066	1.098431
1.024870	0.818414
1.074463	1.072381
0.929110	0.769324
0.909914	0.674633
1.193918	1.106738
1.158147	1.110902
0.998897	0.765915
0.922834	0.564208
0.994035	0.740695
0.970776	0.812085
1.183877	1.284884
0.871831	0.622951
1.207241	1.381387
1.138649	1.070609
1.004170	0.907735
0.878610	0.557084
0.938565	0.685500
1.041173	0.913333
1.196693	1.199620
1.078189	0.880303
1.044817	0.896979
0.900380	0.643450
0.964420	0.750396
1.104236	0.978788
1.220940	1.066932
0.891189	0.599791
1.023992	0.863115
0.992230	0.744357
1.211461	1.220000
1.067128	0.985806
1.028006	0.894970
0.912191	0.607294
1.162260	1.068085
1.077406	1.035714
0.903224	0.607127
0.958250	0.687872
1.034124	1.118785
0.925759	0.571368
0.946089	0.626415
0.967746	0.726873
1.077321	1.117221
0.928918	0.675991
0.990599	0.744044
1.087382	1.100987
1.183648	1.448819
0.899804	0.592405
0.894138	0.789813
1.038335	0.783918
0.875863	0.756223
0.946464	0.923716
0.916129	0.658447
1.075303	1.118551
0.977692	0.736216
0.947528	0.668095
1.093016	0.853571
1.163942	0.979514
0.989469	0.875443
1.177761	1.140977
0.959509	0.689346
1.178372	1.161154
1.230643	1.164151
0.926595	0.600000
0.997260	0.789266
0.895818	0.645055
1.107327	0.950492
1.045632	0.850862
1.044830	0.753079
1.132152	1.164029
1.270059	1.494355
1.168969	1.081887
1.023710	0.800524
1.019810	0.831339
0.988522	0.748786
1.026822	1.054441
0.905346	0.602597
0.969918	0.735952
1.027044	0.850000
1.267847	1.165462
1.080183	0.879747
1.015373	0.726613
1.236689	1.381176
0.935783	0.720195
0.905166	0.576289
1.067688	1.025641
1.001273	0.732320
0.972710	0.788949
1.190839	1.368459
0.890433	0.516008
0.962191	0.744125
1.149333	1.086940
0.923620	0.889545
1.219028	1.223077
1.030914	0.809649
1.010855	0.725765
1.117051	0.981529
1.048338	0.797268
0.933653	0.864009
0.938536	0.824235
1.054012	1.098525
0.882825	0.578105
0.915429	0.687162
0.908657	0.629234
0.949361	0.815827
0.995097	0.814763
0.998792	1.117663
0.923445	0.694253
0.910271	0.583621
0.876435	0.640447
0.920903	0.634066
1.211037	1.160618
0.979541	0.729082
0.923975	0.668720
0.987251	0.728607
0.942683	0.706801
0.904151	0.623947
0.980162	0.706767
0.854648	0.570165
0.978215	0.684173
0.953552	0.700937
1.146679	0.974306
0.876557	0.558643
1.033745	0.869101
1.012091	0.719653
1.156928	1.133459
0.883010	0.663025
0.969292	0.809114
0.981765	0.727151
0.983821	0.773048
1.137030	0.960489
1.186517	1.623333
0.927063	0.665166
0.935614	0.675240
0.967870	0.660201
0.939038	0.729557
1.131402	0.996633
0.910845	0.666973
0.953150	0.720335
1.169440	1.140138
0.880011	0.536626
1.058134	0.788579
0.972137	0.710050
1.233025	1.149425
0.960128	0.786979
0.963782	0.667221
1.049413	0.826875
1.185782	1.214815
0.920757	0.598792
1.024423	0.868588
1.115961	0.981169
1.053048	0.829006
0.886918	0.731087
0.952646	0.721911
0.921346	0.595612
0.885732	0.593833
1.145388	0.996416
1.141947	1.036364
1.006921	0.722727
0.883515	0.542245
1.091013	0.925974
0.948481	0.785464
1.106786	1.056701
0.952693	0.915578
0.928679	0.677955
1.066654	0.863664
0.873586	0.559827
1.184797	1.095221
1.152841	1.064664
1.013721	0.809195
0.924695	0.639261
0.943094	0.692202
0.978894	0.726525
1.004555	1.029367
0.957638	0.693639
1.033567	0.939316
1.187724	1.156134
1.040219	0.771137
1.128576	1.146358
0.883619	0.558242
1.025029	0.737705
0.934785	0.647922
0.863075	0.642857
1.081853	0.976616
1.186453	1.335019
1.056910	0.914497
1.170959	1.414737
0.953078	0.735122
0.888784	0.710345
0.965255	1.022683
1.050071	1.087390
0.868000	0.752008
0.913076	0.665532
0.923222	0.826386
1.080611	1.192899
0.913240	0.653725
1.150959	1.025000
1.138607	1.105498
1.079766	0.959164
1.126336	1.264982
0.925528	0.668046
1.089886	0.875153
0.881807	0.613974
1.136686	1.051071
1.126329	0.989251
0.897911	0.638356
1.014338	0.891781
0.933097	0.637385
0.873403	0.701266
0.933492	0.604783
0.917796	0.632258
1.072230	1.006805
0.965745	0.733071
1.193255	0.982624
1.082636	0.829179
1.056555	0.931792
1.147275	0.942553
1.026436	0.751622
1.146394	0.991304
0.910743	0.551899
0.996314	1.002770
1.132473	1.032192
1.112545	0.928213
0.971160	0.626995
0.934271	0.738222
1.019765	0.768293
1.015113	0.785380
0.975940	0.914000
1.069897	1.097959
0.984715	0.751330
0.867168	0.562708
0.966385	0.769359
0.874622	0.624896
0.891939	0.616180
1.200090	1.230916
0.906051	0.589050
0.962284	0.782311
1.122820	1.045110
0.983733	0.713953
0.909386	0.819529
0.990782	0.823416
1.034641	0.790116
1.139452	1.056250
0.963448	0.818330
0.849022	0.548262
0.888924	0.593478
1.043189	0.792394
1.054594	1.249240
0.908567	0.684884
1.157790	1.040468
1.112499	1.237500
0.905161	0.581092
1.089203	1.006908
0.958375	0.720673
0.940492	0.610096
1.049395	0.893175
1.138307	1.018493
0.903849	0.587238
1.125453	1.106207
0.857822	0.579002
1.028895	0.780415
0.926113	0.849660
1.006592	0.914210
0.898575	0.707237
1.020238	0.776923
1.151166	1.061887
1.142258	0.988816
0.998854	0.700000
0.896839	0.737004
0.896729	0.707110
1.043008	0.856287
0.977845	0.876738
1.194437	1.143321
0.875652	0.591633
1.170416	0.933696
0.998014	0.750829
0.901381	0.633333
0.932812	0.825791
1.053576	0.842975
0.920261	0.585897
1.109268	1.100641
1.206998	1.146715
0.978170	0.708312
0.995024	0.736134
1.068805	0.886731
0.909584	0.684886
1.026783	0.952631
1.109574	1.092384
1.037441	0.971171
1.138413	1.054613
0.926599	0.574723
1.186192	1.190840
1.064551	0.981210
1.013771	0.838462
1.041505	1.121471
0.966934	0.690144
0.951317	0.699763
0.954001	0.737136
0.913890	0.623831
0.987023	0.715291
1.077415	0.841667
0.910083	0.837130
0.906557	0.593665
0.989773	0.988462
1.037816	0.856364
0.880827	0.653996
0.913003	0.654333
0.969336	0.878042
1.117941	1.119808
0.996786	0.777322
0.920546	0.895227
0.938402	0.660095
1.015435	0.850000
1.105160	0.853226
0.862038	0.574948
0.942860	0.656892
1.149152	1.046763
0.879436	0.709091
0.904245	0.779638
0.939972	0.743641
1.003843	0.905962
0.899276	0.632538
1.235977	1.238431
1.040361	0.769542
1.013917	0.687194
0.880092	0.627373
0.931743	0.798077
1.193861	1.118819
0.982225	0.791795
1.229059	1.103137
1.111249	1.104930
1.060800	0.918038
1.096150	1.044377
0.900346	0.564375
0.961999	1.003618
1.206608	1.135165
1.179770	1.081685
1.191979	1.112903
0.873233	0.543949
1.037596	0.764497
0.974177	0.691467
0.983964	0.695833
0.999977	0.799477
1.094426	0.884888
0.885680	0.597783
1.011996	0.846610
1.055305	0.939941
1.030299	1.034545
0.923932	0.602018
0.991668	0.678624
1.248601	1.386056
1.150473	0.946207
0.935877	0.640047
1.135038	1.015658
0.887090	0.697886
1.030543	0.980214
0.940475	0.660839
1.186634	1.089286
1.138913	1.059091
1.200906	1.427037
0.999883	0.833051
0.927096	0.677574
1.042052	0.772145
1.045665	0.818210
0.868582	0.542495
1.064054	0.851176
1.069870	1.094445
0.919039	0.687981
0.952362	0.652656
1.192692	1.165462
0.882891	0.782067
1.164579	1.415054
1.037674	1.086186
0.893162	0.597674
1.013472	0.718701
0.935948	0.884236
1.185228	0.998148
1.121101	0.959582
0.906421	0.680726
0.963825	0.776823
0.906917	0.606075
0.960111	0.767436
0.972052	0.706460
0.921059	0.587821
0.957729	0.738902
1.022041	0.809585
1.249705	1.133333
0.898098	0.562834
0.903722	0.626477
1.075019	0.930868
1.035952	0.855462
0.964489	0.706112
1.063711	1.193820
0.985116	0.747632
0.886389	0.596066
0.905853	0.598126
0.885496	0.622908
1.077355	0.872641
0.893143	0.567174
0.909037	0.563711
0.899540	0.597468
1.211553	1.134496
1.075066	0.985879
1.205918	1.652941
0.973655	0.641568
0.976564	0.818510
1.169617	1.019485
1.142124	1.085714
1.076586	0.868985
0.891856	0.618619
0.922584	0.610044
1.019597	0.724611
0.945250	0.669431
0.947456	0.640465
0.871948	0.607337
1.092818	0.887500
0.901993	0.616193
1.016893	0.770115
0.905665	0.609361
1.215838	1.226613
1.214420	1.340081
0.918919	0.844989
1.094718	0.956757
1.022179	0.687166
0.929826	0.625714
1.120680	0.992476
1.016334	0.783914
0.951681	0.694484
1.021237	0.752778
0.971334	0.702190
0.941077	0.936682
1.077810	0.919079
1.181463	1.002098
0.983984	0.809250
0.879658	0.512140
1.247910	1.397166
1.005320	1.016927
0.885972	0.697598
1.110764	1.429371
0.975295	0.796891
1.121629	1.505000
0.888219	0.573002
0.972178	0.696837
1.250184	1.321200
1.050944	0.934385
1.023722	1.057143
1.189860	1.110937
0.972895	0.728117
1.207421	1.306250
0.876058	0.605677
1.100317	0.957367
0.888694	0.734737
1.149585	0.996960
1.027836	0.857514
0.891990	0.546882
1.208423	1.179554
1.118506	0.994569
0.907333	0.614091
0.935516	0.674596
1.127468	1.019142
1.037229	0.873913
0.878814	0.596444
1.101776	0.968836
1.082515	0.949547
1.105956	1.222078
1.008650	0.786992
1.093076	0.804630
0.879477	0.660776
1.038693	0.878852
1.110879	0.984722
1.104183	1.065656
0.907584	0.572297
0.965822	0.697389
1.006487	0.710354
1.133951	1.286170
0.979862	0.713198
1.204755	1.192339
0.877353	0.592547
1.222080	1.416142
0.965379	0.729268
1.159929	1.236154
0.951460	0.701896
0.944924	0.708625
0.944813	0.613583
0.946857	0.639952
0.855868	0.583058
1.140750	1.124549
1.187522	1.094758
0.951998	0.582955
1.000806	0.687131
1.034682	0.870330
0.908872	0.705963
0.975047	0.813564
0.922279	0.694511
1.172339	1.791228
0.934964	0.819438
0.953621	0.759091
0.918847	0.622883
0.942247	0.660227
1.038842	0.826479
1.083471	0.835693
0.979540	0.734140
1.254141	1.404314
1.172800	1.191860
1.006149	1.100000
0.909630	0.589076
1.058447	0.872836
1.085784	0.848684
0.997319	0.925843
0.976748	0.738131
1.069501	0.786817
0.942915	0.923380
0.948248	0.670068
0.914483	0.600420
0.954667	0.705473
0.991432	0.672236
0.896500	0.509731
0.938995	0.775555
1.178974	1.271863
1.194887	1.138672
1.198336	1.104044
0.950630	0.689647
1.142975	0.972241
1.225892	1.252800
1.014913	0.713089
0.957911	0.746359
0.937615	0.957246
0.890594	0.625367
0.963390	0.705838
0.905761	0.648861
0.910847	0.637613
1.132905	1.340446
1.025256	0.823988
0.901941	0.753488
0.949558	0.679744
1.113103	1.061921
0.934109	0.768998
1.049125	0.921184
1.080070	1.315161
0.865196	0.582500
1.204998	1.355094
1.174853	1.311328
1.000343	0.785067
0.967219	0.775904
1.215512	1.275969
1.009396	0.779365
1.109413	0.804934
0.913260	0.740652
0.879746	0.581519
1.169950	1.036429
1.113546	1.310159
0.923462	0.619125
1.047680	0.830556
1.127820	0.995820
0.922530	0.615957
0.950507	0.728764
0.946313	0.746024
0.981389	0.736228
1.094594	0.897097
0.891321	0.589462
1.052050	0.837092
0.899434	0.729581
0.899405	0.592116
0.927216	0.549099
1.125213	1.223741
1.246599	1.114729
0.990776	0.707614
1.074314	0.957831
1.005101	0.703542
1.136350	1.278033
0.909908	0.604357
1.035089	0.823771
0.941215	0.965185
1.064080	0.879872
1.189584	1.006545
1.174943	1.137681
0.925229	0.635811
1.138601	1.423607
1.074306	0.860756
1.018757	0.814749
0.985814	0.713447
0.963724	0.860053
0.867745	0.627872
0.971493	0.720356
1.104281	1.051557
0.974286	0.685749
1.161342	1.085911
0.914365	0.599791
0.905813	0.601496
0.918150	0.649321
1.073041	0.853254
1.240773	1.414919
0.987598	0.755385
1.216281	1.133208
1.080622	0.851402
1.090458	0.928155
0.901260	0.763169
1.167050	1.053684
0.958212	0.687192
0.925985	0.614091
0.995901	0.658603
1.015749	0.780392
0.990283	0.735450
0.983971	0.793112
1.052932	1.053437
1.199236	0.941936
0.962184	0.870737
1.102631	0.966343
1.004396	0.753927
1.055283	0.908596
1.005712	0.784635
0.923251	0.594883
1.060544	0.806886
0.958287	0.662621
0.885593	0.612367
0.872021	0.605161
1.199284	1.451087
1.072334	1.022849
0.921381	0.620785
0.981135	0.745137
1.251147	1.395161
0.941028	0.685952
1.029855	0.870502
0.894269	0.564365
1.111213	0.980345
1.202070	1.306522
0.999848	0.754156
1.116491	0.965116
0.967740	0.736761
1.159446	1.145660
0.936006	0.581818
0.902820	0.564807
0.920250	0.643573
1.156404	1.128897
0.890276	0.662955
0.904197	0.740961
1.032107	0.923481
0.903187	0.719835
1.067634	0.909330
1.015226	0.711282
1.003082	0.824485
0.991947	0.822310
1.134031	1.080612
0.881261	0.591648
0.983107	0.738000
0.902157	0.782916
0.971374	0.746948
0.951518	0.867595
1.093301	1.346429
0.967045	0.808267
1.092406	0.950150
0.892883	0.863755
0.938283	0.762937
1.157448	1.181132
0.948381	0.704000
0.920889	0.761002
1.066983	0.956646
1.121746	0.951877
1.145275	1.080443
1.006938	0.736340
1.073379	1.133333
0.974968	0.752088
1.136649	1.012667
1.201693	1.229675
0.953135	0.741103
1.242665	1.287795
1.163964	1.101887
0.979341	0.767302
1.126506	1.009494
0.927792	0.676770
1.015968	0.848286
0.882919	0.601677
1.038886	0.809066
0.980794	0.700716
0.936188	0.753494
0.914142	0.634752
1.136894	1.089964
1.094315	1.019255
0.883971	0.544568
0.894722	0.570925
0.917761	0.583298
0.889939	0.489050
1.043127	0.772857
0.902667	0.597352
1.033899	0.888705
1.055682	1.127195
1.201330	1.470833
0.849681	0.639877
1.138325	0.929392
1.122933	1.042123
1.038987	1.127385
1.034372	0.774286
1.100659	0.819805
0.912673	0.673131
0.954622	0.866921
0.892427	0.556427
1.225776	1.251984
1.056307	0.812394
0.894249	0.636364
1.100242	1.162876
1.080873	1.008667
0.885411	0.592464
1.129594	0.940952
1.206169	1.262357
1.039845	0.773842
1.073076	1.023718
1.083417	0.906918
0.901882	0.653183
0.890510	0.619551
1.216486	1.056489
0.885662	0.641090
1.037744	0.749194
1.068319	0.987578
0.929414	0.633487
0.975053	0.857722
1.192614	1.241007
1.104170	1.026829
1.114867	0.968771
1.001197	0.756959
1.036868	0.805689
1.076070	0.857622
1.172025	1.085106
0.934217	0.708009
1.117144	1.227875
0.917207	0.640870
0.980961	0.662683
0.912559	0.590088
1.094736	0.842169
1.024165	0.833989
0.920413	0.826407
1.026070	0.903825
1.178715	1.238583
1.093616	1.165246
1.165954	1.283509
1.030482	0.798919
1.067827	1.064589
0.924258	0.614043
0.915242	0.662005
0.903728	0.770575
1.274199	1.483333
0.963283	0.877435
1.240686	1.724498
1.097694	0.901316
0.969746	0.748000
1.008257	0.711389
1.190857	1.131022
1.172931	1.098965
1.016122	0.747493
0.938431	0.675059
1.129098	1.017363
