0.000000	0.093100
0.000008	0.095874
0.000016	0.102306
0.000024	0.112968
0.000033	0.126513
0.000041	0.146627
0.000049	0.165405
0.000057	0.188787
0.000065	0.226706
0.000073	0.261962
0.000081	0.301612
0.000090	0.324625
0.000098	0.371592
0.000106	0.415811
0.000114	0.480003
0.000122	0.509716
0.000130	0.566063
0.000138	0.639801
0.000146	0.726181
0.000155	0.818331
0.000163	0.873963
0.000171	1.027930
0.000179	1.084399
0.000187	1.195549
0.000195	1.299201
0.000203	1.474178
0.000212	1.628964
0.000220	1.774868
0.000228	1.848973
0.000236	1.996427
0.000244	2.180843
0.000252	2.366550
0.000260	2.570323
0.000269	2.777365
0.000277	3.062069
0.000285	3.483945
0.000293	3.735286
0.000301	4.067694
0.000309	4.314249
0.000317	4.589328
0.000326	5.149255
0.000334	5.585893
0.000342	6.045207
0.000350	6.321904
0.000358	6.866820
0.000366	7.615661
0.000374	8.464763
0.000382	9.169556
0.000391	9.655564
0.000399	10.998408
0.000407	11.678457
0.000415	13.130997
0.000423	14.034268
0.000431	15.343044
0.000439	17.613382
0.000448	18.876345
0.000456	20.987402
0.000464	23.490776
0.000472	25.868984
0.000480	29.699654
0.000488	32.359455
0.000496	35.739277
0.000505	39.374283
0.000513	44.455879
0.000521	50.396637
0.000529	57.898857
0.000537	65.667770
0.000545	72.207153
0.000553	81.320061
0.000562	92.792992
0.000570	104.566917
0.000578	117.102921
0.000586	133.149277
0.000594	148.100601
0.000602	160.071732
0.000610	172.260956
0.000618	178.519119
0.000627	183.425156
0.000635	188.758789
0.000643	177.661850
0.000651	175.147919
0.000659	173.609726
0.000667	155.488068
0.000675	150.292389
0.000684	139.006470
0.000692	123.952347
0.000700	113.002487
0.000708	99.724854
0.000716	91.230461
0.000724	82.955200
0.000732	77.189163
0.000741	69.174019
0.000749	63.748035
0.000757	59.081802
0.000765	53.882568
0.000773	51.418144
0.000781	46.953098
0.000789	42.763477
0.000798	39.915428
0.000806	38.578545
0.000814	35.772732
0.000822	32.379189
0.000830	31.307150
0.000838	29.374374
0.000846	27.696182
0.000854	26.759394
0.000863	24.949509
0.000871	23.397322
0.000879	22.654869
0.000887	21.750017
0.000895	20.573214
0.000903	20.268265
0.000911	18.993444
0.000920	19.018898
0.000928	18.913582
0.000936	17.979891
0.000944	16.308046
0.000952	16.205233
0.000960	16.111826
0.000968	15.967386
0.000977	15.273726
0.000985	15.147935
0.000993	13.845373
0.001001	13.864954
0.001009	14.476518
0.001017	13.579458
0.001025	13.863590
0.001034	13.949245
0.001042	13.753417
0.001050	13.496959
0.001058	13.708054
0.001066	14.019504
0.001074	13.466581
0.001082	13.589767
0.001090	13.918827
0.001099	13.755304
0.001107	13.832201
0.001115	14.236093
0.001123	15.023995
0.001131	14.707655
0.001139	14.710222
0.001147	14.975430
0.001156	15.110189
0.001164	15.079226
0.001172	15.665160
0.001180	15.845115
0.001188	15.051981
0.001196	14.823178
0.001204	15.402623
0.001213	15.628122
0.001221	15.865582
0.001229	15.483486
0.001237	16.318443
0.001245	16.020105
0.001253	15.486972
0.001261	15.622874
0.001270	15.005665
0.001278	14.814718
0.001286	14.489440
0.001294	14.005138
0.001302	13.371910
0.001310	13.381223
0.001318	13.352568
0.001326	12.240155
0.001335	11.731211
0.001343	11.721892
0.001351	11.138872
0.001359	10.671009
0.001367	10.263375
0.001375	10.165006
0.001383	9.396764
0.001392	9.099925
0.001400	8.692048
0.001408	8.257387
0.001416	8.291487
0.001424	7.869347
0.001432	7.875174
0.001440	7.396705
0.001449	6.973186
0.001457	6.631574
0.001465	6.751375
0.001473	6.331438
0.001481	6.680397
0.001489	6.274364
0.001497	5.748841
0.001506	5.715558
0.001514	5.508937
0.001522	5.743134
0.001530	5.623187
0.001538	5.367923
0.001546	5.121394
0.001554	4.939565
0.001563	4.988757
0.001571	4.807608
0.001579	4.582100
0.001587	4.400525
0.001595	4.382551
0.001603	4.372988
0.001611	4.517652
0.001619	4.280192
0.001628	4.192828
0.001636	4.210923
0.001644	3.989097
0.001652	4.060997
0.001660	3.903375
0.001668	3.965169
0.001676	4.130640
0.001685	4.104193
0.001693	3.897478
0.001701	3.923324
0.001709	3.802063
0.001717	3.658156
0.001725	3.798704
0.001733	3.920935
0.001742	3.704060
0.001750	3.590102
0.001758	3.652268
0.001766	3.597457
0.001774	3.548577
0.001782	3.541682
0.001790	3.425777
0.001799	3.334741
0.001807	3.303585
0.001815	3.251274
0.001823	3.228700
0.001831	3.113828
0.001839	3.106639
0.001847	3.113853
0.001855	3.187320
0.001864	2.971128
0.001872	2.904893
0.001880	2.892190
0.001888	2.915539
0.001896	2.899758
0.001904	2.877168
0.001912	2.853032
0.001921	2.650883
0.001929	2.671688
0.001937	2.653373
0.001945	2.682450
0.001953	2.646798
0.001961	2.530641
0.001969	2.459141
0.001978	2.407559
0.001986	2.328769
0.001994	2.352674
0.002002	2.325603
0.002010	2.272694
0.002018	2.188504
0.002026	2.155578
0.002035	2.145749
0.002043	2.226156
0.002051	2.209250
0.002059	2.080517
0.002067	2.018374
0.002075	1.907317
0.002083	1.955780
0.002091	1.938251
0.002100	1.885360
0.002108	1.850006
0.002116	1.807494
0.002124	1.791026
0.002132	1.853233
0.002140	1.791089
0.002148	1.743198
0.002157	1.639810
0.002165	1.625161
0.002173	1.681044
0.002181	1.637263
0.002189	1.628437
0.002197	1.583753
0.002205	1.606476
0.002214	1.647971
0.002222	1.655682
0.002230	1.610243
0.002238	1.509759
0.002246	1.557702
0.002254	1.494336
0.002262	1.469504
0.002271	1.462116
0.002279	1.407302
0.002287	1.429868
0.002295	1.454192
0.002303	1.410405
0.002311	1.379945
0.002319	1.338243
0.002327	1.305553
0.002336	1.308510
0.002344	1.244816
0.002352	1.291872
0.002360	1.342088
0.002368	1.294436
0.002376	1.295362
0.002384	1.237437
0.002393	1.242143
0.002401	1.282707
0.002409	1.215386
0.002417	1.191504
0.002425	1.160294
0.002433	1.145105
0.002441	1.137036
0.002450	1.117564
0.002458	1.124173
0.002466	1.122760
0.002474	1.175549
0.002482	1.079145
0.002490	1.090683
0.002498	1.049044
0.002507	1.047910
0.002515	1.006897
0.002523	1.046552
0.002531	1.063411
0.002539	1.027990
0.002547	1.048270
0.002555	1.076408
0.002563	1.032649
0.002572	1.010350
0.002580	0.993891
0.002588	1.004787
0.002596	0.950970
0.002604	0.961337
0.002612	0.977272
0.002620	0.944028
0.002629	0.922097
0.002637	0.921152
0.002645	0.930011
0.002653	0.906645
0.002661	0.924016
0.002669	0.947220
0.002677	0.913098
0.002686	0.901154
0.002694	0.918116
0.002702	0.868244
0.002710	0.861496
0.002718	0.878110
0.002726	0.846214
0.002734	0.852362
0.002743	0.843020
0.002751	0.850873
0.002759	0.848100
0.002767	0.817443
0.002775	0.838485
0.002783	0.828379
0.002791	0.825745
0.002799	0.847994
0.002808	0.810036
0.002816	0.812945
0.002824	0.834195
0.002832	0.795647
0.002840	0.769394
0.002848	0.753431
0.002856	0.744730
0.002865	0.758898
0.002873	0.741526
0.002881	0.720503
0.002889	0.747755
0.002897	0.741127
0.002905	0.746875
0.002913	0.739631
0.002922	0.727077
0.002930	0.737618
0.002938	0.692439
0.002946	0.681125
0.002954	0.670129
0.002962	0.663015
0.002970	0.664721
0.002979	0.672618
0.002987	0.686756
0.002995	0.667244
0.003003	0.675715
0.003011	0.653605
0.003019	0.651160
0.003027	0.672212
0.003035	0.647943
0.003044	0.653411
0.003052	0.628112
0.003060	0.638739
0.003068	0.642365
0.003076	0.620962
0.003084	0.653377
0.003092	0.623238
0.003101	0.643472
0.003109	0.612933
0.003117	0.617715
0.003125	0.595343
0.003133	0.586770
0.003141	0.606499
0.003149	0.622915
0.003158	0.582416
0.003166	0.594026
0.003174	0.589921
0.003182	0.600579
0.003190	0.594325
0.003198	0.605686
0.003206	0.579544
0.003215	0.573810
0.003223	0.573813
0.003231	0.574318
0.003239	0.573774
0.003247	0.586711
0.003255	0.571122
0.003263	0.545609
0.003271	0.548045
0.003280	0.577755
0.003288	0.555627
0.003296	0.515596
0.003304	0.527202
0.003312	0.524472
0.003320	0.533063
0.003328	0.515448
0.003337	0.510970
0.003345	0.520066
0.003353	0.523825
0.003361	0.529212
0.003369	0.533711
0.003377	0.524787
0.003385	0.537650
0.003394	0.514692
0.003402	0.496754
0.003410	0.498773
0.003418	0.511573
0.003426	0.511686
0.003434	0.506595
0.003442	0.485594
0.003451	0.503006
0.003459	0.501276
0.003467	0.478258
0.003475	0.477437
0.003483	0.484031
0.003491	0.476832
0.003499	0.471052
0.003507	0.485325
0.003516	0.462398
0.003524	0.470042
0.003532	0.479080
0.003540	0.469996
0.003548	0.473095
0.003556	0.449867
0.003564	0.478921
0.003573	0.472364
0.003581	0.443828
0.003589	0.458189
0.003597	0.447507
0.003605	0.446152
0.003613	0.448980
0.003621	0.451124
0.003630	0.447221
0.003638	0.445708
0.003646	0.435461
0.003654	0.441498
0.003662	0.420883
0.003670	0.437452
0.003678	0.445203
0.003687	0.428726
0.003695	0.431799
0.003703	0.423098
0.003711	0.410208
0.003719	0.422976
0.003727	0.421171
0.003735	0.411166
0.003743	0.418658
0.003752	0.420096
0.003760	0.424097
0.003768	0.411768
0.003776	0.406621
0.003784	0.388730
0.003792	0.390184
0.003800	0.416419
0.003809	0.393848
0.003817	0.400518
0.003825	0.405566
0.003833	0.402741
0.003841	0.402858
0.003849	0.402708
0.003857	0.395689
0.003866	0.390813
0.003874	0.394077
0.003882	0.393076
0.003890	0.395902
0.003898	0.381427
0.003906	0.378056
0.003914	0.376908
0.003923	0.378606
0.003931	0.371046
0.003939	0.379291
0.003947	0.380820
0.003955	0.373240
0.003963	0.364161
0.003971	0.384592
0.003979	0.359465
0.003988	0.377566
0.003996	0.369415
0.004004	0.354282
0.004012	0.357669
0.004020	0.383190
0.004028	0.357573
0.004036	0.359217
0.004045	0.363417
0.004053	0.354712
0.004061	0.358715
0.004069	0.355234
0.004077	0.338701
0.004085	0.343780
0.004093	0.351906
0.004102	0.349004
0.004110	0.340619
0.004118	0.353810
0.004126	0.366637
0.004134	0.342631
0.004142	0.334348
0.004150	0.335281
0.004159	0.351792
0.004167	0.338067
0.004175	0.333013
0.004183	0.333844
0.004191	0.348914
0.004199	0.341933
0.004207	0.342869
0.004215	0.339033
0.004224	0.328388
0.004232	0.343115
0.004240	0.346969
0.004248	0.334893
0.004256	0.341675
0.004264	0.340237
0.004272	0.331347
0.004281	0.332511
0.004289	0.337886
0.004297	0.322154
0.004305	0.318468
0.004313	0.313948
0.004321	0.317980
0.004329	0.322103
0.004338	0.323216
0.004346	0.307482
0.004354	0.303711
0.004362	0.315607
0.004370	0.311718
0.004378	0.322321
0.004386	0.330484
0.004395	0.313097
0.004403	0.300280
0.004411	0.300609
0.004419	0.303380
0.004427	0.307977
0.004435	0.316240
0.004443	0.302731
0.004451	0.291860
0.004460	0.297074
0.004468	0.300179
0.004476	0.298171
0.004484	0.299311
0.004492	0.312052
0.004500	0.295677
0.004508	0.276407
0.004517	0.286275
0.004525	0.285038
0.004533	0.300062
0.004541	0.310871
0.004549	0.296149
0.004557	0.301532
0.004565	0.296558
0.004574	0.286098
0.004582	0.289328
0.004590	0.290588
0.004598	0.290127
0.004606	0.282951
0.004614	0.285684
0.004622	0.295440
0.004631	0.287655
0.004639	0.286630
0.004647	0.288923
0.004655	0.291690
0.004663	0.276297
0.004671	0.269570
0.004679	0.271569
0.004688	0.287341
0.004696	0.280255
0.004704	0.285726
0.004712	0.282557
0.004720	0.280448
0.004728	0.268639
0.004736	0.277120
0.004744	0.274979
0.004753	0.268223
0.004761	0.269298
0.004769	0.269353
0.004777	0.258104
0.004785	0.262280
0.004793	0.270672
0.004801	0.268449
0.004810	0.273043
0.004818	0.268307
0.004826	0.270049
0.004834	0.269113
0.004842	0.268477
0.004850	0.256908
0.004858	0.255942
0.004867	0.269098
0.004875	0.260510
0.004883	0.259920
0.004891	0.257221
0.004899	0.261431
0.004907	0.253960
0.004915	0.255108
0.004924	0.257075
0.004932	0.250021
0.004940	0.250637
0.004948	0.253467
0.004956	0.249184
0.004964	0.253472
0.004972	0.255144
0.004980	0.255709
0.004989	0.252354
0.004997	0.254388
0.005005	0.256205
0.005013	0.260570
0.005021	0.245866
0.005029	0.243145
0.005037	0.234874
0.005046	0.242519
0.005054	0.243186
0.005062	0.257028
0.005070	0.251290
0.005078	0.251487
0.005086	0.245126
0.005094	0.250277
0.005103	0.243470
0.005111	0.248506
0.005119	0.239171
0.005127	0.241937
0.005135	0.245093
0.005143	0.240405
0.005151	0.223427
0.005160	0.235318
0.005168	0.252520
0.005176	0.246684
0.005184	0.236202
0.005192	0.241581
0.005200	0.235525
0.005208	0.233612
0.005216	0.238304
0.005225	0.242841
0.005233	0.236090
0.005241	0.239643
0.005249	0.238331
0.005257	0.237667
0.005265	0.237738
0.005273	0.237065
0.005282	0.236758
0.005290	0.229090
0.005298	0.225272
0.005306	0.227355
0.005314	0.237383
0.005322	0.234670
0.005330	0.237114
0.005339	0.241274
0.005347	0.239240
0.005355	0.226447
0.005363	0.225897
0.005371	0.233302
0.005379	0.233061
0.005387	0.220966
0.005396	0.217317
0.005404	0.221722
0.005412	0.219445
0.005420	0.227745
0.005428	0.235040
0.005436	0.222015
0.005444	0.233239
0.005452	0.228338
0.005461	0.225215
0.005469	0.227280
0.005477	0.219671
0.005485	0.221956
0.005493	0.214894
0.005501	0.217252
0.005509	0.229667
0.005518	0.223990
0.005526	0.216854
0.005534	0.216426
0.005542	0.215000
0.005550	0.216644
0.005558	0.209096
0.005566	0.216146
0.005575	0.217780
0.005583	0.211279
0.005591	0.203119
0.005599	0.210283
0.005607	0.214546
0.005615	0.215680
0.005623	0.209159
0.005632	0.207079
0.005640	0.215152
0.005648	0.211235
0.005656	0.207472
0.005664	0.217328
0.005672	0.220806
0.005680	0.207361
0.005688	0.209833
0.005697	0.207145
0.005705	0.214107
0.005713	0.200507
0.005721	0.208923
0.005729	0.202456
0.005737	0.214073
0.005745	0.214990
0.005754	0.210291
0.005762	0.209640
0.005770	0.212801
0.005778	0.204843
0.005786	0.198830
0.005794	0.202836
0.005802	0.204507
0.005811	0.204454
0.005819	0.204762
0.005827	0.212170
0.005835	0.205451
0.005843	0.194399
0.005851	0.203198
0.005859	0.216054
0.005868	0.212440
0.005876	0.210006
0.005884	0.202822
0.005892	0.200534
0.005900	0.202761
0.005908	0.206788
0.005916	0.205365
0.005924	0.207434
0.005933	0.199777
0.005941	0.196880
0.005949	0.197262
0.005957	0.198732
0.005965	0.208191
0.005973	0.207742
0.005981	0.205341
0.005990	0.211906
0.005998	0.205689
0.006006	0.200753
0.006014	0.201386
0.006022	0.206765
0.006030	0.207346
0.006038	0.204339
0.006047	0.201517
0.006055	0.198020
0.006063	0.194467
0.006071	0.198605
0.006079	0.198949
0.006087	0.195114
0.006095	0.192043
0.006104	0.193681
0.006112	0.191142
0.006120	0.198777
0.006128	0.192831
0.006136	0.195365
0.006144	0.189143
0.006152	0.190137
0.006160	0.206043
0.006169	0.192711
0.006177	0.189788
0.006185	0.189091
0.006193	0.184335
0.006201	0.189690
0.006209	0.190919
0.006217	0.191103
0.006226	0.197899
0.006234	0.197589
0.006242	0.200886
0.006250	0.195066
0.006258	0.194030
0.006266	0.186586
0.006274	0.185997
0.006283	0.196145
0.006291	0.192567
0.006299	0.188092
0.006307	0.187998
0.006315	0.190605
0.006323	0.194192
0.006331	0.190848
0.006340	0.194130
0.006348	0.190577
0.006356	0.178622
0.006364	0.184948
0.006372	0.188947
0.006380	0.181614
0.006388	0.183467
0.006396	0.187171
0.006405	0.186418
0.006413	0.185430
0.006421	0.183358
0.006429	0.199271
0.006437	0.187488
0.006445	0.183180
0.006453	0.184055
0.006462	0.168367
0.006470	0.174456
0.006478	0.178769
0.006486	0.190797
0.006494	0.187562
0.006502	0.188307
0.006510	0.180361
0.006519	0.183406
0.006527	0.185516
0.006535	0.181232
0.006543	0.177061
0.006551	0.181763
0.006559	0.182967
0.006567	0.185147
0.006576	0.183103
0.006584	0.170132
0.006592	0.177170
0.006600	0.187287
0.006608	0.181848
0.006616	0.182686
0.006624	0.183746
0.006632	0.188156
0.006641	0.182695
0.006649	0.182276
0.006657	0.179172
0.006665	0.175448
0.006673	0.180030
0.006681	0.186026
0.006689	0.175698
0.006698	0.173563
0.006706	0.177736
0.006714	0.177682
0.006722	0.174625
0.006730	0.172590
0.006738	0.175585
0.006746	0.182016
0.006755	0.173483
0.006763	0.169337
0.006771	0.168354
0.006779	0.177036
0.006787	0.179960
0.006795	0.172513
0.006803	0.166487
0.006812	0.176268
0.006820	0.175847
0.006828	0.181917
0.006836	0.177072
0.006844	0.169748
0.006852	0.172168
0.006860	0.177728
0.006868	0.178183
0.006877	0.174976
0.006885	0.172846
0.006893	0.172363
0.006901	0.172475
0.006909	0.172558
0.006917	0.175635
0.006925	0.182807
0.006934	0.175274
0.006942	0.173599
0.006950	0.176615
0.006958	0.174571
0.006966	0.178728
0.006974	0.177706
0.006982	0.175647
0.006991	0.176026
0.006999	0.173280
0.007007	0.170510
0.007015	0.174789
0.007023	0.170815
0.007031	0.169445
0.007039	0.170674
0.007048	0.172661
0.007056	0.170206
0.007064	0.174764
0.007072	0.178233
0.007080	0.179663
0.007088	0.176840
0.007096	0.169931
0.007104	0.173594
0.007113	0.165395
0.007121	0.166554
0.007129	0.168363
0.007137	0.169013
0.007145	0.172080
0.007153	0.176238
0.007161	0.172599
0.007170	0.171688
0.007178	0.166735
0.007186	0.170532
0.007194	0.166648
0.007202	0.170746
0.007210	0.168968
0.007218	0.171547
0.007227	0.170787
0.007235	0.173079
0.007243	0.167847
0.007251	0.170273
0.007259	0.161654
0.007267	0.162721
0.007275	0.168428
0.007284	0.172855
0.007292	0.169916
0.007300	0.168542
0.007308	0.162298
0.007316	0.161213
0.007324	0.162194
0.007332	0.171402
0.007340	0.166909
0.007349	0.174012
0.007357	0.170004
0.007365	0.163041
0.007373	0.174117
0.007381	0.168593
0.007389	0.172851
0.007397	0.171019
0.007406	0.167169
0.007414	0.167940
0.007422	0.170139
0.007430	0.165336
0.007438	0.168899
0.007446	0.166485
0.007454	0.166209
0.007463	0.167927
0.007471	0.169181
0.007479	0.167106
0.007487	0.160245
0.007495	0.158750
0.007503	0.163091
0.007511	0.169232
0.007520	0.171409
0.007528	0.176618
0.007536	0.169305
0.007544	0.162266
0.007552	0.159146
0.007560	0.165149
0.007568	0.165128
0.007576	0.166344
0.007585	0.165371
0.007593	0.162825
0.007601	0.167743
0.007609	0.172252
0.007617	0.167870
0.007625	0.164056
0.007633	0.166618
0.007642	0.164128
0.007650	0.164399
0.007658	0.164120
0.007666	0.161780
0.007674	0.163686
0.007682	0.169954
0.007690	0.163445
0.007699	0.158476
0.007707	0.160445
0.007715	0.163466
0.007723	0.161356
0.007731	0.164661
0.007739	0.170566
0.007747	0.168884
0.007756	0.172830
0.007764	0.164998
0.007772	0.157571
0.007780	0.164446
0.007788	0.161565
0.007796	0.161106
0.007804	0.163975
0.007812	0.168650
0.007821	0.165828
0.007829	0.167009
0.007837	0.167847
0.007845	0.166665
0.007853	0.161834
0.007861	0.159635
0.007869	0.162595
0.007878	0.160655
0.007886	0.167134
0.007894	0.167883
0.007902	0.162094
0.007910	0.168245
0.007918	0.167256
0.007926	0.159985
0.007935	0.160880
0.007943	0.165004
0.007951	0.164599
0.007959	0.162101
0.007967	0.162916
0.007975	0.160116
0.007983	0.163746
0.007992	0.169429
0.008000	0.166235
0.008008	0.160938
0.008016	0.165625
0.008024	0.170747
0.008032	0.168264
0.008040	0.161397
0.008049	0.164477
0.008057	0.164279
0.008065	0.162463
0.008073	0.159480
0.008081	0.158791
0.008089	0.163388
0.008097	0.161922
0.008105	0.158370
0.008114	0.163060
0.008122	0.164015
0.008130	0.158643
0.008138	0.161608
0.008146	0.165632
0.008154	0.162630
0.008162	0.160184
0.008171	0.162310
0.008179	0.165251
0.008187	0.163966
0.008195	0.170158
0.008203	0.169990
0.008211	0.167018
0.008219	0.173593
0.008228	0.162922
0.008236	0.156572
0.008244	0.159502
0.008252	0.150393
0.008260	0.161288
0.008268	0.168185
0.008276	0.161176
0.008285	0.163798
0.008293	0.170266
0.008301	0.167320
0.008309	0.167784
0.008317	0.163632
0.008325	0.168135
