0.594397	1.941595
1.151419	3.015773
0.754427	2.142448
0.744540	1.804925
0.698511	2.204715
0.915273	3.038909
0.941209	3.100549
0.692166	2.192166
0.852907	3.225000
1.139432	3.476025
0.725926	2.842592
0.746154	2.564456
0.884458	3.242522
0.996633	2.853535
0.563181	1.886057
1.093455	2.889091
0.587629	1.855670
0.534571	1.795824
0.584648	1.706397
1.075525	2.966434
0.894379	2.903550
0.594667	1.881333
0.804022	2.893566
0.869231	3.191716
0.772030	2.375000
0.744246	2.121483
0.564768	1.739451
0.660000	2.167778
1.062467	3.087139
0.996139	2.606950
0.817127	3.170995
1.027762	3.314730
0.748352	2.789560
0.517732	1.637320
0.629167	1.880702
1.031818	2.972727
0.659708	1.935908
0.644907	1.896065
0.828184	3.398374
0.572899	1.861555
0.820472	2.797375
0.652027	2.163739
0.750643	2.626992
0.855340	3.331392
0.798633	2.040775
0.682732	2.204124
0.718778	2.138009
0.960337	2.042067
0.848441	1.941580
0.856250	3.463750
1.113746	3.224398
0.774400	2.054933
0.678851	2.143678
0.883155	2.975134
0.954516	2.897742
0.841692	3.124774
0.606393	2.079452
0.545798	1.665126
0.563655	1.631092
0.819730	2.809459
0.858453	3.159599
0.724863	2.825956
0.487238	1.779916
0.775066	2.884881
0.951307	3.664706
0.867898	3.230682
0.695476	2.078095
0.623853	1.891284
0.679425	2.043142
0.992878	3.353116
0.721299	2.719481
0.650948	2.113270
0.755615	2.902941
1.085965	3.117544
0.829692	3.318207
0.759302	2.109767
1.054682	2.953933
0.692890	2.039908
0.873226	3.298710
0.742040	2.223881
0.895767	2.958201
0.800668	2.076169
0.795977	2.650862
0.774817	2.175061
0.950498	3.018937
0.561633	1.711429
0.692494	2.133414
0.750276	2.520718
0.924031	2.806977
0.615827	2.250599
0.572541	1.630328
0.628604	2.085583
1.075298	2.984226
1.135075	2.962687
0.622637	1.887692
0.863747	2.064233
1.158800	3.501600
0.886446	3.143675
1.091000	2.743000
0.741162	2.115981
0.582090	1.877399
1.108696	2.864855
0.602883	1.843681
1.133704	3.060000
0.663636	2.160140
0.635023	2.102995
0.676886	2.078832
0.938112	2.804895
0.846084	3.062650
0.609874	1.816177
0.583156	1.875266
0.922691	2.271240
0.650435	2.047174
0.776253	3.236939
0.617281	1.950691
0.705941	2.215594
0.838663	3.154651
0.710690	2.053897
1.601219	2.525203
1.133333	3.049291
1.055782	2.994558
1.333433	3.151343
0.682116	2.085390
0.612473	1.783589
0.541704	1.956054
0.898466	3.652147
0.806667	3.224545
0.642079	2.153960
0.554957	1.681035
0.790830	1.931441
0.924586	2.755525
0.998039	2.810131
0.559579	1.809895
1.074662	3.027027
0.615177	1.859668
0.680091	1.989593
0.968285	2.919741
1.133452	3.062634
0.654976	2.153317
0.816164	1.712284
0.781562	1.832538
1.126175	2.806040
0.764198	2.210865
0.805222	3.201045
0.750694	1.910417
0.865982	2.947214
0.979217	3.255723
0.603486	1.882571
0.686241	2.145454
0.972667	2.997334
0.975284	3.284659
0.653196	1.915525
0.570124	1.706432
0.681141	2.306203
0.905178	3.130097
1.299632	2.806985
0.960778	3.476347
0.882418	3.268132
0.612890	1.897089
1.067698	2.783162
0.825776	3.130124
0.687097	2.124566
0.559827	1.761123
1.014815	3.216498
1.023256	2.840310
0.769312	2.378836
0.661806	1.956944
0.830563	3.027078
0.619565	1.892174
1.212577	3.466871
0.763255	2.383989
0.677574	2.123570
1.041547	3.068481
0.641315	2.026761
0.688043	1.922174
0.824709	3.262500
0.985855	2.971381
1.101825	2.889051
0.519628	1.709711
1.001282	3.317308
0.876190	2.851190
0.790168	2.099041
0.829226	2.753868
0.872571	2.907429
0.726829	2.643361
0.700000	2.179949
1.075986	2.713979
0.565962	1.901480
0.712626	2.175505
0.688732	1.974178
1.127559	2.729921
1.119858	2.920567
0.677123	1.928774
1.067037	3.331111
0.625227	1.870682
0.734870	2.674640
0.536961	1.760370
0.820718	2.518508
0.762169	2.630159
0.830027	3.617355
0.601277	2.016809
1.293116	2.713768
0.927393	2.692739
0.724368	1.789655
0.889362	2.194681
0.574777	1.846652
0.787793	2.019483
0.608272	2.054988
0.914179	2.169154
0.654545	2.428256
0.941049	3.376543
0.804913	3.011850
0.884890	2.898352
0.885507	3.531595
0.560327	1.699591
0.577984	1.578807
1.278869	3.182738
0.640541	1.933264
0.871137	3.206122
0.629536	1.714346
0.607522	1.922345
0.624439	2.047534
0.666167	1.759101
0.792714	2.771608
0.990190	3.068354
0.804573	3.128659
0.716919	2.024242
1.015753	2.809247
1.256678	3.089902
0.772081	2.660660
0.619256	1.878994
1.054167	2.791667
1.089420	2.851877
0.835695	3.378474
1.233459	3.024436
0.951667	3.684667
0.723706	2.342507
0.639556	1.946445
0.576042	1.768958
0.691041	2.112591
0.670953	1.896452
0.777570	1.969860
0.983099	2.676760
0.573617	1.946596
0.900590	3.143068
0.883891	3.148936
0.774537	2.215741
0.659953	1.982227
0.718841	3.235073
0.687467	2.974400
0.607982	2.059645
0.862422	3.361491
0.753482	2.542618
0.832203	3.187853
1.064431	3.070262
0.998625	3.112027
0.954671	2.966782
0.691771	2.056858
0.929900	3.281395
0.827059	2.822941
1.052174	2.903261
1.229641	3.323952
0.985479	2.973927
0.747545	2.437726
0.973885	3.369745
0.891160	3.034254
1.162948	2.684861
0.648421	1.805474
0.636816	2.132836
1.038462	3.238757
1.608846	2.841923
0.923762	3.231353
0.600939	2.154930
0.638771	2.108038
0.912429	3.003107
1.463035	3.230739
0.893556	2.098568
0.857377	3.119344
0.594658	1.921154
0.675060	2.131655
1.151562	2.713672
1.257944	3.552649
0.947634	3.070978
0.830081	2.530352
1.053125	3.407813
0.716368	1.934753
0.843137	3.149580
0.683461	2.292875
0.602059	2.134096
0.835079	2.723560
0.657078	2.136530
0.659712	2.348681
1.668254	2.868651
1.250980	2.959216
0.669507	1.962780
1.079252	2.879592
0.644581	1.902045
1.285274	2.574315
1.044886	3.057386
1.098017	3.232011
0.828000	2.166667
0.568583	1.591581
1.090262	3.197753
0.804805	3.142643
0.661060	2.026498
0.938947	3.271228
0.989677	2.936451
0.731964	1.982877
0.731401	2.161353
0.807090	2.044743
0.782192	2.692877
1.028280	3.245190
0.748177	2.534375
0.972206	2.989972
0.685909	2.040682
1.339927	3.105861
0.872555	3.198738
0.790909	2.243850
1.069427	3.101593
0.641964	2.108259
0.798315	3.175281
0.746753	3.377403
0.745243	1.650529
0.743020	2.681767
0.639914	2.131330
1.182490	2.944747
0.892113	2.867887
0.944477	3.069186
1.010773	3.129005
0.977863	2.826336
0.824008	1.638831
0.767822	2.017327
0.994637	3.027445
0.655658	2.026559
0.613062	1.852677
0.872149	2.975332
0.648712	1.822747
0.786400	2.787467
0.864067	2.962395
1.068241	2.836220
0.917143	3.017143
0.761538	2.018589
0.876106	3.294690
0.773504	3.000570
1.005654	3.453003
1.128777	2.802158
0.668293	2.112439
0.896154	3.051923
0.834341	2.558516
0.659330	2.369139
1.697976	2.895547
0.601242	1.760041
1.146642	2.723135
0.695652	2.219693
1.087458	2.951187
0.799469	2.867374
0.945725	2.713383
1.433579	2.885240
1.143431	3.237956
0.688864	2.038085
1.580972	2.730769
0.775074	3.482196
0.740713	2.585242
0.776685	2.980618
0.645755	1.984434
1.081570	3.056997
1.014286	3.214618
0.699743	2.216710
0.936593	3.141325
0.646681	1.670124
0.706250	2.181971
0.696241	2.204762
0.545987	1.983297
1.039752	3.085404
0.947988	3.176780
1.029500	2.501750
0.642857	2.083900
0.654502	2.011848
0.798841	3.055072
0.940950	3.368843
0.661336	1.946778
0.897253	3.034615
1.290526	2.759298
0.557265	1.823077
0.621901	1.888430
1.228682	3.016666
1.311448	2.838721
0.594749	2.175799
0.731579	2.988722
0.757441	2.748564
0.596391	1.739915
0.824728	3.092120
1.189753	2.898587
0.704384	1.915658
0.630222	1.822667
0.995341	3.379212
1.240726	2.923387
0.972542	3.004068
0.865130	3.013545
0.780396	1.869824
0.925323	2.135400
0.714889	1.728222
1.112500	3.515000
0.874777	3.083383
0.985638	2.428724
1.056977	2.882946
1.356782	3.085489
1.231660	2.738224
0.886782	3.179885
1.045055	2.917949
0.757609	2.514130
0.733724	2.091569
0.779885	3.044828
0.705000	2.150000
0.845646	3.131832
0.650611	2.072372
0.568153	1.947558
0.903216	3.345980
0.649099	1.826802
0.795494	1.723605
1.119926	2.817343
0.788509	3.705280
0.581385	1.918615
1.104000	2.832000
1.041319	3.172917
0.705388	1.886422
0.653882	1.973176
0.827838	3.361081
1.424621	2.617424
0.716173	2.420485
0.784570	3.048368
0.884593	3.178779
0.615755	1.984901
0.572784	1.625361
1.249821	2.969893
1.042697	2.871348
0.940418	2.867596
0.639111	2.063555
0.871111	2.211111
1.081818	3.207954
0.693237	2.073430
1.062264	2.838113
0.600000	2.075593
0.747273	2.022500
0.682851	1.724276
0.666587	2.124038
1.180286	3.218571
0.696932	1.899796
0.783799	3.297765
0.745062	3.032099
1.197308	2.721154
0.827778	3.270278
0.709893	2.177540
0.708076	2.210689
0.577189	1.987788
0.570259	1.830388
1.147651	2.898658
1.124837	3.384640
1.027609	2.733333
1.145126	3.286643
1.261888	2.835315
0.830252	3.080112
0.802117	2.703968
1.124074	2.904444
0.805249	2.966022
1.223954	3.100760
1.006711	2.988255
1.344231	3.020769
0.753457	2.488564
1.024803	2.851181
1.297378	2.983520
0.693061	1.653061
0.555699	1.958925
1.208949	3.087160
1.019310	3.482414
0.630145	1.692724
0.983509	2.833684
0.634792	1.968709
0.697368	1.960048
0.594444	1.975556
0.598081	1.994883
0.773799	1.902402
0.630785	1.615702
1.047518	2.837943
0.585996	1.822757
0.605652	1.956304
0.708708	3.041011
1.351575	2.783071
0.608405	1.945690
0.641928	1.810762
0.973653	3.408084
0.867647	3.175000
1.007612	3.202076
0.848105	3.290087
0.595492	1.788115
0.993968	3.045397
0.719712	2.093750
0.943692	3.275384
0.709214	3.017615
1.146570	3.163177
0.890274	3.292402
0.624717	2.041270
0.772236	2.409255
1.004332	2.863538
1.067714	2.917428
1.101190	3.011111
0.649180	1.859016
0.590066	1.882340
0.733596	2.648819
0.874221	3.172521
0.886889	2.762468
1.213889	2.544792
0.636387	2.317303
1.079322	2.810848
1.064179	3.011940
0.948667	2.969000
0.655841	2.061215
1.082306	2.445040
0.806484	2.186783
0.819619	3.241417
0.727594	2.017217
1.109412	3.035294
0.665577	1.923529
1.191870	2.697155
1.420968	2.991935
0.862985	3.102388
1.172819	3.552349
0.570348	1.705521
1.191716	3.201184
0.708333	2.583889
0.845058	2.749419
0.651535	2.019079
0.871105	2.952408
1.108680	3.315625
0.696218	1.833193
1.242742	2.767742
0.988108	2.555946
1.210606	3.063636
0.934835	3.002402
0.976087	2.930745
0.889524	3.464445
0.577848	1.779536
0.795294	3.124412
0.583077	1.728352
0.711719	2.411979
0.793023	2.281137
1.167433	2.735249
1.158333	3.065334
0.550830	1.671577
1.233562	3.305137
1.016778	2.715772
0.587364	1.801307
0.718359	1.801728
1.139015	2.678030
0.817935	3.117120
0.856757	3.384384
0.687891	1.899582
0.616810	1.911207
0.723472	2.179951
0.631602	1.982035
0.833143	3.009714
0.696241	2.046115
1.663740	2.817939
0.849580	2.778151
1.012375	3.016722
0.976744	2.912625
1.092123	2.955822
1.220530	3.317881
0.643119	2.162844
0.654920	1.979863
1.142361	2.731944
0.745844	2.166499
0.795467	2.873600
0.882990	3.324227
0.629385	1.992939
0.743655	2.458375
0.685112	2.191315
0.734169	1.954898
0.726897	1.896092
0.763080	1.713713
1.165555	3.067222
0.976752	3.480892
0.921867	2.854133
0.962577	3.420859
0.642174	1.893695
0.954945	3.262088
0.644493	1.898018
0.577053	2.039158
0.762051	2.508718
0.598765	1.527572
0.982583	3.433633
1.170566	2.931321
0.876608	3.009942
0.979753	2.161975
0.596774	1.721720
1.406667	2.736079
0.716803	1.736271
0.580624	1.792650
0.877711	3.310542
0.647404	1.890971
0.757219	2.286631
1.278138	2.750203
0.994968	3.001887
1.198810	2.886508
0.896463	2.892926
0.868091	2.971795
1.473256	2.798062
0.644130	1.917174
0.542181	1.768930
1.148822	3.015488
0.706436	2.138614
0.617363	2.081099
0.834943	3.145738
0.747340	3.103192
1.251550	2.995349
0.576892	1.822495
0.787187	2.655432
0.911076	3.138924
0.626303	2.172986
1.183643	2.636059
1.024138	2.713793
1.284800	2.867600
0.767568	2.291352
0.615611	1.972172
0.842980	3.679942
0.663134	2.082949
0.721053	2.215789
1.154251	2.550202
0.606485	1.661506
1.022671	3.212733
0.591304	2.039588
0.630474	2.006320
0.966221	3.124749
1.038571	2.695357
0.588210	1.673474
0.620690	2.167127
1.008311	3.064075
0.974403	3.027304
0.667376	2.128369
0.980000	3.172381
0.539619	1.895551
0.856322	3.191092
1.160870	3.091700
0.754315	2.743909
0.924412	3.175588
0.584466	2.025728
0.829080	3.450149
0.823982	2.106335
0.596091	1.765844
0.646170	1.808936
0.701042	2.207552
0.608977	1.845929
0.568172	1.746237
0.751566	1.764718
0.977966	2.971525
1.166535	2.921260
0.777654	3.284637
0.956211	3.413354
0.807954	2.890057
1.162382	3.005956
0.651259	1.887414
0.666977	2.078837
0.730075	2.153383
0.574390	1.565650
0.918605	3.151453
1.423938	2.669498
0.953571	2.861071
0.710644	2.270050
0.646953	2.049436
0.771823	3.095027
0.715717	2.252164
1.310769	2.651923
0.935000	3.393125
1.057249	2.835688
1.157729	2.915457
0.656854	2.004494
0.937288	2.689830
1.431408	2.696029
0.848815	2.121090
0.799726	2.399178
0.917081	3.241925
0.676349	1.851867
0.724603	2.650794
0.591973	2.013761
0.599140	1.886451
1.110000	3.260741
1.174330	2.972414
0.598458	2.078194
0.723798	2.252404
0.972468	3.394620
0.848406	3.457971
0.655720	2.025424
0.680263	2.012061
0.760377	2.177897
1.071918	3.075342
0.810633	2.355696
1.919522	3.062151
0.538821	1.705284
0.619222	1.783585
0.619865	2.032506
0.894704	3.447040
1.694403	2.983582
1.252685	3.195637
0.975371	3.043323
0.872571	2.833143
0.868438	3.352500
0.658447	1.911187
1.189456	2.709184
0.587556	1.941333
0.772075	3.031915
0.925839	3.235235
0.624714	2.005034
0.929530	2.956040
0.585558	1.965864
0.591244	1.995392
0.818374	3.225602
0.736066	3.166940
1.044554	2.891089
0.774790	2.963305
0.721094	2.593229
0.939577	3.281571
1.377257	3.280936
0.625688	2.149312
0.842053	3.227152
0.788679	2.911860
0.968557	2.345876
0.890746	3.274329
0.829193	3.345341
0.742748	2.404835
0.785979	2.834127
0.730159	2.160318
0.648571	2.121191
0.526680	1.590224
0.706718	2.173902
0.553469	1.785918
0.732809	2.141348
0.748387	2.866935
0.867976	3.279154
0.932087	3.045794
0.682713	2.360638
0.800286	3.015714
0.799125	3.078426
1.203042	2.883650
1.336585	3.092276
0.657234	1.847872
1.063177	2.948014
1.116312	2.560638
0.633256	2.072517
0.966559	3.836335
0.968070	3.236842
0.881638	2.937853
0.672834	2.109836
0.731313	2.088889
0.660705	2.488413
1.069728	2.954422
0.987021	3.205605
0.743846	2.251538
1.387302	2.990873
1.035862	2.955862
0.687277	2.690840
0.955272	2.897763
1.076453	3.199709
1.182650	3.194322
0.882809	1.895807
0.650572	2.102975
1.017993	2.998270
1.148507	2.865672
0.763349	2.337621
0.804202	2.830532
1.202400	3.044000
0.635244	1.771974
0.604832	1.883613
0.690215	2.043675
0.970025	2.343577
0.547817	1.784823
0.861602	2.851933
1.038855	3.239759
0.947095	3.203670
1.303239	2.932389
0.711547	1.944804
0.928028	3.411073
1.043478	2.866221
0.894956	3.250148
0.779758	3.136556
1.214176	2.596935
0.862883	3.265644
0.838437	3.036562
0.574424	1.765619
0.832845	3.203226
1.288845	2.733068
0.562667	1.876000
1.093116	2.837681
1.170526	3.041053
0.705808	2.195202
1.193916	2.619772
0.676923	2.164423
0.573727	2.043381
0.559698	1.800431
0.692908	2.144681
0.616942	1.887397
1.130769	2.897902
0.664267	2.419200
0.631333	1.901111
0.573176	1.916309
0.765509	2.218858
0.674631	2.108128
0.903416	3.155590
0.706906	2.813812
0.618022	2.194286
0.540286	1.883231
0.656796	1.949272
0.598441	1.936303
0.602746	1.997483
0.733598	2.366402
0.717918	2.081356
0.696750	2.144500
1.259864	3.448980
0.829882	2.008235
0.756764	2.783024
0.702892	2.145783
1.018831	3.150649
0.977711	3.055422
1.025333	3.158000
0.716250	2.554000
1.462671	3.242808
0.973630	2.758904
0.911661	2.937102
0.700625	1.912292
0.741469	2.686730
1.082014	2.858633
0.974671	3.155263
0.917560	3.260119
1.098830	2.925438
0.923926	3.207362
1.002632	2.248158
1.252510	3.023166
0.593792	2.066297
0.951761	2.932042
0.739467	2.879733
0.937249	3.225788
0.652038	2.116786
0.813703	3.131196
0.794293	2.374194
0.635011	1.819694
1.016045	2.812314
0.802564	3.570370
1.217153	3.012774
1.184064	2.792032
0.709412	3.076176
0.597602	1.861631
0.668901	3.110992
0.658667	1.851333
0.661190	2.037381
1.164822	2.574308
0.664760	2.109153
0.559504	1.720248
0.706906	2.700000
0.617537	1.708977
0.812249	1.995768
1.158974	2.975824
0.714660	2.254974
0.718483	2.219668
0.757083	1.726042
0.851471	3.399118
0.641425	2.083296
0.826781	2.974929
0.714921	2.979843
1.208185	2.949822
1.144068	3.144068
0.675238	2.099524
0.708696	2.122883
1.188148	2.842592
0.672211	1.701895
0.667373	1.851907
0.716389	3.475000
1.154380	2.479197
0.580392	1.887146
0.603674	1.789184
0.609317	1.622981
0.586000	1.989778
0.649176	1.974588
0.983933	2.981994
0.844780	2.872802
1.065693	3.197445
1.112615	3.339692
0.573051	1.910245
1.198456	3.081467
0.890031	2.957010
0.885976	3.344512
1.105263	2.873684
1.049511	3.315635
1.057863	3.139169
0.816550	2.076457
0.850838	3.261732
0.676869	2.120327
0.738830	2.919681
1.182031	2.749609
1.428340	2.786640
1.285600	2.983200
1.014737	3.237895
0.607246	2.153140
0.900565	3.214689
0.901105	2.398343
0.780526	2.885000
0.862162	2.903003
0.624123	2.067763
1.174359	2.821612
0.781140	1.921272
0.623358	2.028467
0.643056	1.969676
0.625467	2.291589
0.992204	2.969355
0.980268	2.898997
0.603409	1.911364
0.672877	1.834434
1.164844	2.908594
0.915842	3.342574
1.426378	3.057480
0.691192	3.117357
1.136727	2.712000
0.686229	1.726695
0.902894	3.478778
0.997134	3.076114
1.195635	2.744444
0.600885	1.919248
0.618722	2.017401
0.592133	1.828779
1.822984	2.795564
0.766310	2.192246
0.867774	2.945515
1.497736	2.695849
0.671503	2.209585
1.475494	2.611067
0.876438	3.045479
0.818987	1.982532
0.879758	3.506344
0.985484	2.819032
1.008278	3.201987
0.715196	2.175735
0.715349	1.955814
0.636092	1.958851
0.601271	1.927754
0.892194	1.853376
0.664234	2.152798
0.847059	3.073235
0.994464	2.757786
0.942295	2.827869
0.567591	1.889979
0.603864	1.858409
0.815705	3.117308
0.771174	2.410969
0.816964	3.593750
0.709787	1.660000
1.021875	3.417014
1.403239	2.925911
0.912435	2.159326
0.724819	2.130602
0.631398	1.879355
0.831609	2.912644
0.853846	3.385207
1.140221	3.088930
1.014182	3.012727
0.663839	1.972768
1.063333	2.818148
0.569753	1.736008
0.729471	2.383627
0.639905	2.210927
1.460569	3.278455
0.893884	3.214373
1.323906	3.407071
1.575304	2.639271
0.693052	2.239454
0.628989	2.097303
1.382288	2.405535
0.921639	3.281312
0.763768	1.990580
1.226744	3.096900
0.734826	2.105224
0.678818	2.464039
0.650773	1.980353
1.128374	2.670934
1.049664	3.162751
0.682979	2.096217
0.671216	2.069727
1.083978	3.034807
1.106552	2.915517
0.739344	2.852186
0.666667	2.097917
0.894183	2.022148
0.589954	2.028311
1.029206	3.312381
0.862696	3.328527
0.743666	2.729650
0.710941	2.329516
1.430943	2.637736
0.680720	2.152442
0.822113	2.593120
0.750138	2.702755
0.725128	2.053590
0.802492	3.342990
1.216475	2.729119
1.149825	3.198246
1.162105	3.070526
0.552311	1.864076
0.839489	2.948580
0.557895	1.948684
0.791507	2.113376
0.760422	2.323219
0.801847	3.538259
0.869778	1.980222
0.642069	2.160230
0.802695	3.363612
0.987043	3.199003
1.066667	2.984375
0.853976	2.216386
0.693231	1.742576
0.621970	2.091161
0.617673	1.957718
0.654146	2.502195
0.777708	1.669375
1.162816	2.812274
0.837576	3.219394
1.050347	3.172917
0.710024	2.176611
0.785867	2.879733
0.562449	1.959592
0.816369	3.325893
0.664387	2.020519
0.639592	1.843061
0.917586	3.021034
0.782500	2.826666
0.653319	1.814602
1.041667	2.788043
0.665574	2.127166
0.902508	3.228840
0.867435	3.398271
0.700723	2.110603
1.032734	2.755396
0.816077	3.002894
1.064507	3.223662
0.870926	3.204792
1.133462	2.851539
0.618828	1.894352
0.704872	2.127692
0.615665	1.664163
0.687765	2.110588
0.601339	1.873214
0.705459	1.880131
0.871158	2.243735
0.854952	3.233546
1.261686	2.837548
0.564557	1.820042
1.054754	2.977705
1.020906	2.833450
1.269485	2.700735
1.189892	2.870397
0.629412	1.997549
0.955172	3.101379
0.723684	2.163158
0.608125	1.930833
1.422137	2.604580
0.662381	2.241667
1.239300	2.926070
0.831751	2.975964
0.574359	1.960470
0.861610	3.243034
1.333439	3.024290
0.903980	2.538558
0.698708	2.703618
0.626415	1.777358
0.878115	3.285714
1.018466	3.315341
1.255738	2.971475
0.756620	2.995775
0.607552	2.116705
1.200380	2.760836
0.798214	3.529762
0.667472	2.060879
0.789294	1.768793
0.656512	2.266512
1.071959	3.019257
0.633766	1.908874
0.707673	2.052430
1.044445	2.922580
0.787664	2.158792
0.961765	2.631250
0.593578	2.065596
0.886686	3.163314
0.948701	3.069480
1.003226	3.250000
0.557173	1.656329
0.983729	3.083390
1.434324	3.319802
1.034854	3.291857
0.874041	2.956047
1.087188	3.024063
1.135390	3.153572
0.788235	3.389164
0.531429	1.562041
1.042274	3.107289
1.025175	2.998951
0.655474	2.119951
0.641775	1.918182
1.095502	2.824567
1.046875	2.649432
1.286447	2.893040
0.701823	2.463802
0.529278	1.674227
1.018315	2.989377
0.803659	3.148781
0.815775	3.063099
0.743401	2.981980
1.252721	3.591156
0.944345	3.231548
0.751344	2.876075
1.095679	3.181790
0.584025	1.815975
0.778647	1.923256
0.808855	1.822030
0.691874	1.797968
0.699227	2.251031
0.654937	2.132405
0.926512	1.956279
0.890000	3.186363
1.291635	3.315589
0.559459	1.767568
0.781026	2.261282
0.831450	2.112285
0.631455	2.118075
0.679577	1.852817
0.815669	3.312821
0.719780	1.965714
0.680384	1.993603
0.754354	2.657520
1.241057	2.672764
1.122140	2.701845
0.597216	1.609850
0.779135	2.121883
0.657995	2.493767
1.453585	2.650944
0.752926	2.394911
0.886218	3.222436
0.621782	2.382673
0.713811	2.134271
0.861919	3.168023
0.850820	2.927049
0.676284	2.095355
1.000629	3.151258
1.330100	2.849498
0.580870	1.775217
0.575000	1.658197
0.666667	1.873243
0.786835	3.182353
0.615848	1.760714
0.948415	3.050144
1.140909	2.798951
0.617312	2.126424
0.650801	2.178490
0.634043	1.970922
1.018021	2.985512
0.655180	1.860586
0.946587	3.365578
1.202631	2.804511
0.599545	2.032046
0.970648	3.021843
0.848476	3.462805
1.026175	3.032886
0.973871	3.105161
0.671631	2.116312
0.835258	3.014590
0.650312	1.878794
0.912010	2.022304
1.110545	2.732727
0.823200	2.909600
1.127341	2.791386
0.874277	3.017919
0.619731	2.004484
0.663882	2.681572
1.128521	3.042253
0.585507	1.704348
0.711685	1.796629
0.596681	1.958186
0.842042	3.180480
0.616107	1.942058
1.380488	2.763415
0.718932	2.043447
0.968293	3.013937
0.682922	1.602881
0.971852	3.310000
1.146746	3.518639
0.745478	2.700775
1.348737	3.106137
1.242292	2.993281
0.654430	2.110127
0.770960	2.163934
0.598925	1.967097
0.657349	2.178554
1.233071	2.965354
0.827089	3.218444
0.923050	3.028014
1.028070	2.938245
1.123050	2.710284
1.114029	3.048202
0.774263	2.337533
0.997850	3.100000
0.760000	2.292619
1.036101	3.343321
0.841176	3.317338
0.761026	2.514872
1.123358	2.914234
0.628721	1.882600
0.876602	3.514763
1.548450	2.727907
0.776901	3.048732
0.861347	2.147132
0.790571	3.088857
0.728390	1.862924
0.583475	1.757203
0.853388	3.058808
0.794964	2.147962
0.975329	3.067434
0.776230	2.935792
1.125101	3.119433
0.570988	1.704733
0.944411	3.036254
0.714655	3.089655
0.610377	2.004245
0.739510	2.913079
0.702676	2.122384
1.123320	2.823716
0.869075	3.424566
0.639651	2.000249
0.687097	1.991244
0.808267	2.888533
0.627802	1.991595
1.057971	3.038768
0.828212	2.333501
0.564490	1.875918
1.119231	2.674231
1.090763	2.622490
0.620979	2.146154
0.492355	1.791116
1.020788	3.036559
0.728647	3.342971
0.813636	3.352841
1.014603	3.113016
0.560833	1.580833
0.744750	2.518250
0.923104	3.043448
0.525000	2.004060
0.713519	2.043348
0.916321	2.948664
1.290210	3.026573
0.773458	2.657909
1.200602	3.009940
0.898494	3.642470
1.148905	2.893066
0.849113	3.054142
0.850423	3.096620
0.673529	2.101961
0.598795	2.048674
0.742485	3.219943
0.936741	3.460064
1.013553	2.959707
1.147464	3.286594
1.314961	2.491338
1.053521	3.135563
0.767639	2.989655
1.363968	2.694737
1.243284	2.875000
0.972727	3.534545
0.679582	2.030859
1.191532	3.279032
1.032550	2.813758
0.986066	3.010383
0.787224	2.304914
0.775522	3.474030
0.714133	1.899572
0.928646	2.398958
0.617328	1.680167
0.591376	1.895072
1.283784	2.810811
0.726005	2.746917
1.028058	2.623382
0.963636	3.032288
1.267509	2.714440
0.606306	1.830856
1.021603	2.547387
1.072603	3.116096
0.898045	3.193296
0.965495	3.160064
1.324211	3.072280
0.579318	1.813859
0.922785	3.400949
0.627912	1.966593
0.886742	2.034832
1.162500	3.460938
0.627195	1.820128
1.043142	2.179302
0.749561	1.925000
0.612073	1.886105
1.284982	2.902564
1.051786	2.890000
1.133106	2.892491
0.814937	2.244304
0.859468	3.100888
0.782456	2.251379
0.566228	2.100439
0.811518	2.620681
1.674016	2.979922
0.697199	3.140336
0.744670	2.122589
0.813578	1.996983
0.806587	2.873054
1.041333	2.789867
0.748970	2.048970
0.797695	2.931124
0.895413	3.418960
0.879063	3.828125
1.065555	2.848519
1.215444	2.647877
0.622414	2.120690
0.550106	1.709091
1.049621	3.052652
1.053137	2.558302
0.754545	3.179765
0.754802	2.927401
0.911589	3.054305
0.790365	2.226302
0.728708	2.207895
0.594911	1.802434
0.815922	2.081006
0.629814	1.836853
0.614194	1.938710
0.753933	1.948315
0.576971	1.664108
0.661616	2.287374
1.039007	2.841844
0.680503	1.772327
0.537295	1.837910
0.917901	3.161728
1.085811	3.029054
0.969937	3.189240
1.035789	2.564912
0.993667	2.845000
0.833243	2.742703
1.167451	2.815686
0.968732	3.025070
0.669628	1.712397
1.024000	3.224571
1.287879	3.372727
0.640547	1.925285
0.730918	2.022222
1.067081	2.950310
0.762238	1.976923
0.741514	2.819060
0.612438	2.196766
1.197407	2.596296
0.726020	2.779082
0.866492	2.643979
0.642299	1.839913
0.590022	2.065854
1.375627	2.590681
0.662530	2.094404
0.633543	1.795597
0.633047	1.814807
0.887879	2.706061
0.990780	3.093262
0.630149	1.863694
1.207252	3.716794
1.060138	2.669072
1.165108	3.222302
0.603319	2.140708
0.608489	1.765010
0.495923	1.738627
0.537719	2.111623
0.604167	1.920614
0.826462	2.574930
0.812712	3.569209
0.657562	2.112416
0.971988	3.137650
0.824728	2.875815
0.784062	2.946272
1.189630	2.856296
0.713386	2.216273
0.775243	2.044903
0.784922	1.823282
1.083916	2.963636
0.628664	1.757112
0.823573	2.017370
1.196414	3.017530
0.794118	3.337166
0.586653	1.696610
0.945858	2.803846
0.673523	2.096499
0.645202	2.139142
1.013293	3.061934
1.090741	3.151852
1.106406	3.058363
0.641880	1.923718
0.634537	1.872461
0.776213	2.031640
0.808378	3.041081
1.021739	2.816722
1.285603	2.754086
0.834644	2.124816
0.751256	2.046231
0.798485	1.908442
1.136220	2.874803
1.091908	3.359826
0.836761	2.622622
0.638142	2.064792
1.400794	2.682540
0.871474	3.017949
0.605520	1.951380
0.667684	2.107888
0.593008	1.792161
0.633186	1.953761
0.632432	1.891667
0.664908	2.120413
0.853251	3.085139
0.671285	2.227959
0.648918	2.061039
0.567427	1.728009
0.959270	3.041573
1.058528	2.699331
0.787097	2.573925
0.711633	1.710204
0.678827	2.360714
1.400974	2.963312
0.743275	3.302339
1.136594	2.572464
0.661443	2.175871
0.622275	2.030095
0.939502	2.873310
0.548060	1.811423
1.171642	2.647388
1.032094	3.257095
0.657108	2.075000
0.696419	2.925064
0.637719	1.886623
0.805189	2.081368
1.111930	2.947368
1.080602	3.082274
0.853474	3.078852
0.862751	3.325501
1.258400	3.009600
0.678851	2.049196
0.619583	2.093125
0.584267	1.814871
1.228174	2.755159
0.822561	3.240854
0.590870	1.971957
0.730645	2.130108
1.358333	2.827652
1.169291	2.911417
1.200391	2.942578
0.799105	3.519105
0.831552	2.366667
0.992051	2.428462
0.610917	1.819214
0.769613	3.035635
0.855043	3.142363
0.559305	1.758691
0.608426	1.963858
0.765854	2.138781
0.640411	2.127854
0.875000	2.959483
0.620267	1.782183
1.316466	3.264659
1.122143	3.413214
0.750000	2.988587
0.961859	2.955769
1.209584	3.310544
0.726566	2.217794
0.760247	2.302222
0.670927	2.614537
0.785559	2.515259
1.256333	2.992333
1.233824	2.761765
1.113806	2.695149
0.803284	3.273432
0.705025	2.152010
0.575751	1.862661
0.858766	3.125325
1.104673	2.973832
0.524066	1.722199
0.624450	2.132274
0.588063	2.104054
1.069760	2.823368
0.951118	2.937380
0.871045	3.317910
0.540984	1.570902
0.625234	2.149299
0.720655	2.579597
0.635886	1.952735
0.556302	1.813865
1.106569	2.683212
1.244151	2.649434
0.703810	2.220476
0.919572	3.177982
0.764853	1.931973
0.938012	3.144445
1.050586	2.049414
0.610482	1.844864
1.200372	2.686989
0.924582	2.108831
0.579167	1.906140
0.897917	3.160714
1.228302	2.733962
1.120702	2.845263
0.780223	2.604735
0.759847	3.050640
1.289338	2.831618
1.002609	3.079130
1.037838	3.487568
0.952508	3.339131
0.772256	3.434146
0.831850	2.116627
0.632083	1.960208
0.828723	2.456117
0.716849	2.123195
0.758621	2.281432
0.727548	2.601102
0.638695	1.987179
1.226848	2.691051
1.183696	3.000362
0.931325	2.994879
0.472577	1.671134
1.320312	2.809375
0.851571	2.590576
0.619959	2.053564
0.639855	2.125604
0.583673	1.886621
1.403861	2.875290
1.053151	2.596438
0.743089	3.297290
1.482828	2.979125
0.896784	3.516374
0.833708	3.025843
0.682687	2.192506
1.289516	2.843548
0.714646	2.523990
1.104779	2.678676
1.103460	3.085121
1.230081	3.200000
0.658352	2.108238
0.666832	1.929703
0.819174	3.072567
0.757798	2.076835
0.688778	2.484040
0.660263	2.332632
0.744888	2.114963
1.412308	2.764615
0.906402	3.369512
0.955692	3.126769
0.905085	3.394915
0.759845	2.755440
0.692167	2.438903
0.594521	1.944521
1.080479	3.072260
1.212598	3.194094
0.656057	1.933492
1.123313	3.140797
0.617699	1.916372
0.526653	1.663430
0.498984	1.701626
0.945122	3.139939
0.652889	1.947111
0.759290	3.136885
0.851936	1.997039
0.797289	3.184940
1.192664	2.821236
1.000974	3.402597
0.857015	3.336119
1.311654	2.771053
0.755014	2.413821
1.019850	2.768165
1.097213	2.691638
0.593402	1.844949
0.641149	1.973563
0.690931	2.096897
0.960450	2.899035
0.952787	3.079344
1.195950	3.001869
0.949826	3.019512
0.688512	2.477807
0.892787	3.457705
0.841547	3.206017
0.752430	2.206650
0.767708	3.145052
1.092033	2.923352
0.572651	1.749269
0.758453	2.563324
0.853988	2.964110
0.872542	2.784407
0.983389	3.264784
0.767449	2.977712
0.933894	3.083754
0.729645	1.815031
0.632558	2.022791
0.852836	3.024776
0.645359	1.926793
0.619277	1.961446
0.596226	1.996855
0.783486	2.046789
0.804985	3.028739
0.945118	3.375084
0.899668	2.764452
0.642731	1.898458
0.920065	3.068932
0.562757	1.782305
0.803641	3.136975
1.189818	2.697091
1.000318	3.459236
0.997112	2.953430
0.687257	1.735205
0.680610	2.142919
1.115358	2.954607
0.699501	2.589776
1.167881	2.997682
1.312551	2.871255
0.622595	2.124385
0.603688	1.794360
1.628571	3.138095
0.697632	2.133684
0.830000	3.317188
1.040650	2.806911
1.027483	2.862914
0.666362	2.115332
0.951361	2.519388
0.999713	3.056609
0.764021	2.352910
0.803095	2.314286
0.807260	2.014286
0.962720	2.666247
1.031208	3.088591
0.761235	2.361482
0.922109	3.004081
0.740556	2.243056
0.953453	3.333633
0.917284	3.174383
1.065480	2.821708
0.995548	2.773972
0.902147	3.128528
0.650000	2.284483
0.828146	1.804348
1.468182	2.873485
0.737028	2.653904
0.539381	1.840825
0.644231	2.167788
1.142000	3.081600
0.752603	3.069315
0.750620	2.106204
0.642650	1.686957
0.660981	2.092056
0.618891	1.791170
0.959752	2.889473
0.799451	2.911264
1.143056	2.931250
0.806297	2.221159
0.978646	2.180208
0.861976	3.008383
0.961685	2.707065
1.627308	3.326539
0.579289	1.773431
1.178889	2.665555
0.638681	1.991429
0.663185	2.204178
0.746615	2.393229
0.618590	1.869017
0.683127	2.120844
0.952695	3.329641
0.720309	2.074393
0.935986	2.913149
0.704728	2.187707
1.319758	2.877823
0.730688	2.127778
0.917333	3.261000
1.088853	3.008525
0.867493	2.989256
0.913291	2.856645
1.261165	3.328479
0.709662	2.187681
0.644246	2.165473
0.805779	2.558292
0.730263	2.967369
1.136431	3.043494
0.833810	2.238571
0.594589	1.761039
0.653548	1.880000
0.957595	3.128165
0.651270	1.991686
0.629054	2.164414
0.629439	2.003505
0.732115	2.393472
0.970588	2.214834
0.551016	1.675813
0.882849	3.251163
1.103957	2.947482
0.534656	1.835908
1.148518	2.582963
1.108077	2.934231
0.915705	3.268589
0.644318	2.219773
0.827326	2.683139
0.674178	2.315728
1.043413	2.988024
0.787500	3.399085
0.855639	2.245113
0.577917	1.666458
1.293522	2.702429
0.729810	3.019512
0.766993	2.102200
0.858462	3.431693
0.763920	1.856793
1.025094	2.710112
0.581184	1.745454
1.421790	2.568872
1.075362	2.860145
1.022040	3.418750
0.833143	3.562857
0.891395	3.378932
0.528719	1.785537
0.607660	1.815957
0.982639	2.963194
0.663111	2.066000
0.663364	1.976959
1.459790	2.643007
0.892903	3.209032
0.651770	2.069248
0.609131	1.995323
0.804130	3.071091
0.937433	2.398930
0.713382	2.186131
0.892235	2.214588
0.937248	2.986577
0.568502	1.945375
0.596991	2.118287
0.631429	2.026191
0.817995	2.210797
0.705930	1.642740
0.671635	2.284375
0.623832	1.999299
1.378846	2.706154
0.606731	2.067068
0.980405	3.135473
0.774105	3.212397
0.612332	2.137892
0.597018	2.016284
0.758621	2.219894
0.722747	1.778112
0.773368	2.457180
1.015974	2.934185
0.750546	2.997541
1.339405	2.845353
0.854023	3.207759
0.571429	1.654037
1.453012	3.226506
0.946853	2.765035
0.560047	2.124533
1.297287	3.031783
1.041852	3.146667
1.059259	2.652963
1.027088	2.555696
1.214131	2.673188
1.094079	2.901644
1.015646	3.064966
0.912704	2.954723
0.996178	2.936943
0.519409	1.773629
1.454510	2.837255
0.795227	2.065394
1.027562	3.124735
0.638901	2.027692
0.941369	3.411905
1.083776	3.005900
0.557917	1.735625
1.317255	2.892549
0.995865	2.957143
0.867222	2.757778
1.294139	2.957509
0.923743	3.075140
1.478623	2.835869
0.798834	2.057343
0.620945	1.995482
0.802941	2.907941
0.589979	1.895616
0.800000	3.122191
0.629978	2.053244
1.342966	3.059696
0.585510	1.714490
1.004560	3.542020
0.907717	3.231833
0.782444	2.029111
1.229603	2.796751
0.545662	1.977398
1.380162	3.006883
1.071269	2.870896
1.220769	2.689231
0.727321	3.162600
0.634158	2.307921
0.736389	2.459167
0.784474	2.802105
0.661055	2.147739
0.759530	3.073890
0.608447	1.963470
1.135161	2.909355
0.724552	2.599233
1.095256	2.825548
0.744941	2.186823
0.581990	2.069668
0.834704	2.624422
1.243511	2.553435
1.063806	3.329851
0.850307	3.235889
1.282508	2.797030
1.268955	2.953134
1.079934	2.981250
0.558812	1.573361
0.830838	3.047904
0.587730	1.840082
0.564213	1.667076
1.173208	2.833585
0.607640	1.888539
0.907273	3.109610
0.661978	1.882198
1.214098	3.104262
0.697393	2.136256
0.837432	2.474044
0.708294	2.172986
0.997980	3.046801
0.779752	1.622314
0.667667	2.066282
1.147390	2.621285
0.547228	2.021064
0.557325	1.827388
0.547368	1.786105
0.776519	2.794475
0.594595	1.978829
0.572784	1.884742
0.672944	2.200796
0.875472	2.417520
0.614165	1.755391
0.596882	1.888774
0.666667	2.169953
1.005744	2.278590
0.603112	1.915560
0.635714	1.995536
1.042857	2.843609
0.816224	3.322419
0.691791	2.037313
0.630849	1.899793
0.875313	2.878438
0.813569	3.190265
0.996091	3.312378
1.157191	2.775251
1.280292	2.927737
0.917431	3.426300
1.158823	3.272549
0.716901	2.158451
0.663700	2.052459
0.703480	2.148028
0.565298	1.781520
0.692462	3.111307
0.830256	2.446923
0.927010	3.308681
1.049458	3.067148
0.760160	3.120053
0.854701	3.006838
1.023837	3.267733
0.710963	2.236364
0.648426	2.323002
0.888889	3.103801
0.800538	3.341666
1.517883	3.108029
0.683855	2.464337
1.059524	2.948639
0.998131	3.099689
0.754918	3.031147
0.927397	2.889041
0.681195	1.914823
0.610707	1.697002
0.789884	3.487861
1.094318	2.643182
1.111722	2.879487
0.945223	2.891083
0.834560	1.867485
1.119164	2.889895
1.028772	3.023509
0.880381	2.705994
0.867806	2.974644
0.632688	1.853118
1.205755	3.030575
1.067442	3.201163
0.610120	2.074940
1.181159	2.637681
0.618565	1.859705
0.920063	3.094671
0.817971	3.345797
0.574836	1.948140
0.548755	1.639419
1.482422	2.687891
0.833425	2.941644
0.891515	3.328788
0.702179	2.219128
0.760870	2.476726
0.963438	3.198437
0.693155	3.345833
0.850153	3.184098
0.959596	2.141161
0.786705	3.027746
0.719856	2.151436
1.112941	2.727059
0.773750	2.248000
0.846537	3.059834
1.289431	2.597561
0.861290	3.227859
1.241456	3.211709
0.690191	2.093062
1.267692	2.913538
1.348136	2.835254
1.224476	2.935664
0.620043	2.017457
0.825356	3.145584
0.954261	3.215341
0.689901	2.268965
0.723134	2.375373
1.631061	2.569697
0.934680	3.446801
0.859236	3.145860
1.256522	3.106719
0.627689	1.985584
0.908108	2.726216
0.703226	1.967742
0.575105	1.927824
1.176113	2.858705
1.194118	2.950196
0.604911	2.036384
0.669603	1.631718
0.576275	1.952772
0.968730	3.120196
0.680723	2.169157
0.766022	2.960497
0.769515	2.100693
1.334798	2.847253
0.894581	2.168719
0.665990	2.217259
0.765097	2.427978
1.363492	2.856746
0.513333	1.589167
0.770278	2.918056
0.872269	2.555462
1.125175	2.656293
0.658798	2.042060
1.007869	2.974426
0.626024	1.991084
1.422925	3.132016
1.436437	2.909717
0.982807	3.027719
0.938534	2.107801
1.132197	3.135606
0.858621	3.109483
0.858807	3.613068
1.021186	3.127684
0.530917	1.849254
0.631522	1.993478
0.890881	3.010030
0.908696	2.859710
0.862385	3.616513
0.658636	1.960000
0.772973	2.348649
0.743099	3.212676
0.699464	2.795442
0.936982	3.371598
0.877359	3.191509
0.656085	2.305026
0.540570	1.896272
1.127473	2.776190
0.688832	2.560152
1.104762	3.589206
0.901829	3.357622
0.599070	2.143954
1.140187	2.983800
0.652871	2.041627
0.922169	2.052048
0.715365	3.275521
0.556125	1.777060
0.986956	3.026421
0.781127	3.111831
1.026899	3.000949
0.679254	2.052214
0.823692	3.507077
0.948266	3.072254
1.283758	3.254140
0.635023	2.206913
1.197203	2.945454
1.214386	3.214386
0.837349	3.173193
1.706000	2.920000
