0.000000	280.860199
0.000017	790.120544
0.000035	892.392883
0.000052	913.209961
0.000070	910.406250
0.000087	912.894470
0.000104	919.689270
0.000122	979.081604
0.000139	949.708496
0.000156	978.390747
0.000174	1010.973633
0.000191	1011.922974
0.000209	1043.944336
0.000226	1112.144775
0.000243	1114.479370
0.000261	1197.354126
0.000278	1274.899414
0.000296	1345.239624
0.000313	1297.670776
0.000330	1377.361084
0.000348	1466.193481
0.000365	1568.328247
0.000383	1607.476685
0.000400	1651.180298
0.000417	1655.116577
0.000435	1825.054688
0.000452	1780.123169
0.000469	1955.432373
0.000487	2005.975830
0.000504	2298.281738
0.000522	2386.916748
0.000539	2595.793457
0.000556	2572.939941
0.000574	2773.584473
0.000591	2829.398438
0.000609	3228.681152
0.000626	3289.200684
0.000643	3060.959473
0.000661	3273.237305
0.000678	3412.313721
0.000695	3283.840820
0.000713	3405.067871
0.000730	3242.119873
0.000748	2907.712158
0.000765	2927.171143
0.000782	2849.139648
0.000800	2547.780029
0.000817	2371.825439
0.000835	2162.269775
0.000852	1913.831909
0.000869	1849.900146
0.000887	1561.933350
0.000904	1336.398071
0.000921	1256.615845
0.000939	1114.324829
0.000956	916.801697
0.000974	907.999695
0.000991	788.346680
0.001008	695.750244
0.001026	627.761475
0.001043	635.450928
0.001061	496.581543
0.001078	470.174774
0.001095	415.380707
0.001113	332.228149
0.001130	342.408539
0.001148	297.595245
0.001165	291.721161
0.001182	236.024490
0.001200	231.015289
0.001217	242.910172
0.001234	222.955734
0.001252	207.714508
0.001269	192.270645
0.001287	181.529053
0.001304	142.423447
0.001321	149.026474
0.001339	140.651093
0.001356	135.072021
0.001374	125.303291
0.001391	125.763916
0.001408	109.204704
0.001426	113.871109
0.001443	113.520012
0.001460	111.453705
0.001478	99.849220
0.001495	102.242508
0.001513	92.831055
0.001530	90.390526
0.001547	78.610847
0.001565	84.684349
0.001582	80.078247
0.001600	77.334694
0.001617	66.641151
0.001634	70.408913
0.001652	63.691547
0.001669	64.406075
0.001687	53.987556
0.001704	52.673656
0.001721	52.844376
0.001739	53.032509
0.001756	48.344425
0.001773	45.722195
0.001791	38.995392
0.001808	44.843079
0.001826	37.326946
0.001843	37.569252
0.001860	34.362823
0.001878	33.410378
0.001895	29.967319
0.001913	29.573444
0.001930	28.839890
0.001947	30.553469
0.001965	23.258978
0.001982	24.022869
0.001999	20.685825
0.002017	22.526920
0.002034	19.071320
0.002052	18.982861
0.002069	16.578474
0.002086	18.986235
0.002104	14.923246
0.002121	16.314915
0.002139	14.033223
0.002156	13.303502
0.002173	10.429682
0.002191	13.574831
0.002208	10.081076
0.002226	11.820283
0.002243	10.021619
0.002260	11.714891
0.002278	9.650870
0.002295	9.354771
0.002312	7.276296
0.002330	9.719176
0.002347	6.399662
0.002365	7.215309
0.002382	5.470911
0.002399	7.365459
0.002417	6.449476
0.002434	6.856642
0.002452	5.699482
0.002469	5.770611
0.002486	3.760255
0.002504	4.843112
0.002521	3.028531
0.002538	3.904610
0.002556	2.193548
0.002573	4.606655
0.002591	2.872821
0.002608	3.417712
0.002625	2.076912
0.002643	3.147650
0.002660	2.308299
0.002678	3.047576
0.002695	1.173952
0.002712	2.403889
0.002730	0.622684
0.002747	2.542134
0.002764	1.012831
0.002782	2.191919
0.002799	0.158668
0.002817	1.562356
0.002834	0.393463
0.002851	1.148392
0.002869	-0.178262
0.002886	0.672978
0.002904	-0.201962
0.002921	1.020687
0.002938	-0.881863
0.002956	0.529054
0.002973	-0.694991
0.002991	0.059175
0.003008	-1.076507
0.003025	-0.148655
0.003043	-1.099820
0.003060	0.057464
0.003077	-0.908463
0.003095	-0.256015
0.003112	-1.070449
0.003130	-0.582394
0.003147	-1.335078
0.003164	-0.590044
0.003182	-1.542798
0.003199	-1.073060
0.003217	-1.536367
0.003234	-0.666468
0.003251	-1.748183
0.003269	-0.753781
0.003286	-1.435909
0.003303	-0.860950
0.003321	-1.316610
0.003338	-1.200632
0.003356	-1.546997
0.003373	-1.258572
0.003390	-1.928816
0.003408	-0.956942
0.003425	-1.758621
0.003443	-1.410044
0.003460	-2.069749
0.003477	-1.407529
0.003495	-1.968706
0.003512	-1.178265
0.003530	-2.110103
0.003547	-1.056857
0.003564	-2.259366
0.003582	-1.449793
0.003599	-1.870982
0.003616	-1.399185
0.003634	-2.219430
0.003651	-1.382530
0.003669	-2.222507
0.003686	-1.455569
0.003703	-1.974833
0.003721	-1.364431
0.003738	-2.204463
0.003756	-1.542992
0.003773	-2.007951
0.003790	-1.480561
0.003808	-2.189763
0.003825	-1.741825
0.003842	-2.069921
0.003860	-1.360002
0.003877	-2.079439
0.003895	-1.536605
0.003912	-2.047607
0.003929	-1.469008
0.003947	-2.272367
0.003964	-1.619266
0.003982	-1.931482
0.003999	-1.684666
0.004016	-2.138361
0.004034	-1.672659
0.004051	-2.188685
0.004069	-1.612919
0.004086	-1.963821
0.004103	-1.583520
0.004121	-1.960696
0.004138	-1.772503
0.004155	-1.959254
0.004173	-1.683846
0.004190	-2.140587
0.004208	-1.593100
0.004225	-2.046715
0.004242	-1.480263
0.004260	-2.064767
0.004277	-1.706283
0.004295	-2.116984
0.004312	-1.687041
0.004329	-1.856664
0.004347	-1.617947
0.004364	-1.991535
0.004381	-1.665304
0.004399	-1.901786
0.004416	-1.544855
0.004434	-2.100208
0.004451	-1.648516
0.004468	-2.023353
0.004486	-1.616776
0.004503	-1.960940
0.004521	-1.575823
0.004538	-1.889554
0.004555	-1.454856
0.004573	-1.978395
0.004590	-1.568452
0.004607	-1.872373
0.004625	-1.547062
0.004642	-1.877454
0.004660	-1.530640
0.004677	-1.833760
0.004694	-1.573651
0.004712	-1.906618
0.004729	-1.599254
0.004747	-1.812376
0.004764	-1.605831
0.004781	-1.905168
0.004799	-1.465250
0.004816	-1.849879
0.004834	-1.454790
0.004851	-1.801302
0.004868	-1.504139
0.004886	-1.720862
0.004903	-1.471306
0.004920	-1.737115
0.004938	-1.452318
0.004955	-1.747072
0.004973	-1.498176
0.004990	-1.711151
0.005007	-1.431250
0.005025	-1.731985
0.005042	-1.412732
0.005060	-1.734537
0.005077	-1.454553
0.005094	-1.726895
0.005112	-1.444327
0.005129	-1.687295
0.005146	-1.385180
0.005164	-1.656586
0.005181	-1.390370
0.005199	-1.611182
0.005216	-1.366513
0.005233	-1.661066
0.005251	-1.410612
0.005268	-1.618389
0.005286	-1.366119
0.005303	-1.619398
0.005320	-1.372742
0.005338	-1.570252
0.005355	-1.328534
0.005373	-1.498605
0.005390	-1.321396
0.005407	-1.522375
0.005425	-1.277600
0.005442	-1.513791
0.005459	-1.285055
0.005477	-1.516244
0.005494	-1.318065
0.005512	-1.504409
0.005529	-1.271903
0.005546	-1.493907
0.005564	-1.273103
0.005581	-1.453618
0.005599	-1.225580
0.005616	-1.443685
0.005633	-1.236737
0.005651	-1.447811
0.005668	-1.206678
0.005685	-1.459607
0.005703	-1.227548
0.005720	-1.395763
0.005738	-1.183880
0.005755	-1.436141
0.005772	-1.199289
0.005790	-1.373316
0.005807	-1.194845
0.005825	-1.362241
0.005842	-1.191000
0.005859	-1.353650
0.005877	-1.132309
0.005894	-1.354839
0.005912	-1.158166
0.005929	-1.352988
0.005946	-1.125812
0.005964	-1.317662
0.005981	-1.135398
0.005998	-1.298264
0.006016	-1.092109
0.006033	-1.275491
0.006051	-1.087050
0.006068	-1.261841
0.006085	-1.080692
0.006103	-1.277235
0.006120	-1.086378
0.006138	-1.245835
0.006155	-1.070776
0.006172	-1.230611
0.006190	-1.055694
0.006207	-1.189126
0.006224	-1.020505
0.006242	-1.192918
0.006259	-1.031879
0.006277	-1.167536
0.006294	-1.027889
0.006311	-1.196748
0.006329	-1.019765
0.006346	-1.202980
0.006364	-1.012396
0.006381	-1.166492
0.006398	-1.032297
0.006416	-1.148425
0.006433	-0.987003
0.006450	-1.130645
0.006468	-0.976427
0.006485	-1.111151
0.006503	-0.964969
0.006520	-1.117582
0.006537	-0.966106
0.006555	-1.097883
0.006572	-0.914892
0.006590	-1.068106
0.006607	-0.928944
0.006624	-1.059114
0.006642	-0.913127
0.006659	-1.049150
0.006677	-0.907495
0.006694	-1.044908
0.006711	-0.918974
0.006729	-1.018244
0.006746	-0.893204
0.006763	-1.024635
0.006781	-0.872298
0.006798	-1.020544
0.006816	-0.876953
0.006833	-1.000273
0.006850	-0.863509
0.006868	-0.993500
0.006885	-0.852084
0.006903	-0.967717
0.006920	-0.847599
0.006937	-0.981170
0.006955	-0.815234
0.006972	-0.967522
0.006989	-0.822508
0.007007	-0.944554
0.007024	-0.824944
0.007042	-0.932416
0.007059	-0.823580
0.007076	-0.926819
0.007094	-0.805261
0.007111	-0.930677
0.007129	-0.785845
0.007146	-0.918714
0.007163	-0.773919
0.007181	-0.893242
0.007198	-0.790529
0.007216	-0.886729
0.007233	-0.765326
0.007250	-0.867665
0.007268	-0.754067
0.007285	-0.876711
0.007302	-0.748372
0.007320	-0.860507
0.007337	-0.745253
0.007355	-0.857734
0.007372	-0.739902
0.007389	-0.860214
0.007407	-0.715814
0.007424	-0.830922
0.007442	-0.717406
0.007459	-0.824541
0.007476	-0.713147
0.007494	-0.801298
0.007511	-0.700417
0.007528	-0.804829
0.007546	-0.692656
0.007563	-0.788304
0.007581	-0.694019
0.007598	-0.777477
0.007615	-0.662823
0.007633	-0.774268
0.007650	-0.689668
0.007668	-0.771892
0.007685	-0.660292
0.007702	-0.752757
0.007720	-0.658700
0.007737	-0.748969
0.007755	-0.650299
0.007772	-0.746467
0.007789	-0.652361
0.007807	-0.734873
0.007824	-0.619866
0.007841	-0.722570
0.007859	-0.625537
0.007876	-0.709883
0.007894	-0.616250
0.007911	-0.703601
0.007928	-0.612592
0.007946	-0.699953
0.007963	-0.602517
0.007981	-0.699344
0.007998	-0.599838
0.008015	-0.678733
0.008033	-0.600720
0.008050	-0.672250
0.008067	-0.591153
0.008085	-0.673552
0.008102	-0.582829
0.008120	-0.666480
0.008137	-0.574401
0.008154	-0.653375
0.008172	-0.572726
0.008189	-0.653604
0.008207	-0.569155
0.008224	-0.633777
0.008241	-0.553532
0.008259	-0.638018
0.008276	-0.550746
0.008293	-0.618078
0.008311	-0.536358
0.008328	-0.624881
0.008346	-0.536629
0.008363	-0.606213
0.008380	-0.519245
0.008398	-0.601007
0.008415	-0.531458
0.008433	-0.601508
0.008450	-0.525423
0.008467	-0.591620
0.008485	-0.515013
0.008502	-0.583621
0.008520	-0.497167
0.008537	-0.569640
0.008554	-0.501400
0.008572	-0.564935
0.008589	-0.498353
0.008606	-0.561263
0.008624	-0.493272
0.008641	-0.561837
0.008659	-0.482213
0.008676	-0.554324
0.008693	-0.481123
0.008711	-0.551039
0.008728	-0.473104
0.008746	-0.531146
0.008763	-0.474976
0.008780	-0.532551
0.008798	-0.472300
0.008815	-0.529372
0.008832	-0.450981
0.008850	-0.520807
0.008867	-0.452563
0.008885	-0.517882
0.008902	-0.444689
0.008919	-0.514004
0.008937	-0.442227
0.008954	-0.504826
0.008972	-0.443929
0.008989	-0.499367
0.009006	-0.434961
0.009024	-0.484290
0.009041	-0.424918
0.009059	-0.482969
0.009076	-0.424826
0.009093	-0.487746
0.009111	-0.414691
0.009128	-0.468476
0.009145	-0.412695
0.009163	-0.468373
0.009180	-0.411047
0.009198	-0.459564
0.009215	-0.404409
0.009232	-0.463188
0.009250	-0.404736
0.009267	-0.452842
0.009285	-0.397016
0.009302	-0.438824
0.009319	-0.395142
0.009337	-0.446176
0.009354	-0.385533
0.009371	-0.438410
0.009389	-0.385779
0.009406	-0.423013
0.009424	-0.380379
0.009441	-0.437514
0.009458	-0.372889
0.009476	-0.427747
0.009493	-0.374949
0.009511	-0.418932
0.009528	-0.369424
0.009545	-0.413926
0.009563	-0.362220
0.009580	-0.410591
0.009597	-0.358147
0.009615	-0.408725
0.009632	-0.355428
0.009650	-0.397650
0.009667	-0.347831
0.009684	-0.398575
0.009702	-0.345834
0.009719	-0.391301
0.009737	-0.338922
0.009754	-0.386875
0.009771	-0.340392
0.009789	-0.384859
0.009806	-0.330535
0.009824	-0.372110
0.009841	-0.326891
0.009858	-0.372577
0.009876	-0.324056
0.009893	-0.369966
0.009910	-0.321849
0.009928	-0.368560
0.009945	-0.319867
0.009963	-0.363699
0.009980	-0.317810
0.009997	-0.354978
0.010015	-0.313372
0.010032	-0.349983
0.010050	-0.309908
0.010067	-0.348129
0.010084	-0.302733
0.010102	-0.343335
0.010119	-0.302755
0.010136	-0.341101
0.010154	-0.298330
0.010171	-0.334019
0.010189	-0.288999
0.010206	-0.331568
0.010223	-0.292704
0.010241	-0.324932
0.010258	-0.282485
0.010276	-0.322547
0.010293	-0.278739
0.010310	-0.315828
0.010328	-0.280375
0.010345	-0.318196
0.010363	-0.275258
0.010380	-0.313426
0.010397	-0.277962
0.010415	-0.305908
0.010432	-0.267980
0.010449	-0.301565
0.010467	-0.262454
0.010484	-0.299571
0.010502	-0.261893
0.010519	-0.299110
0.010536	-0.259630
0.010554	-0.291666
0.010571	-0.257758
0.010589	-0.287336
0.010606	-0.251462
0.010623	-0.286034
0.010641	-0.250839
0.010658	-0.284283
0.010675	-0.242956
0.010693	-0.278019
0.010710	-0.244924
0.010728	-0.277719
0.010745	-0.241822
0.010762	-0.272047
0.010780	-0.237275
0.010797	-0.267891
0.010815	-0.236025
0.010832	-0.262580
0.010849	-0.233086
0.010867	-0.262130
0.010884	-0.228843
0.010902	-0.261656
0.010919	-0.226242
0.010936	-0.255638
0.010954	-0.224481
0.010971	-0.249356
0.010988	-0.221445
0.011006	-0.251130
0.011023	-0.215675
0.011041	-0.246309
0.011058	-0.216570
0.011075	-0.241105
0.011093	-0.215251
0.011110	-0.243313
0.011128	-0.209617
0.011145	-0.238146
0.011162	-0.211963
0.011180	-0.233584
0.011197	-0.204836
0.011214	-0.231602
0.011232	-0.206778
0.011249	-0.224761
0.011267	-0.197330
0.011284	-0.223670
0.011301	-0.195577
0.011319	-0.220745
0.011336	-0.194564
0.011354	-0.216118
0.011371	-0.188699
0.011388	-0.215942
0.011406	-0.191169
0.011423	-0.212194
0.011440	-0.185557
0.011458	-0.209114
0.011475	-0.185581
0.011493	-0.207305
0.011510	-0.184095
0.011527	-0.202412
0.011545	-0.178822
0.011562	-0.201735
0.011580	-0.175156
0.011597	-0.197619
0.011614	-0.174296
0.011632	-0.196977
0.011649	-0.173399
0.011667	-0.190885
0.011684	-0.167418
0.011701	-0.190660
0.011719	-0.165283
0.011736	-0.186838
0.011753	-0.162516
0.011771	-0.185917
0.011788	-0.164242
0.011806	-0.184729
0.011823	-0.161829
0.011840	-0.183316
0.011858	-0.156238
0.011875	-0.178352
0.011893	-0.155983
0.011910	-0.177531
0.011927	-0.155929
0.011945	-0.173274
0.011962	-0.152777
0.011979	-0.171840
0.011997	-0.148217
0.012014	-0.167830
0.012032	-0.146090
0.012049	-0.166635
0.012066	-0.144206
0.012084	-0.165236
0.012101	-0.141790
0.012119	-0.161660
0.012136	-0.140926
0.012153	-0.158033
0.012171	-0.137665
0.012188	-0.158874
0.012206	-0.141369
0.012223	-0.156709
0.012240	-0.134776
0.012258	-0.154607
0.012275	-0.136193
0.012292	-0.150998
0.012310	-0.133211
0.012327	-0.147774
0.012345	-0.131926
0.012362	-0.144579
0.012379	-0.128969
0.012397	-0.143209
0.012414	-0.126112
0.012432	-0.140792
0.012449	-0.126346
0.012466	-0.137267
0.012484	-0.121405
0.012501	-0.136964
0.012518	-0.121798
0.012536	-0.135929
0.012553	-0.119921
0.012571	-0.133069
0.012588	-0.115888
0.012605	-0.131206
0.012623	-0.117016
0.012640	-0.129807
0.012658	-0.114836
0.012675	-0.126283
0.012692	-0.113124
0.012710	-0.125563
0.012727	-0.109349
0.012745	-0.121489
0.012762	-0.107255
0.012779	-0.122336
0.012797	-0.108267
0.012814	-0.117958
0.012831	-0.105385
0.012849	-0.118223
0.012866	-0.104268
0.012884	-0.116074
0.012901	-0.101031
0.012918	-0.114863
0.012936	-0.098713
0.012953	-0.112525
0.012971	-0.100496
0.012988	-0.111038
0.013005	-0.095617
0.013023	-0.107358
0.013040	-0.095210
0.013057	-0.107084
0.013075	-0.093368
0.013092	-0.106496
0.013110	-0.092533
0.013127	-0.104565
0.013144	-0.090991
0.013162	-0.101581
0.013179	-0.088591
0.013197	-0.101881
0.013214	-0.088324
0.013231	-0.098571
0.013249	-0.087702
0.013266	-0.097502
0.013283	-0.084742
0.013301	-0.094568
0.013318	-0.084062
0.013336	-0.093669
0.013353	-0.082389
0.013370	-0.092394
0.013388	-0.080550
0.013405	-0.091781
0.013423	-0.080486
0.013440	-0.090750
0.013457	-0.078463
0.013475	-0.088004
0.013492	-0.077419
0.013510	-0.087838
0.013527	-0.075253
0.013544	-0.084748
0.013562	-0.072504
0.013579	-0.083252
0.013596	-0.072729
0.013614	-0.080987
0.013631	-0.072858
0.013649	-0.081463
0.013666	-0.069263
0.013683	-0.077458
0.013701	-0.068657
0.013718	-0.076252
0.013736	-0.067344
0.013753	-0.075875
0.013770	-0.066763
0.013788	-0.072692
0.013805	-0.064772
0.013822	-0.073860
0.013840	-0.063284
0.013857	-0.071986
0.013875	-0.062196
0.013892	-0.070036
0.013909	-0.062094
0.013927	-0.070345
0.013944	-0.059998
0.013962	-0.068114
0.013979	-0.059280
0.013996	-0.065738
0.014014	-0.057372
0.014031	-0.065631
0.014049	-0.057256
0.014066	-0.064110
0.014083	-0.057097
0.014101	-0.062432
0.014118	-0.053907
0.014135	-0.061902
0.014153	-0.054041
0.014170	-0.059378
0.014188	-0.052868
0.014205	-0.058271
0.014222	-0.051728
0.014240	-0.057365
0.014257	-0.051252
0.014275	-0.055248
0.014292	-0.050549
0.014309	-0.054646
0.014327	-0.048438
0.014344	-0.054105
0.014361	-0.048136
0.014379	-0.052145
0.014396	-0.045844
0.014414	-0.051116
0.014431	-0.045976
0.014448	-0.052655
0.014466	-0.044346
0.014483	-0.049646
0.014501	-0.043971
0.014518	-0.048642
0.014535	-0.042791
0.014553	-0.046928
0.014570	-0.041966
0.014588	-0.047464
0.014605	-0.040409
0.014622	-0.045980
0.014640	-0.039324
0.014657	-0.044378
0.014674	-0.038297
0.014692	-0.043237
0.014709	-0.037726
0.014727	-0.042657
0.014744	-0.037230
0.014761	-0.041303
0.014779	-0.036010
0.014796	-0.040651
0.014814	-0.035356
0.014831	-0.040375
0.014848	-0.033670
0.014866	-0.038024
0.014883	-0.034453
0.014900	-0.038090
0.014918	-0.032455
0.014935	-0.036703
0.014953	-0.032127
0.014970	-0.036815
0.014987	-0.030624
0.015005	-0.034619
0.015022	-0.030221
0.015040	-0.033863
0.015057	-0.029768
0.015074	-0.033206
0.015092	-0.028181
0.015109	-0.032524
0.015126	-0.028512
0.015144	-0.031371
0.015161	-0.027169
0.015179	-0.030604
0.015196	-0.026799
0.015213	-0.029707
0.015231	-0.025473
0.015248	-0.029086
0.015266	-0.025343
0.015283	-0.027959
0.015300	-0.024402
0.015318	-0.026977
0.015335	-0.023290
0.015353	-0.026030
0.015370	-0.022589
0.015387	-0.025316
0.015405	-0.022650
0.015422	-0.025343
0.015439	-0.021948
0.015457	-0.024240
0.015474	-0.021125
0.015492	-0.023766
0.015509	-0.020063
0.015526	-0.022908
0.015544	-0.020459
0.015561	-0.022447
0.015579	-0.018657
0.015596	-0.021212
0.015613	-0.018472
0.015631	-0.020395
0.015648	-0.018035
0.015665	-0.020157
0.015683	-0.016799
0.015700	-0.019211
0.015718	-0.017323
0.015735	-0.018845
0.015752	-0.016297
0.015770	-0.018304
0.015787	-0.015907
0.015805	-0.017618
0.015822	-0.015431
0.015839	-0.017043
0.015857	-0.014782
0.015874	-0.015813
0.015892	-0.014166
0.015909	-0.015784
0.015926	-0.013170
0.015944	-0.014834
0.015961	-0.012872
0.015978	-0.014534
0.015996	-0.012258
0.016013	-0.013836
0.016031	-0.011902
0.016048	-0.013091
0.016065	-0.011653
0.016083	-0.012962
0.016100	-0.010301
0.016118	-0.012162
0.016135	-0.011196
0.016152	-0.011674
0.016170	-0.010448
0.016187	-0.011225
0.016204	-0.009721
0.016222	-0.010514
0.016239	-0.009591
0.016257	-0.010482
0.016274	-0.009577
0.016291	-0.009786
0.016309	-0.008684
0.016326	-0.009605
0.016344	-0.008387
0.016361	-0.009036
0.016378	-0.007835
0.016396	-0.008481
0.016413	-0.007706
0.016430	-0.008375
0.016448	-0.007143
0.016465	-0.007401
0.016483	-0.006620
0.016500	-0.007232
0.016517	-0.006156
0.016535	-0.006801
0.016552	-0.006163
0.016570	-0.006395
0.016587	-0.005327
0.016604	-0.006219
0.016622	-0.005375
0.016639	-0.005989
0.016657	-0.005167
0.016674	-0.005350
0.016691	-0.004826
0.016709	-0.005018
0.016726	-0.004495
0.016743	-0.004811
0.016761	-0.004123
0.016778	-0.004557
0.016796	-0.003978
0.016813	-0.003951
0.016830	-0.003587
0.016848	-0.004092
0.016865	-0.003314
0.016883	-0.003684
0.016900	-0.002989
0.016917	-0.003281
0.016935	-0.002909
0.016952	-0.003040
0.016969	-0.002696
0.016987	-0.002784
0.017004	-0.002396
0.017022	-0.002426
0.017039	-0.002289
0.017056	-0.002526
0.017074	-0.002111
0.017091	-0.002149
0.017109	-0.001753
0.017126	-0.001773
0.017143	-0.001623
0.017161	-0.001748
0.017178	-0.001632
0.017196	-0.001604
0.017213	-0.001252
0.017230	-0.001500
0.017248	-0.001136
0.017265	-0.001360
0.017282	-0.001077
0.017300	-0.000958
0.017317	-0.000971
0.017335	-0.000850
0.017352	-0.000744
0.017369	-0.000797
0.017387	-0.000680
0.017404	-0.000718
0.017422	-0.000577
0.017439	-0.000580
0.017456	-0.000538
0.017474	-0.000411
0.017491	-0.000370
0.017508	-0.000398
0.017526	-0.000298
0.017543	-0.000290
0.017561	-0.000178
0.017578	-0.000185
0.017595	-0.000193
0.017613	-0.000165
0.017630	-0.000136
0.017648	-0.000130
0.017665	-0.000099
0.017682	-0.000052
0.017700	-0.000024
0.017717	-0.000030
0.017735	-0.000014
0.017752	-0.000006
0.017769	-0.000013
0.017787	0.000005
