1213.284058	0.140527	0.000920	
1213.285034	0.140529	0.000921	
1213.341064	0.140624	0.000956	
1213.397095	0.140716	0.000993	
1213.453003	0.140805	0.001032	
1213.509033	0.140889	0.001071	
1213.565063	0.140970	0.001113	
1213.621094	0.141047	0.001156	
1213.677002	0.141119	0.001200	
1213.733032	0.141188	0.001247	
1213.789062	0.141251	0.001295	
1213.845093	0.141311	0.001345	
1213.901001	0.141365	0.001397	
1213.957031	0.141414	0.001451	
1214.013062	0.141458	0.001507	
1214.069092	0.141497	0.001565	
1214.125000	0.141530	0.001626	
1214.181030	0.141558	0.001689	
1214.237061	0.141579	0.001754	
1214.293091	0.141595	0.001822	
1214.348999	0.141603	0.001892	
1214.405029	0.141605	0.001965	
1214.461060	0.141600	0.002041	
1214.517090	0.141588	0.002119	
1214.573120	0.141569	0.002201	
1214.629028	0.141541	0.002285	
1214.685059	0.141506	0.002373	
1214.741089	0.141463	0.002464	
1214.797119	0.141411	0.002558	
1214.853027	0.141350	0.002656	
1214.909058	0.141280	0.002758	
1214.965088	0.141200	0.002863	
1215.021118	0.141111	0.002972	
1215.077026	0.141011	0.003084	
1215.133057	0.140902	0.003201	
1215.189087	0.140781	0.003322	
1215.245117	0.140649	0.003447	
1215.301025	0.140506	0.003577	
1215.357056	0.140351	0.003710	
1215.413086	0.140184	0.003849	
1215.469116	0.140004	0.003992	
1215.525024	0.139812	0.004140	
1215.581055	0.139606	0.004293	
1215.637085	0.139386	0.004450	
1215.693115	0.139153	0.004613	
1215.749023	0.138905	0.004781	
1215.805054	0.138642	0.004954	
1215.861084	0.138364	0.005132	
1215.917114	0.138071	0.005316	
1215.973022	0.137762	0.005506	
1216.029053	0.137436	0.005700	
1216.085083	0.137094	0.005901	
1216.141113	0.136736	0.006106	
1216.197021	0.136359	0.006318	
1216.253052	0.135966	0.006535	
1216.309082	0.135554	0.006758	
1216.365112	0.135124	0.006986	
1216.421021	0.134676	0.007220	
1216.477051	0.134209	0.007459	
1216.533081	0.133723	0.007704	
1216.589111	0.133218	0.007955	
1216.645020	0.132693	0.008210	
1216.701050	0.132149	0.008471	
1216.757080	0.131585	0.008737	
1216.813110	0.131001	0.009008	
1216.869019	0.130397	0.009283	
1216.925049	0.129774	0.009563	
1216.981079	0.129130	0.009847	
1217.037109	0.128466	0.010136	
1217.093018	0.127783	0.010428	
1217.149048	0.127079	0.010723	
1217.205078	0.126356	0.011022	
1217.261108	0.125613	0.011324	
1217.317017	0.124851	0.011628	
1217.373047	0.124070	0.011934	
1217.429077	0.123270	0.012241	
1217.485107	0.122452	0.012550	
1217.541016	0.121616	0.012860	
1217.597046	0.120762	0.013170	
1217.653076	0.119892	0.013479	
1217.709106	0.119005	0.013788	
1217.765015	0.118102	0.014096	
1217.821045	0.117184	0.014401	
1217.877075	0.116251	0.014705	
1217.933105	0.115304	0.015005	
1217.989014	0.114345	0.015302	
1218.045044	0.113373	0.015595	
1218.101074	0.112390	0.015883	
1218.157104	0.111396	0.016166	
1218.213013	0.110392	0.016444	
1218.269043	0.109379	0.016714	
1218.325073	0.108359	0.016978	
1218.381104	0.107332	0.017234	
1218.437012	0.106299	0.017483	
1218.493042	0.105260	0.017723	
1218.549072	0.104218	0.017953	
1218.605103	0.103173	0.018174	
1218.661011	0.102126	0.018385	
1218.717041	0.101078	0.018586	
1218.773071	0.100030	0.018776	
1218.829102	0.098983	0.018955	
1218.885010	0.097939	0.019122	
1218.941040	0.096897	0.019278	
1218.997070	0.095859	0.019421	
1219.053101	0.094825	0.019552	
1219.109009	0.093798	0.019671	
1219.165039	0.092777	0.019776	
1219.221069	0.091763	0.019870	
1219.277100	0.090758	0.019950	
1219.333008	0.089762	0.020017	
1219.389038	0.088775	0.020072	
1219.445068	0.087799	0.020113	
1219.501099	0.086833	0.020142	
1219.557129	0.085880	0.020158	
1219.613037	0.084939	0.020161	
1219.669067	0.084010	0.020152	
1219.725098	0.083095	0.020131	
1219.781128	0.082193	0.020097	
1219.837036	0.081306	0.020052	
1219.893066	0.080433	0.019995	
1219.949097	0.079576	0.019928	
1220.005127	0.078733	0.019849	
1220.061035	0.077906	0.019759	
1220.117065	0.077095	0.019660	
1220.173096	0.076299	0.019550	
1220.229126	0.075520	0.019431	
1220.285034	0.074756	0.019303	
1220.341064	0.074010	0.019166	
1220.397095	0.073279	0.019021	
1220.453125	0.072565	0.018868	
1220.509033	0.071867	0.018708	
1220.565063	0.071186	0.018540	
1220.621094	0.070521	0.018366	
1220.677124	0.069873	0.018186	
1220.733032	0.069241	0.017999	
1220.789062	0.068625	0.017808	
1220.845093	0.068025	0.017611	
1220.901123	0.067441	0.017410	
1220.957031	0.066873	0.017204	
1221.013062	0.066320	0.016995	
1221.069092	0.065783	0.016782	
1221.125122	0.065262	0.016566	
1221.181030	0.064755	0.016347	
1221.237061	0.064263	0.016126	
1221.293091	0.063786	0.015902	
1221.349121	0.063323	0.015677	
1221.405029	0.062875	0.015451	
1221.461060	0.062441	0.015223	
1221.517090	0.062020	0.014994	
1221.573120	0.061613	0.014765	
1221.629028	0.061220	0.014536	
1221.685059	0.060839	0.014306	
1221.741089	0.060471	0.014077	
1221.797119	0.060116	0.013848	
1221.853027	0.059773	0.013619	
1221.909058	0.059442	0.013392	
1221.965088	0.059123	0.013165	
1222.021118	0.058816	0.012939	
1222.077026	0.058520	0.012715	
1222.133057	0.058235	0.012493	
1222.189087	0.057961	0.012272	
1222.245117	0.057698	0.012052	
1222.301025	0.057445	0.011835	
1222.357056	0.057202	0.011620	
1222.413086	0.056970	0.011406	
1222.469116	0.056747	0.011196	
1222.525024	0.056533	0.010987	
1222.581055	0.056329	0.010781	
1222.637085	0.056134	0.010577	
1222.693115	0.055948	0.010376	
1222.749023	0.055770	0.010177	
1222.805054	0.055601	0.009981	
1222.861084	0.055440	0.009788	
1222.917114	0.055288	0.009598	
1222.973022	0.055143	0.009410	
1223.029053	0.055006	0.009225	
1223.085083	0.054876	0.009043	
1223.141113	0.054753	0.008864	
1223.197021	0.054638	0.008688	
1223.253052	0.054530	0.008515	
1223.309082	0.054428	0.008344	
1223.365112	0.054334	0.008177	
1223.421021	0.054245	0.008012	
1223.477051	0.054163	0.007850	
1223.533081	0.054087	0.007691	
1223.589111	0.054017	0.007535	
1223.645020	0.053953	0.007382	
1223.701050	0.053895	0.007232	
1223.757080	0.053842	0.007084	
1223.813110	0.053795	0.006939	
1223.869019	0.053753	0.006797	
1223.925049	0.053716	0.006658	
1223.981079	0.053684	0.006521	
1224.037109	0.053657	0.006388	
1224.093018	0.053635	0.006256	
1224.149048	0.053618	0.006128	
1224.205078	0.053605	0.006002	
1224.261108	0.053596	0.005878	
1224.317017	0.053592	0.005757	
1224.373047	0.053593	0.005639	
1224.429077	0.053597	0.005523	
1224.485107	0.053605	0.005409	
1224.541016	0.053618	0.005298	
1224.597046	0.053634	0.005189	
1224.653076	0.053654	0.005083	
1224.709106	0.053677	0.004979	
1224.765137	0.053704	0.004877	
1224.821045	0.053735	0.004777	
1224.877075	0.053769	0.004679	
1224.933105	0.053806	0.004584	
1224.989136	0.053847	0.004490	
1225.045044	0.053890	0.004399	
1225.101074	0.053937	0.004309	
1225.157104	0.053987	0.004222	
1225.213135	0.054040	0.004136	
1225.269043	0.054095	0.004053	
1225.325073	0.054153	0.003971	
1225.381104	0.054214	0.003891	
1225.437134	0.054278	0.003812	
1225.493042	0.054344	0.003736	
1225.549072	0.054413	0.003661	
1225.605103	0.054484	0.003588	
1225.661133	0.054558	0.003517	
1225.717041	0.054634	0.003447	
1225.773071	0.054713	0.003379	
1225.829102	0.054793	0.003312	
1225.885132	0.054876	0.003247	
1225.941040	0.054961	0.003183	
1225.997070	0.055048	0.003120	
1226.053101	0.055137	0.003060	
1226.109131	0.055228	0.003000	
1226.165039	0.055321	0.002942	
1226.221069	0.055416	0.002885	
1226.277100	0.055512	0.002829	
1226.333130	0.055611	0.002775	
1226.389038	0.055711	0.002722	
1226.445068	0.055813	0.002670	
1226.501099	0.055917	0.002619	
1226.557129	0.056022	0.002570	
1226.613037	0.056129	0.002521	
1226.669067	0.056238	0.002474	
1226.725098	0.056348	0.002428	
1226.781128	0.056459	0.002382	
1226.837036	0.056572	0.002338	
1226.893066	0.056687	0.002295	
1226.949097	0.056803	0.002253	
1227.005127	0.056920	0.002212	
1227.061035	0.057038	0.002171	
1227.117065	0.057158	0.002132	
1227.173096	0.057279	0.002093	
1227.229126	0.057402	0.002056	
1227.285034	0.057525	0.002019	
1227.341064	0.057650	0.001983	
1227.397095	0.057776	0.001948	
1227.453125	0.057903	0.001913	
1227.509033	0.058031	0.001880	
1227.565063	0.058160	0.001847	
1227.621094	0.058291	0.001815	
1227.677124	0.058422	0.001784	
1227.733032	0.058554	0.001753	
1227.789062	0.058688	0.001723	
1227.845093	0.058822	0.001694	
1227.901123	0.058957	0.001665	
1227.957031	0.059094	0.001637	
1228.013062	0.059231	0.001610	
1228.069092	0.059369	0.001583	
1228.125122	0.059507	0.001557	
1228.181030	0.059647	0.001531	
1228.237061	0.059788	0.001506	
1228.293091	0.059929	0.001482	
1228.349121	0.060071	0.001458	
1228.405029	0.060214	0.001434	
1228.461060	0.060357	0.001411	
1228.517090	0.060502	0.001389	
1228.573120	0.060647	0.001367	
1228.629028	0.060792	0.001346	
1228.685059	0.060939	0.001325	
1228.741089	0.061086	0.001304	
1228.797119	0.061234	0.001284	
1228.853027	0.061382	0.001265	
1228.909058	0.061531	0.001246	
1228.965088	0.061681	0.001227	
1229.021118	0.061831	0.001209	
1229.077026	0.061982	0.001191	
1229.133057	0.062133	0.001173	
1229.189087	0.062285	0.001156	
1229.245117	0.062438	0.001139	
1229.301025	0.062591	0.001123	
1229.357056	0.062744	0.001107	
1229.413086	0.062898	0.001091	
1229.469116	0.063053	0.001076	
1229.525024	0.063208	0.001061	
1229.581055	0.063363	0.001046	
1229.637085	0.063519	0.001032	
1229.693115	0.063676	0.001018	
1229.749146	0.063833	0.001004	
1229.805054	0.063990	0.000991	
1229.861084	0.064148	0.000978	
1229.917114	0.064306	0.000965	
1229.973145	0.064465	0.000952	
1230.029053	0.064623	0.000940	
1230.085083	0.064783	0.000928	
1230.141113	0.064943	0.000916	
1230.197144	0.065103	0.000904	
1230.253052	0.065263	0.000893	
1230.309082	0.065424	0.000882	
1230.365112	0.065585	0.000871	
1230.421143	0.065746	0.000861	
1230.477051	0.065908	0.000850	
1230.533081	0.066070	0.000840	
1230.589111	0.066233	0.000830	
1230.645142	0.066396	0.000821	
1230.701050	0.066559	0.000811	
1230.757080	0.066722	0.000802	
1230.813110	0.066885	0.000793	
1230.869141	0.067049	0.000784	
1230.925049	0.067214	0.000775	
1230.981079	0.067378	0.000767	
1231.037109	0.067543	0.000758	
1231.093140	0.067707	0.000750	
1231.149048	0.067873	0.000742	
1231.205078	0.068038	0.000734	
1231.261108	0.068204	0.000727	
1231.317139	0.068369	0.000719	
1231.373047	0.068535	0.000712	
1231.429077	0.068702	0.000705	
1231.485107	0.068868	0.000698	
1231.541138	0.069035	0.000691	
1231.597046	0.069202	0.000684	
1231.653076	0.069369	0.000678	
1231.709106	0.069536	0.000671	
1231.765137	0.069703	0.000665	
1231.821045	0.069871	0.000659	
1231.877075	0.070039	0.000653	
1231.933105	0.070207	0.000647	
1231.989136	0.070375	0.000641	
1232.045044	0.070543	0.000636	
1232.101074	0.070711	0.000630	
1232.157104	0.070880	0.000625	
1232.213135	0.071048	0.000620	
1232.269043	0.071217	0.000615	
1232.325073	0.071386	0.000610	
1232.381104	0.071555	0.000605	
1232.437134	0.071724	0.000600	
1232.493042	0.071894	0.000596	
1232.549072	0.072063	0.000591	
1232.605103	0.072233	0.000587	
1232.661133	0.072402	0.000582	
1232.717041	0.072572	0.000578	
1232.773071	0.072742	0.000574	
1232.829102	0.072912	0.000570	
1232.885132	0.073082	0.000566	
1232.941040	0.073252	0.000562	
1232.997070	0.073422	0.000558	
1233.053101	0.073592	0.000555	
1233.109131	0.073763	0.000551	
1233.165039	0.073933	0.000548	
1233.221069	0.074103	0.000544	
1233.277100	0.074274	0.000541	
1233.333130	0.074445	0.000538	
1233.389038	0.074615	0.000535	
1233.445068	0.074786	0.000532	
1233.501099	0.074957	0.000529	
1233.557129	0.075127	0.000526	
1233.613037	0.075298	0.000523	
1233.669067	0.075469	0.000520	
1233.725098	0.075640	0.000518	
1233.781128	0.075811	0.000515	
1233.837036	0.075982	0.000513	
1233.893066	0.076153	0.000510	
1233.949097	0.076324	0.000508	
1234.005127	0.076495	0.000506	
1234.061035	0.076667	0.000504	
1234.117065	0.076838	0.000501	
1234.173096	0.077009	0.000499	
1234.229126	0.077180	0.000497	
1234.285034	0.077351	0.000496	
1234.341064	0.077522	0.000494	
1234.397095	0.077693	0.000492	
1234.453125	0.077864	0.000490	
1234.509033	0.078035	0.000489	
1234.565063	0.078206	0.000487	
1234.621094	0.078377	0.000485	
1234.677124	0.078548	0.000484	
1234.733154	0.078719	0.000483	
1234.789062	0.078890	0.000481	
1234.845093	0.079061	0.000480	
1234.901123	0.079232	0.000479	
1234.957153	0.079404	0.000478	
1235.013062	0.079575	0.000477	
1235.069092	0.079745	0.000475	
1235.125122	0.079916	0.000475	
1235.181152	0.080087	0.000474	
1235.237061	0.080257	0.000473	
1235.293091	0.080428	0.000472	
1235.349121	0.080599	0.000471	
1235.405151	0.080769	0.000471	
1235.461060	0.080940	0.000470	
1235.517090	0.081111	0.000469	
1235.573120	0.081281	0.000469	
1235.629150	0.081451	0.000468	
1235.685059	0.081621	0.000468	
1235.741089	0.081792	0.000468	
1235.797119	0.081962	0.000467	
1235.853149	0.082132	0.000467	
1235.909058	0.082302	0.000467	
1235.965088	0.082472	0.000467	
1236.021118	0.082641	0.000467	
1236.077148	0.082811	0.000467	
1236.133057	0.082981	0.000467	
1236.189087	0.083150	0.000467	
1236.245117	0.083320	0.000467	
1236.301147	0.083489	0.000467	
1236.357056	0.083659	0.000467	
1236.413086	0.083828	0.000468	
1236.469116	0.083997	0.000468	
1236.525146	0.084165	0.000468	
1236.581055	0.084334	0.000469	
1236.637085	0.084503	0.000469	
1236.693115	0.084672	0.000470	
1236.749146	0.084840	0.000470	
1236.805054	0.085008	0.000471	
1236.861084	0.085176	0.000472	
1236.917114	0.085345	0.000473	
1236.973145	0.085513	0.000473	
1237.029053	0.085680	0.000474	
1237.085083	0.085848	0.000475	
1237.141113	0.086015	0.000476	
1237.197144	0.086183	0.000477	
1237.253052	0.086350	0.000478	
1237.309082	0.086517	0.000480	
1237.365112	0.086684	0.000481	
1237.421143	0.086851	0.000482	
1237.477051	0.087017	0.000483	
1237.533081	0.087184	0.000485	
1237.589111	0.087350	0.000486	
1237.645142	0.087516	0.000488	
1237.701050	0.087682	0.000489	
1237.757080	0.087847	0.000491	
1237.813110	0.088013	0.000493	
1237.869141	0.088178	0.000494	
1237.925049	0.088343	0.000496	
1237.981079	0.088508	0.000498	
1238.037109	0.088673	0.000500	
1238.093140	0.088838	0.000502	
1238.149048	0.089002	0.000504	
1238.205078	0.089166	0.000506	
1238.261108	0.089330	0.000508	
1238.317139	0.089494	0.000510	
1238.373047	0.089657	0.000513	
1238.429077	0.089820	0.000515	
1238.485107	0.089983	0.000517	
1238.541138	0.090146	0.000520	
1238.597046	0.090308	0.000522	
1238.653076	0.090471	0.000525	
1238.709106	0.090633	0.000528	
1238.765137	0.090795	0.000530	
1238.821045	0.090956	0.000533	
1238.877075	0.091117	0.000536	
1238.933105	0.091278	0.000539	
1238.989136	0.091439	0.000542	
1239.045044	0.091599	0.000545	
1239.101074	0.091760	0.000548	
1239.157104	0.091919	0.000551	
1239.213135	0.092079	0.000555	
1239.269043	0.092238	0.000558	
1239.325073	0.092397	0.000561	
1239.381104	0.092556	0.000565	
1239.437134	0.092714	0.000569	
1239.493042	0.092872	0.000572	
1239.549072	0.093030	0.000576	
1239.605103	0.093187	0.000580	
1239.661133	0.093344	0.000584	
1239.717041	0.093501	0.000588	
1239.773071	0.093657	0.000592	
1239.829102	0.093813	0.000596	
1239.885132	0.093969	0.000600	
1239.941162	0.094124	0.000605	
1239.997070	0.094279	0.000609	
1240.053101	0.094434	0.000614	
1240.109131	0.094588	0.000618	
1240.165161	0.094742	0.000623	
1240.221069	0.094895	0.000628	
1240.277100	0.095048	0.000633	
1240.333130	0.095201	0.000638	
1240.389160	0.095353	0.000643	
1240.445068	0.095505	0.000648	
1240.501099	0.095656	0.000653	
1240.557129	0.095807	0.000659	
1240.613159	0.095957	0.000664	
1240.669067	0.096107	0.000670	
1240.725098	0.096257	0.000676	
1240.781128	0.096406	0.000681	
1240.837158	0.096554	0.000687	
1240.893066	0.096702	0.000693	
1240.949097	0.096850	0.000700	
1241.005127	0.096997	0.000706	
1241.061157	0.097144	0.000712	
1241.117065	0.097290	0.000719	
1241.173096	0.097435	0.000726	
1241.229126	0.097580	0.000732	
1241.285156	0.097725	0.000739	
1241.341064	0.097869	0.000746	
1241.397095	0.098012	0.000753	
1241.453125	0.098155	0.000761	
1241.509155	0.098297	0.000768	
1241.565063	0.098439	0.000776	
1241.621094	0.098580	0.000783	
1241.677124	0.098720	0.000791	
1241.733154	0.098860	0.000799	
1241.789062	0.098999	0.000807	
1241.845093	0.099138	0.000816	
1241.901123	0.099275	0.000824	
1241.957153	0.099413	0.000833	
1242.013062	0.099549	0.000842	
1242.069092	0.099685	0.000851	
1242.125122	0.099820	0.000860	
1242.181152	0.099955	0.000869	
1242.237061	0.100088	0.000878	
1242.293091	0.100221	0.000888	
1242.349121	0.100354	0.000898	
1242.405151	0.100485	0.000908	
1242.461060	0.100616	0.000918	
1242.517090	0.100746	0.000928	
1242.573120	0.100875	0.000939	
1242.629150	0.101003	0.000949	
1242.685059	0.101130	0.000960	
1242.741089	0.101257	0.000971	
1242.797119	0.101383	0.000982	
1242.853149	0.101508	0.000994	
1242.909058	0.101632	0.001006	
1242.965088	0.101755	0.001018	
1243.021118	0.101877	0.001030	
1243.077148	0.101998	0.001042	
1243.133057	0.102119	0.001055	
1243.189087	0.102238	0.001067	
1243.245117	0.102356	0.001080	
1243.301147	0.102474	0.001094	
1243.357056	0.102590	0.001107	
1243.413086	0.102705	0.001121	
1243.469116	0.102820	0.001135	
1243.525146	0.102933	0.001149	
1243.581055	0.103045	0.001164	
1243.637085	0.103156	0.001178	
1243.693115	0.103266	0.001193	
1243.749146	0.103375	0.001208	
1243.805054	0.103482	0.001224	
1243.861084	0.103589	0.001240	
1243.917114	0.103694	0.001256	
1243.973145	0.103798	0.001272	
1244.029053	0.103901	0.001289	
1244.085083	0.104002	0.001306	
1244.141113	0.104103	0.001323	
1244.197144	0.104202	0.001341	
1244.253052	0.104299	0.001359	
1244.309082	0.104395	0.001377	
1244.365112	0.104490	0.001395	
1244.421143	0.104584	0.001414	
1244.477051	0.104676	0.001433	
1244.533081	0.104766	0.001453	
1244.589111	0.104856	0.001473	
1244.645142	0.104943	0.001493	
1244.701050	0.105029	0.001513	
1244.757080	0.105114	0.001534	
1244.813110	0.105197	0.001556	
1244.869141	0.105278	0.001577	
1244.925171	0.105358	0.001599	
1244.981079	0.105437	0.001622	
1245.037109	0.105513	0.001644	
1245.093140	0.105588	0.001667	
1245.149170	0.105661	0.001691	
1245.205078	0.105732	0.001715	
1245.261108	0.105802	0.001739	
1245.317139	0.105870	0.001764	
1245.373169	0.105936	0.001789	
1245.429077	0.106000	0.001815	
1245.485107	0.106062	0.001841	
1245.541138	0.106122	0.001867	
1245.597168	0.106180	0.001894	
1245.653076	0.106237	0.001922	
1245.709106	0.106291	0.001949	
1245.765137	0.106343	0.001978	
1245.821167	0.106393	0.002006	
1245.877075	0.106442	0.002036	
1245.933105	0.106487	0.002065	
1245.989136	0.106531	0.002096	
1246.045166	0.106573	0.002126	
1246.101074	0.106612	0.002157	
1246.157104	0.106649	0.002189	
1246.213135	0.106684	0.002221	
1246.269165	0.106716	0.002254	
1246.325073	0.106746	0.002287	
1246.381104	0.106774	0.002321	
1246.437134	0.106799	0.002355	
1246.493164	0.106822	0.002390	
1246.549072	0.106842	0.002425	
1246.605103	0.106860	0.002461	
1246.661133	0.106875	0.002497	
1246.717163	0.106887	0.002534	
1246.773071	0.106897	0.002571	
1246.829102	0.106904	0.002609	
1246.885132	0.106909	0.002648	
1246.941162	0.106911	0.002687	
1246.997070	0.106909	0.002727	
1247.053101	0.106906	0.002767	
1247.109131	0.106899	0.002808	
1247.165161	0.106889	0.002849	
1247.221069	0.106877	0.002891	
1247.277100	0.106861	0.002934	
1247.333130	0.106843	0.002977	
1247.389160	0.106821	0.003020	
1247.445068	0.106797	0.003065	
1247.501099	0.106769	0.003110	
1247.557129	0.106739	0.003155	
1247.613159	0.106705	0.003201	
1247.669067	0.106668	0.003248	
1247.725098	0.106627	0.003295	
1247.781128	0.106584	0.003343	
1247.837158	0.106537	0.003391	
1247.893066	0.106487	0.003440	
1247.949097	0.106434	0.003489	
1248.005127	0.106377	0.003539	
1248.061157	0.106317	0.003590	
1248.117065	0.106254	0.003641	
1248.173096	0.106187	0.003693	
1248.229126	0.106116	0.003745	
1248.285156	0.106042	0.003798	
1248.341064	0.105965	0.003851	
1248.397095	0.105884	0.003905	
1248.453125	0.105799	0.003960	
1248.509155	0.105711	0.004015	
1248.565063	0.105620	0.004070	
1248.621094	0.105525	0.004126	
1248.677124	0.105426	0.004183	
1248.733154	0.105323	0.004240	
1248.789062	0.105217	0.004297	
1248.845093	0.105107	0.004355	
1248.901123	0.104994	0.004413	
1248.957153	0.104876	0.004472	
1249.013062	0.104755	0.004531	
1249.069092	0.104631	0.004590	
1249.125122	0.104503	0.004650	
1249.181152	0.104370	0.004711	
1249.237061	0.104235	0.004771	
1249.293091	0.104095	0.004832	
1249.349121	0.103952	0.004893	
1249.405151	0.103805	0.004955	
1249.461060	0.103655	0.005017	
1249.517090	0.103500	0.005079	
1249.573120	0.103342	0.005141	
1249.629150	0.103181	0.005203	
1249.685059	0.103015	0.005266	
1249.741089	0.102846	0.005329	
1249.797119	0.102674	0.005392	
1249.853149	0.102498	0.005455	
1249.909180	0.102318	0.005518	
1249.965088	0.102134	0.005581	
1250.021118	0.101948	0.005644	
1250.077148	0.101757	0.005708	
1250.133179	0.101563	0.005771	
1250.189087	0.101366	0.005834	
1250.245117	0.101165	0.005897	
1250.301147	0.100961	0.005960	
1250.357178	0.100754	0.006022	
1250.413086	0.100543	0.006085	
1250.469116	0.100329	0.006147	
1250.525146	0.100112	0.006209	
1250.581177	0.099892	0.006271	
1250.637085	0.099669	0.006332	
1250.693115	0.099442	0.006393	
1250.749146	0.099213	0.006454	
1250.805176	0.098981	0.006514	
1250.861084	0.098746	0.006574	
1250.917114	0.098508	0.006633	
1250.973145	0.098267	0.006692	
1251.029175	0.098024	0.006750	
1251.085083	0.097778	0.006808	
1251.141113	0.097529	0.006865	
1251.197144	0.097278	0.006921	
1251.253174	0.097025	0.006977	
1251.309082	0.096769	0.007031	
1251.365112	0.096511	0.007085	
1251.421143	0.096251	0.007139	
1251.477173	0.095989	0.007191	
1251.533081	0.095725	0.007243	
1251.589111	0.095459	0.007293	
1251.645142	0.095192	0.007343	
1251.701172	0.094922	0.007391	
1251.757080	0.094651	0.007439	
1251.813110	0.094378	0.007486	
1251.869141	0.094104	0.007531	
1251.925171	0.093829	0.007576	
1251.981079	0.093552	0.007619	
1252.037109	0.093274	0.007661	
1252.093140	0.092995	0.007702	
1252.149170	0.092715	0.007742	
1252.205078	0.092434	0.007780	
1252.261108	0.092152	0.007817	
1252.317139	0.091870	0.007853	
1252.373169	0.091587	0.007888	
1252.429077	0.091303	0.007921	
1252.485107	0.091019	0.007953	
1252.541138	0.090735	0.007984	
1252.597168	0.090450	0.008013	
1252.653076	0.090166	0.008041	
1252.709106	0.089881	0.008067	
1252.765137	0.089597	0.008092	
1252.821167	0.089312	0.008115	
1252.877075	0.089028	0.008137	
1252.933105	0.088744	0.008158	
1252.989136	0.088461	0.008177	
1253.045166	0.088178	0.008194	
1253.101074	0.087895	0.008210	
1253.157104	0.087614	0.008225	
1253.213135	0.087333	0.008238	
1253.269165	0.087053	0.008250	
1253.325073	0.086774	0.008260	
1253.381104	0.086496	0.008268	
1253.437134	0.086219	0.008275	
1253.493164	0.085944	0.008281	
1253.549072	0.085669	0.008285	
1253.605103	0.085396	0.008287	
1253.661133	0.085125	0.008288	
1253.717163	0.084855	0.008288	
1253.773071	0.084587	0.008286	
1253.829102	0.084320	0.008282	
1253.885132	0.084055	0.008277	
1253.941162	0.083792	0.008271	
1253.997070	0.083531	0.008263	
1254.053101	0.083271	0.008254	
1254.109131	0.083014	0.008243	
1254.165161	0.082759	0.008232	
1254.221069	0.082506	0.008218	
1254.277100	0.082255	0.008204	
1254.333130	0.082006	0.008188	
1254.389160	0.081759	0.008170	
1254.445068	0.081515	0.008152	
1254.501099	0.081274	0.008132	
1254.557129	0.081034	0.008111	
1254.613159	0.080798	0.008089	
1254.669067	0.080563	0.008065	
1254.725098	0.080332	0.008041	
1254.781128	0.080103	0.008015	
1254.837158	0.079876	0.007988	
1254.893066	0.079653	0.007960	
1254.949097	0.079432	0.007931	
1255.005127	0.079213	0.007901	
1255.061157	0.078998	0.007870	
1255.117188	0.078785	0.007838	
1255.173096	0.078575	0.007805	
1255.229126	0.078368	0.007771	
1255.285156	0.078164	0.007736	
1255.341187	0.077963	0.007700	
1255.397095	0.077765	0.007664	
1255.453125	0.077569	0.007626	
1255.509155	0.077377	0.007588	
1255.565186	0.077187	0.007549	
1255.621094	0.077001	0.007509	
1255.677124	0.076817	0.007469	
1255.733154	0.076637	0.007428	
1255.789185	0.076459	0.007386	
1255.845093	0.076285	0.007344	
1255.901123	0.076114	0.007301	
1255.957153	0.075945	0.007258	
1256.013184	0.075780	0.007214	
1256.069092	0.075617	0.007169	
1256.125122	0.075458	0.007124	
1256.181152	0.075302	0.007079	
1256.237183	0.075148	0.007033	
1256.293091	0.074998	0.006987	
1256.349121	0.074851	0.006940	
1256.405151	0.074707	0.006893	
1256.461182	0.074565	0.006846	
1256.517090	0.074427	0.006798	
1256.573120	0.074292	0.006750	
1256.629150	0.074160	0.006702	
1256.685181	0.074030	0.006654	
1256.741089	0.073904	0.006605	
1256.797119	0.073781	0.006557	
1256.853149	0.073660	0.006508	
1256.909180	0.073543	0.006459	
1256.965088	0.073428	0.006410	
1257.021118	0.073316	0.006360	
1257.077148	0.073207	0.006311	
1257.133179	0.073101	0.006262	
1257.189087	0.072998	0.006212	
1257.245117	0.072898	0.006163	
1257.301147	0.072800	0.006113	
1257.357178	0.072705	0.006064	
1257.413086	0.072613	0.006014	
1257.469116	0.072524	0.005965	
1257.525146	0.072437	0.005916	
1257.581177	0.072353	0.005867	
1257.637085	0.072272	0.005818	
1257.693115	0.072194	0.005769	
1257.749146	0.072118	0.005720	
1257.805176	0.072045	0.005671	
1257.861084	0.071974	0.005622	
1257.917114	0.071906	0.005574	
1257.973145	0.071840	0.005526	
1258.029175	0.071777	0.005478	
1258.085083	0.071717	0.005430	
1258.141113	0.071659	0.005382	
1258.197144	0.071603	0.005335	
1258.253174	0.071550	0.005288	
1258.309082	0.071499	0.005241	
1258.365112	0.071451	0.005194	
1258.421143	0.071405	0.005148	
1258.477173	0.071362	0.005102	
1258.533081	0.071320	0.005056	
1258.589111	0.071281	0.005010	
1258.645142	0.071244	0.004965	
1258.701172	0.071210	0.004920	
1258.757080	0.071178	0.004875	
1258.813110	0.071148	0.004831	
1258.869141	0.071120	0.004787	
1258.925171	0.071094	0.004743	
1258.981079	0.071070	0.004700	
1259.037109	0.071049	0.004657	
1259.093140	0.071029	0.004614	
1259.149170	0.071012	0.004572	
1259.205078	0.070997	0.004530	
1259.261108	0.070983	0.004488	
1259.317139	0.070972	0.004446	
1259.373169	0.070963	0.004405	
1259.429077	0.070955	0.004365	
1259.485107	0.070950	0.004325	
1259.541138	0.070946	0.004285	
1259.597168	0.070944	0.004245	
1259.653076	0.070944	0.004206	
1259.709106	0.070946	0.004167	
1259.765137	0.070950	0.004129	
1259.821167	0.070955	0.004091	
1259.877075	0.070962	0.004053	
1259.933105	0.070971	0.004016	
1259.989136	0.070982	0.003979	
1260.045166	0.070994	0.003942	
1260.101196	0.071008	0.003906	
1260.157104	0.071024	0.003870	
1260.213135	0.071041	0.003835	
1260.269165	0.071060	0.003800	
1260.325195	0.071081	0.003765	
1260.381104	0.071103	0.003731	
1260.437134	0.071126	0.003697	
1260.493164	0.071151	0.003663	
1260.549194	0.071178	0.003630	
1260.605103	0.071206	0.003597	
1260.661133	0.071235	0.003565	
1260.717163	0.071266	0.003533	
1260.773193	0.071298	0.003501	
1260.829102	0.071332	0.003470	
1260.885132	0.071367	0.003439	
1260.941162	0.071404	0.003408	
1260.997192	0.071442	0.003378	
1261.053101	0.071481	0.003348	
1261.109131	0.071521	0.003319	
1261.165161	0.071563	0.003289	
1261.221191	0.071606	0.003261	
1261.277100	0.071650	0.003232	
1261.333130	0.071696	0.003204	
1261.389160	0.071742	0.003176	
1261.445190	0.071790	0.003149	
1261.501099	0.071839	0.003122	
1261.557129	0.071890	0.003095	
1261.613159	0.071941	0.003069	
1261.669189	0.071994	0.003043	
1261.725098	0.072047	0.003017	
1261.781128	0.072102	0.002991	
1261.837158	0.072158	0.002966	
1261.893188	0.072215	0.002942	
1261.949097	0.072273	0.002917	
1262.005127	0.072332	0.002893	
1262.061157	0.072391	0.002869	
1262.117188	0.072452	0.002846	
1262.173096	0.072514	0.002823	
1262.229126	0.072577	0.002800	
1262.285156	0.072641	0.002777	
1262.341187	0.072706	0.002755	
1262.397095	0.072772	0.002733	
1262.453125	0.072838	0.002711	
1262.509155	0.072906	0.002690	
1262.565186	0.072974	0.002669	
1262.621094	0.073044	0.002648	
1262.677124	0.073114	0.002628	
1262.733154	0.073185	0.002608	
1262.789185	0.073257	0.002588	
1262.845093	0.073329	0.002568	
1262.901123	0.073403	0.002549	
1262.957153	0.073477	0.002530	
1263.013184	0.073552	0.002511	
1263.069092	0.073628	0.002492	
1263.125122	0.073704	0.002474	
1263.181152	0.073782	0.002456	
1263.237183	0.073860	0.002438	
1263.293091	0.073938	0.002421	
1263.349121	0.074018	0.002404	
1263.405151	0.074098	0.002387	
1263.461182	0.074179	0.002370	
1263.517090	0.074260	0.002353	
1263.573120	0.074342	0.002337	
1263.629150	0.074425	0.002321	
1263.685181	0.074508	0.002305	
1263.741089	0.074592	0.002290	
1263.797119	0.074677	0.002275	
1263.853149	0.074762	0.002260	
1263.909180	0.074848	0.002245	
1263.965088	0.074934	0.002230	
1264.021118	0.075021	0.002216	
1264.077148	0.075109	0.002202	
1264.133179	0.075197	0.002188	
1264.189087	0.075286	0.002174	
1264.245117	0.075375	0.002161	
1264.301147	0.075464	0.002147	
1264.357178	0.075555	0.002134	
1264.413086	0.075645	0.002122	
1264.469116	0.075736	0.002109	
1264.525146	0.075828	0.002097	
1264.581177	0.075920	0.002084	
1264.637085	0.076013	0.002072	
1264.693115	0.076106	0.002061	
1264.749146	0.076199	0.002049	
1264.805176	0.076293	0.002038	
1264.861084	0.076387	0.002026	
1264.917114	0.076482	0.002015	
1264.973145	0.076577	0.002004	
1265.029175	0.076672	0.001994	
1265.085205	0.076768	0.001983	
1265.141113	0.076865	0.001973	
1265.197144	0.076961	0.001963	
1265.253174	0.077058	0.001953	
1265.309204	0.077156	0.001943	
1265.365112	0.077253	0.001934	
1265.421143	0.077351	0.001924	
1265.477173	0.077450	0.001915	
1265.533203	0.077548	0.001906	
1265.589111	0.077647	0.001897	
1265.645142	0.077747	0.001889	
1265.701172	0.077846	0.001880	
1265.757202	0.077946	0.001872	
1265.813110	0.078046	0.001863	
1265.869141	0.078147	0.001855	
1265.925171	0.078247	0.001848	
1265.981201	0.078348	0.001840	
1266.037109	0.078450	0.001832	
1266.093140	0.078551	0.001825	
1266.149170	0.078653	0.001818	
1266.205200	0.078754	0.001810	
1266.261108	0.078857	0.001804	
1266.317139	0.078959	0.001797	
1266.373169	0.079062	0.001790	
1266.429199	0.079164	0.001784	
1266.485107	0.079267	0.001777	
1266.541138	0.079370	0.001771	
1266.597168	0.079474	0.001765	
1266.653198	0.079577	0.001759	
1266.709106	0.079681	0.001753	
1266.765137	0.079785	0.001748	
1266.821167	0.079888	0.001742	
1266.877197	0.079992	0.001737	
1266.933105	0.080097	0.001732	
1266.989136	0.080201	0.001727	
1267.045166	0.080305	0.001722	
1267.101196	0.080410	0.001717	
1267.157104	0.080515	0.001712	
1267.213135	0.080620	0.001708	
1267.269165	0.080724	0.001703	
1267.325195	0.080829	0.001699	
1267.381104	0.080935	0.001695	
1267.437134	0.081040	0.001691	
1267.493164	0.081145	0.001687	
1267.549194	0.081250	0.001683	
1267.605103	0.081355	0.001680	
1267.661133	0.081461	0.001676	
1267.717163	0.081566	0.001673	
1267.773193	0.081672	0.001670	
1267.829102	0.081777	0.001667	
1267.885132	0.081883	0.001664	
1267.941162	0.081988	0.001661	
1267.997192	0.082094	0.001658	
1268.053101	0.082200	0.001655	
1268.109131	0.082305	0.001653	
1268.165161	0.082411	0.001650	
1268.221191	0.082516	0.001648	
1268.277100	0.082622	0.001646	
1268.333130	0.082727	0.001644	
1268.389160	0.082833	0.001642	
1268.445190	0.082938	0.001640	
1268.501099	0.083044	0.001639	
1268.557129	0.083149	0.001637	
1268.613159	0.083254	0.001636	
1268.669189	0.083359	0.001634	
1268.725098	0.083465	0.001633	
1268.781128	0.083570	0.001632	
1268.837158	0.083675	0.001631	
1268.893188	0.083780	0.001630	
1268.949097	0.083884	0.001629	
1269.005127	0.083989	0.001629	
1269.061157	0.084094	0.001628	
1269.117188	0.084198	0.001628	
1269.173096	0.084303	0.001628	
1269.229126	0.084407	0.001627	
1269.285156	0.084511	0.001627	
1269.341187	0.084615	0.001627	
1269.397095	0.084719	0.001628	
1269.453125	0.084823	0.001628	
1269.509155	0.084926	0.001628	
1269.565186	0.085030	0.001629	
1269.621094	0.085133	0.001629	
1269.677124	0.085236	0.001630	
1269.733154	0.085339	0.001631	
1269.789185	0.085441	0.001632	
1269.845093	0.085544	0.001633	
1269.901123	0.085646	0.001634	
1269.957153	0.085749	0.001635	
1270.013184	0.085850	0.001637	
1270.069214	0.085952	0.001638	
1270.125122	0.086054	0.001640	
1270.181152	0.086155	0.001642	
1270.237183	0.086256	0.001644	
1270.293213	0.086357	0.001645	
1270.349121	0.086457	0.001648	
1270.405151	0.086557	0.001650	
1270.461182	0.086657	0.001652	
1270.517212	0.086757	0.001654	
1270.573120	0.086857	0.001657	
1270.629150	0.086956	0.001660	
1270.685181	0.087055	0.001662	
1270.741211	0.087153	0.001665	
1270.797119	0.087252	0.001668	
1270.853149	0.087350	0.001671	
1270.909180	0.087447	0.001674	
1270.965210	0.087545	0.001678	
1271.021118	0.087642	0.001681	
1271.077148	0.087739	0.001685	
1271.133179	0.087835	0.001688	
1271.189209	0.087931	0.001692	
1271.245117	0.088027	0.001696	
1271.301147	0.088122	0.001700	
1271.357178	0.088217	0.001704	
1271.413208	0.088312	0.001708	
1271.469116	0.088406	0.001712	
1271.525146	0.088500	0.001717	
1271.581177	0.088593	0.001721	
1271.637207	0.088687	0.001726	
1271.693115	0.088779	0.001731	
1271.749146	0.088871	0.001736	
1271.805176	0.088963	0.001741	
1271.861206	0.089055	0.001746	
1271.917114	0.089146	0.001751	
1271.973145	0.089236	0.001757	
1272.029175	0.089326	0.001762	
1272.085205	0.089416	0.001768	
1272.141113	0.089505	0.001774	
1272.197144	0.089594	0.001780	
1272.253174	0.089682	0.001786	
1272.309204	0.089770	0.001792	
1272.365112	0.089857	0.001798	
1272.421143	0.089944	0.001804	
1272.477173	0.090030	0.001811	
1272.533203	0.090116	0.001817	
1272.589111	0.090201	0.001824	
1272.645142	0.090286	0.001831	
1272.701172	0.090370	0.001838	
1272.757202	0.090454	0.001845	
1272.813110	0.090537	0.001852	
1272.869141	0.090620	0.001860	
1272.925171	0.090702	0.001867	
1272.981201	0.090783	0.001875	
1273.037109	0.090864	0.001883	
1273.093140	0.090944	0.001890	
1273.149170	0.091024	0.001898	
1273.205200	0.091103	0.001907	
1273.261108	0.091181	0.001915	
1273.317139	0.091259	0.001923	
1273.373169	0.091336	0.001932	
1273.429199	0.091413	0.001941	
1273.485107	0.091489	0.001949	
1273.541138	0.091564	0.001958	
1273.597168	0.091639	0.001967	
1273.653198	0.091713	0.001977	
1273.709106	0.091786	0.001986	
1273.765137	0.091859	0.001995	
1273.821167	0.091930	0.002005	
1273.877197	0.092002	0.002015	
1273.933105	0.092072	0.002025	
1273.989136	0.092142	0.002035	
1274.045166	0.092211	0.002045	
1274.101196	0.092279	0.002055	
1274.157104	0.092347	0.002066	
1274.213135	0.092414	0.002076	
1274.269165	0.092480	0.002087	
1274.325195	0.092545	0.002098	
1274.381104	0.092610	0.002109	
1274.437134	0.092673	0.002120	
1274.493164	0.092736	0.002132	
1274.549194	0.092799	0.002143	
1274.605103	0.092860	0.002155	
1274.661133	0.092921	0.002166	
1274.717163	0.092980	0.002178	
1274.773193	0.093039	0.002190	
1274.829102	0.093097	0.002203	
1274.885132	0.093154	0.002215	
1274.941162	0.093211	0.002227	
1274.997192	0.093266	0.002240	
1275.053101	0.093321	0.002253	
1275.109131	0.093375	0.002266	
1275.165161	0.093427	0.002279	
1275.221191	0.093479	0.002292	
1275.277222	0.093530	0.002306	
1275.333130	0.093580	0.002319	
1275.389160	0.093630	0.002333	
1275.445190	0.093678	0.002347	
1275.501221	0.093725	0.002361	
1275.557129	0.093771	0.002375	
1275.613159	0.093817	0.002389	
1275.669189	0.093861	0.002404	
1275.725220	0.093904	0.002418	
1275.781128	0.093947	0.002433	
1275.837158	0.093988	0.002448	
1275.893188	0.094029	0.002463	
1275.949219	0.094068	0.002478	
1276.005127	0.094107	0.002494	
1276.061157	0.094144	0.002509	
1276.117188	0.094180	0.002525	
1276.173218	0.094215	0.002541	
1276.229126	0.094250	0.002557	
1276.285156	0.094283	0.002573	
1276.341187	0.094315	0.002589	
1276.397217	0.094346	0.002606	
1276.453125	0.094376	0.002622	
1276.509155	0.094405	0.002639	
1276.565186	0.094432	0.002656	
1276.621216	0.094459	0.002673	
1276.677124	0.094484	0.002690	
1276.733154	0.094509	0.002707	
1276.789185	0.094532	0.002725	
1276.845215	0.094554	0.002743	
1276.901123	0.094575	0.002760	
1276.957153	0.094595	0.002778	
1277.013184	0.094613	0.002796	
1277.069214	0.094631	0.002815	
1277.125122	0.094647	0.002833	
1277.181152	0.094662	0.002852	
1277.237183	0.094676	0.002870	
1277.293213	0.094689	0.002889	
1277.349121	0.094700	0.002908	
1277.405151	0.094710	0.002927	
1277.461182	0.094720	0.002946	
1277.517212	0.094727	0.002966	
1277.573120	0.094734	0.002985	
1277.629150	0.094739	0.003005	
1277.685181	0.094743	0.003025	
1277.741211	0.094746	0.003045	
1277.797119	0.094748	0.003065	
1277.853149	0.094748	0.003085	
1277.909180	0.094747	0.003105	
1277.965210	0.094745	0.003126	
1278.021118	0.094742	0.003146	
1278.077148	0.094737	0.003167	
1278.133179	0.094731	0.003188	
1278.189209	0.094724	0.003209	
1278.245117	0.094715	0.003230	
1278.301147	0.094705	0.003251	
1278.357178	0.094694	0.003272	
1278.413208	0.094681	0.003293	
1278.469116	0.094668	0.003315	
1278.525146	0.094653	0.003336	
1278.581177	0.094636	0.003358	
1278.637207	0.094618	0.003380	
1278.693115	0.094599	0.003402	
1278.749146	0.094579	0.003423	
1278.805176	0.094557	0.003445	
1278.861206	0.094534	0.003468	
1278.917114	0.094510	0.003490	
1278.973145	0.094484	0.003512	
1279.029175	0.094457	0.003534	
1279.085205	0.094429	0.003557	
1279.141113	0.094400	0.003579	
1279.197144	0.094369	0.003602	
1279.253174	0.094336	0.003624	
1279.309204	0.094303	0.003647	
1279.365112	0.094268	0.003670	
1279.421143	0.094232	0.003693	
1279.477173	0.094194	0.003715	
1279.533203	0.094155	0.003738	
1279.589111	0.094115	0.003761	
1279.645142	0.094074	0.003784	
1279.701172	0.094031	0.003807	
1279.757202	0.093987	0.003830	
1279.813110	0.093941	0.003853	
1279.869141	0.093895	0.003876	
1279.925171	0.093846	0.003899	
1279.981201	0.093797	0.003922	
1280.037109	0.093747	0.003945	
1280.093140	0.093695	0.003968	
1280.149170	0.093642	0.003991	
1280.205200	0.093587	0.004014	
1280.261230	0.093532	0.004037	
1280.317139	0.093475	0.004060	
1280.373169	0.093417	0.004083	
1280.429199	0.093357	0.004106	
1280.485229	0.093297	0.004129	
1280.541138	0.093235	0.004152	
1280.597168	0.093172	0.004174	
1280.653198	0.093107	0.004197	
1280.709229	0.093042	0.004220	
1280.765137	0.092975	0.004242	
1280.821167	0.092907	0.004265	
1280.877197	0.092838	0.004287	
1280.933228	0.092768	0.004309	
1280.989136	0.092697	0.004332	
1281.045166	0.092624	0.004354	
1281.101196	0.092551	0.004376	
1281.157227	0.092476	0.004398	
1281.213135	0.092400	0.004420	
1281.269165	0.092323	0.004441	
1281.325195	0.092246	0.004463	
1281.381226	0.092167	0.004484	
1281.437134	0.092086	0.004506	
1281.493164	0.092005	0.004527	
1281.549194	0.091923	0.004548	
1281.605225	0.091840	0.004569	
1281.661133	0.091756	0.004589	
1281.717163	0.091671	0.004610	
1281.773193	0.091585	0.004630	
1281.829224	0.091498	0.004650	
1281.885132	0.091410	0.004670	
1281.941162	0.091321	0.004690	
1281.997192	0.091232	0.004710	
1282.053223	0.091141	0.004729	
1282.109131	0.091050	0.004748	
1282.165161	0.090957	0.004767	
1282.221191	0.090864	0.004786	
1282.277222	0.090770	0.004805	
1282.333130	0.090676	0.004823	
1282.389160	0.090580	0.004841	
1282.445190	0.090484	0.004859	
1282.501221	0.090387	0.004876	
1282.557129	0.090290	0.004894	
1282.613159	0.090191	0.004911	
1282.669189	0.090092	0.004927	
1282.725220	0.089993	0.004944	
1282.781128	0.089893	0.004960	
1282.837158	0.089792	0.004976	
1282.893188	0.089690	0.004992	
1282.949219	0.089589	0.005007	
1283.005127	0.089486	0.005022	
1283.061157	0.089383	0.005037	
1283.117188	0.089279	0.005052	
1283.173218	0.089175	0.005066	
1283.229126	0.089071	0.005080	
1283.285156	0.088966	0.005093	
1283.341187	0.088861	0.005106	
1283.397217	0.088755	0.005119	
1283.453125	0.088649	0.005132	
1283.509155	0.088543	0.005144	
1283.565186	0.088436	0.005156	
1283.621216	0.088329	0.005167	
1283.677124	0.088222	0.005179	
1283.733154	0.088114	0.005190	
1283.789185	0.088007	0.005200	
1283.845215	0.087899	0.005210	
1283.901123	0.087791	0.005220	
1283.957153	0.087682	0.005230	
1284.013184	0.087574	0.005239	
1284.069214	0.087465	0.005247	
1284.125122	0.087357	0.005256	
1284.181152	0.087248	0.005264	
1284.237183	0.087139	0.005271	
1284.293213	0.087030	0.005279	
1284.349121	0.086921	0.005286	
1284.405151	0.086812	0.005292	
1284.461182	0.086703	0.005298	
1284.517212	0.086595	0.005304	
1284.573120	0.086486	0.005309	
1284.629150	0.086378	0.005314	
1284.685181	0.086269	0.005319	
1284.741211	0.086161	0.005323	
1284.797119	0.086053	0.005327	
1284.853149	0.085945	0.005331	
1284.909180	0.085838	0.005334	
1284.965210	0.085730	0.005337	
1285.021118	0.085623	0.005339	
1285.077148	0.085516	0.005341	
1285.133179	0.085410	0.005343	
1285.189209	0.085303	0.005344	
1285.245239	0.085197	0.005345	
1285.301147	0.085092	0.005345	
1285.357178	0.084987	0.005345	
1285.413208	0.084882	0.005345	
1285.469238	0.084778	0.005344	
1285.525146	0.084674	0.005343	
1285.581177	0.084570	0.005342	
1285.637207	0.084467	0.005340	
1285.693237	0.084365	0.005338	
1285.749146	0.084263	0.005336	
1285.805176	0.084161	0.005333	
1285.861206	0.084060	0.005330	
1285.917236	0.083960	0.005326	
1285.973145	0.083860	0.005323	
1286.029175	0.083761	0.005318	
1286.085205	0.083662	0.005314	
1286.141235	0.083564	0.005309	
1286.197144	0.083467	0.005304	
1286.253174	0.083370	0.005298	
1286.309204	0.083274	0.005292	
1286.365234	0.083179	0.005286	
1286.421143	0.083085	0.005280	
1286.477173	0.082991	0.005273	
1286.533203	0.082897	0.005266	
1286.589233	0.082805	0.005258	
1286.645142	0.082713	0.005250	
1286.701172	0.082623	0.005242	
1286.757202	0.082532	0.005234	
1286.813232	0.082443	0.005225	
1286.869141	0.082355	0.005216	
1286.925171	0.082267	0.005207	
1286.981201	0.082180	0.005197	
1287.037231	0.082094	0.005188	
1287.093140	0.082009	0.005177	
1287.149170	0.081925	0.005167	
1287.205200	0.081841	0.005156	
1287.261230	0.081759	0.005146	
1287.317139	0.081677	0.005134	
1287.373169	0.081596	0.005123	
1287.429199	0.081516	0.005111	
1287.485229	0.081437	0.005100	
1287.541138	0.081359	0.005087	
1287.597168	0.081282	0.005075	
1287.653198	0.081206	0.005063	
1287.709229	0.081131	0.005050	
1287.765137	0.081057	0.005037	
1287.821167	0.080983	0.005024	
1287.877197	0.080911	0.005010	
1287.933228	0.080840	0.004996	
1287.989136	0.080769	0.004983	
1288.045166	0.080700	0.004969	
1288.101196	0.080632	0.004955	
1288.157227	0.080564	0.004940	
1288.213135	0.080498	0.004926	
1288.269165	0.080433	0.004911	
1288.325195	0.080368	0.004896	
1288.381226	0.080305	0.004881	
1288.437134	0.080243	0.004866	
1288.493164	0.080181	0.004850	
1288.549194	0.080121	0.004835	
1288.605225	0.080062	0.004819	
1288.661133	0.080004	0.004804	
1288.717163	0.079946	0.004788	
1288.773193	0.079890	0.004772	
1288.829224	0.079835	0.004756	
1288.885132	0.079781	0.004739	
1288.941162	0.079728	0.004723	
1288.997192	0.079676	0.004707	
1289.053223	0.079625	0.004690	
1289.109131	0.079575	0.004673	
1289.165161	0.079526	0.004657	
1289.221191	0.079478	0.004640	
1289.277222	0.079431	0.004623	
1289.333130	0.079385	0.004606	
1289.389160	0.079341	0.004589	
1289.445190	0.079297	0.004572	
1289.501221	0.079254	0.004555	
1289.557129	0.079213	0.004537	
1289.613159	0.079172	0.004520	
1289.669189	0.079133	0.004503	
1289.725220	0.079094	0.004485	
1289.781128	0.079056	0.004468	
1289.837158	0.079020	0.004450	
1289.893188	0.078985	0.004433	
1289.949219	0.078950	0.004415	
1290.005127	0.078917	0.004398	
1290.061157	0.078884	0.004380	
1290.117188	0.078853	0.004363	
1290.173218	0.078823	0.004345	
1290.229126	0.078793	0.004327	
1290.285156	0.078765	0.004310	
1290.341187	0.078737	0.004292	
1290.397217	0.078711	0.004274	
1290.453247	0.078686	0.004257	
1290.509155	0.078661	0.004239	
1290.565186	0.078638	0.004221	
1290.621216	0.078616	0.004204	
1290.677246	0.078594	0.004186	
1290.733154	0.078574	0.004169	
1290.789185	0.078554	0.004151	
1290.845215	0.078536	0.004134	
1290.901245	0.078518	0.004116	
1290.957153	0.078502	0.004099	
1291.013184	0.078486	0.004081	
1291.069214	0.078471	0.004064	
1291.125244	0.078458	0.004046	
1291.181152	0.078445	0.004029	
1291.237183	0.078433	0.004012	
1291.293213	0.078422	0.003995	
1291.349243	0.078412	0.003977	
1291.405151	0.078403	0.003960	
1291.461182	0.078395	0.003943	
1291.517212	0.078387	0.003926	
1291.573242	0.078381	0.003909	
1291.629150	0.078375	0.003892	
1291.685181	0.078371	0.003875	
1291.741211	0.078367	0.003859	
1291.797241	0.078364	0.003842	
1291.853149	0.078362	0.003825	
1291.909180	0.078361	0.003809	
1291.965210	0.078361	0.003792	
1292.021240	0.078361	0.003776	
1292.077148	0.078363	0.003759	
1292.133179	0.078365	0.003743	
1292.189209	0.078368	0.003727	
1292.245239	0.078372	0.003711	
1292.301147	0.078376	0.003695	
1292.357178	0.078382	0.003679	
1292.413208	0.078388	0.003663	
1292.469238	0.078395	0.003647	
1292.525146	0.078403	0.003632	
1292.581177	0.078412	0.003616	
1292.637207	0.078422	0.003601	
1292.693237	0.078432	0.003585	
1292.749146	0.078443	0.003570	
1292.805176	0.078455	0.003555	
1292.861206	0.078467	0.003540	
1292.917236	0.078481	0.003525	
1292.973145	0.078495	0.003510	
1293.029175	0.078509	0.003495	
1293.085205	0.078525	0.003480	
1293.141235	0.078541	0.003465	
1293.197144	0.078558	0.003451	
1293.253174	0.078576	0.003437	
1293.309204	0.078594	0.003422	
1293.365234	0.078613	0.003408	
1293.421143	0.078633	0.003394	
1293.477173	0.078653	0.003380	
1293.533203	0.078674	0.003366	
1293.589233	0.078696	0.003352	
1293.645142	0.078718	0.003339	
1293.701172	0.078741	0.003325	
1293.757202	0.078765	0.003312	
1293.813232	0.078789	0.003298	
1293.869141	0.078814	0.003285	
1293.925171	0.078840	0.003272	
1293.981201	0.078866	0.003259	
1294.037231	0.078893	0.003246	
1294.093140	0.078920	0.003233	
1294.149170	0.078948	0.003221	
1294.205200	0.078977	0.003208	
1294.261230	0.079006	0.003196	
1294.317139	0.079036	0.003183	
1294.373169	0.079066	0.003171	
1294.429199	0.079097	0.003159	
1294.485229	0.079129	0.003147	
1294.541138	0.079161	0.003135	
1294.597168	0.079193	0.003123	
1294.653198	0.079226	0.003112	
1294.709229	0.079260	0.003100	
1294.765137	0.079294	0.003089	
1294.821167	0.079329	0.003077	
1294.877197	0.079364	0.003066	
1294.933228	0.079399	0.003055	
1294.989136	0.079436	0.003044	
1295.045166	0.079524	0.002983	
1295.101196	0.079627	0.002910	
1295.157227	0.079732	0.002840	
1295.213135	0.079840	0.002772	
1295.269165	0.079949	0.002705	
1295.325195	0.080060	0.002640	
1295.381226	0.080173	0.002577	
1295.437256	0.080288	0.002515	
1295.493164	0.080404	0.002455	
1295.549194	0.080523	0.002397	
1295.605225	0.080643	0.002340	
1295.661255	0.080765	0.002285	
1295.717163	0.080888	0.002231	
1295.773193	0.081013	0.002178	
1295.829224	0.081140	0.002127	
1295.885254	0.081267	0.002077	
1295.941162	0.081397	0.002028	
1295.997192	0.081528	0.001981	
1296.053223	0.081660	0.001935	
1296.109253	0.081793	0.001890	
1296.165161	0.081928	0.001846	
1296.221191	0.082064	0.001804	
1296.277222	0.082202	0.001762	
1296.333252	0.082340	0.001722	
1296.389160	0.082480	0.001682	
1296.445190	0.082621	0.001644	
1296.501221	0.082763	0.001606	
1296.557251	0.082906	0.001570	
1296.613159	0.083050	0.001534	
1296.669189	0.083195	0.001500	
1296.725220	0.083342	0.001466	
1296.781250	0.083489	0.001433	
1296.837158	0.083637	0.001401	
1296.893188	0.083786	0.001370	
1296.949219	0.083936	0.001339	
1297.005249	0.084087	0.001310	
1297.061157	0.084238	0.001281	
1297.117188	0.084391	0.001253	
1297.173218	0.084544	0.001225	
1297.229248	0.084699	0.001198	
1297.285156	0.084854	0.001172	
1297.341187	0.085009	0.001147	
1297.397217	0.085166	0.001122	
1297.453247	0.085323	0.001098	
1297.509155	0.085481	0.001074	
1297.565186	0.085639	0.001051	
1297.621216	0.085799	0.001029	
1297.677246	0.085958	0.001007	
1297.733154	0.086119	0.000986	
1297.789185	0.086280	0.000965	
1297.845215	0.086442	0.000945	
1297.901245	0.086604	0.000925	
1297.957153	0.086767	0.000906	
1298.013184	0.086930	0.000887	
1298.069214	0.087094	0.000868	
1298.125244	0.087259	0.000851	
1298.181152	0.087424	0.000833	
1298.237183	0.087590	0.000816	
1298.293213	0.087756	0.000800	
1298.349243	0.087922	0.000783	
1298.405151	0.088089	0.000768	
1298.461182	0.088257	0.000752	
1298.517212	0.088425	0.000737	
1298.573242	0.088593	0.000722	
1298.629150	0.088762	0.000708	
1298.685181	0.088931	0.000694	
1298.741211	0.089100	0.000681	
1298.797241	0.089270	0.000667	
1298.853149	0.089441	0.000654	
1298.909180	0.089611	0.000642	
1298.965210	0.089782	0.000629	
1299.021240	0.089954	0.000617	
1299.077148	0.090126	0.000605	
1299.133179	0.090298	0.000594	
1299.189209	0.090470	0.000583	
1299.245239	0.090643	0.000572	
1299.301147	0.090816	0.000561	
1299.357178	0.090989	0.000551	
1299.413208	0.091163	0.000540	
1299.469238	0.091337	0.000530	
1299.525146	0.091511	0.000521	
1299.581177	0.091686	0.000511	
1299.637207	0.091861	0.000502	
1299.693237	0.092036	0.000493	
1299.749146	0.092211	0.000484	
1299.805176	0.092386	0.000476	
1299.861206	0.092562	0.000467	
1299.917236	0.092738	0.000459	
1299.973145	0.092914	0.000451	
1300.029175	0.093091	0.000443	
1300.085205	0.093267	0.000435	
1300.141235	0.093444	0.000428	
1300.197144	0.093621	0.000421	
1300.253174	0.093799	0.000413	
1300.309204	0.093976	0.000407	
1300.365234	0.094154	0.000400	
1300.421265	0.094332	0.000393	
1300.477173	0.094510	0.000387	
1300.533203	0.094688	0.000380	
1300.589233	0.094866	0.000374	
1300.645264	0.095045	0.000368	
1300.701172	0.095223	0.000362	
1300.757202	0.095402	0.000356	
1300.813232	0.095581	0.000351	
1300.869263	0.095760	0.000345	
1300.925171	0.095940	0.000340	
1300.981201	0.096119	0.000334	
1301.037231	0.096298	0.000329	
1301.093262	0.096478	0.000324	
1301.149170	0.096658	0.000319	
1301.205200	0.096838	0.000314	
1301.261230	0.097018	0.000310	
1301.317261	0.097198	0.000305	
1301.373169	0.097378	0.000301	
1301.429199	0.097559	0.000296	
1301.485229	0.097739	0.000292	
1301.541260	0.097920	0.000288	
1301.597168	0.098101	0.000284	
1301.653198	0.098281	0.000280	
1301.709229	0.098462	0.000276	
1301.765259	0.098643	0.000272	
1301.821167	0.098824	0.000268	
1301.877197	0.099005	0.000265	
1301.933228	0.099187	0.000261	
1301.989258	0.099368	0.000257	
1302.045166	0.099549	0.000254	
1302.101196	0.099731	0.000251	
1302.157227	0.099912	0.000247	
1302.213257	0.100094	0.000244	
1302.269165	0.100275	0.000241	
1302.325195	0.100457	0.000238	
1302.381226	0.100639	0.000235	
1302.437256	0.100821	0.000232	
1302.493164	0.101003	0.000229	
1302.549194	0.101185	0.000227	
1302.605225	0.101367	0.000224	
1302.661255	0.101549	0.000221	
1302.717163	0.101731	0.000219	
1302.773193	0.101913	0.000216	
1302.829224	0.102096	0.000214	
1302.885254	0.102278	0.000211	
1302.941162	0.102460	0.000209	
1302.997192	0.102643	0.000206	
1303.053223	0.102825	0.000204	
1303.109253	0.103007	0.000202	
1303.165161	0.103190	0.000200	
1303.221191	0.103372	0.000198	
1303.277222	0.103554	0.000196	
1303.333252	0.103737	0.000194	
1303.389160	0.103920	0.000192	
1303.445190	0.104103	0.000190	
1303.501221	0.104285	0.000188	
1303.557251	0.104468	0.000186	
1303.613159	0.104651	0.000184	
1303.669189	0.104834	0.000182	
1303.725220	0.105016	0.000181	
1303.781250	0.105199	0.000179	
1303.837158	0.105382	0.000177	
1303.893188	0.105564	0.000176	
1303.949219	0.105747	0.000174	
1304.005249	0.105930	0.000173	
1304.061157	0.106113	0.000171	
1304.117188	0.106295	0.000170	
1304.173218	0.106478	0.000168	
1304.229248	0.106661	0.000167	
1304.285156	0.106844	0.000165	
1304.341187	0.107026	0.000164	
1304.397217	0.107209	0.000163	
1304.453247	0.107392	0.000162	
1304.509155	0.107575	0.000160	
1304.565186	0.107757	0.000159	
1304.621216	0.107940	0.000158	
1304.677246	0.108123	0.000157	
1304.733154	0.108306	0.000156	
1304.789185	0.108488	0.000155	
1304.845215	0.108671	0.000153	
1304.901245	0.108854	0.000152	
1304.957153	0.109037	0.000151	
1305.013184	0.109219	0.000150	
1305.069214	0.109402	0.000149	
1305.125244	0.109585	0.000149	
1305.181152	0.109768	0.000148	
1305.237183	0.109950	0.000147	
1305.293213	0.110133	0.000146	
1305.349243	0.110316	0.000145	
1305.405151	0.110499	0.000144	
1305.461182	0.110681	0.000143	
1305.517212	0.110864	0.000143	
1305.573242	0.111047	0.000142	
1305.629272	0.111230	0.000141	
1305.685181	0.111412	0.000140	
1305.741211	0.111595	0.000140	
1305.797241	0.111778	0.000139	
1305.853271	0.111961	0.000138	
1305.909180	0.112143	0.000138	
1305.965210	0.112325	0.000137	
1306.021240	0.112508	0.000137	
1306.077271	0.112690	0.000136	
1306.133179	0.112872	0.000135	
1306.189209	0.113055	0.000135	
1306.245239	0.113237	0.000134	
1306.301270	0.113419	0.000134	
1306.357178	0.113602	0.000133	
1306.413208	0.113784	0.000133	
1306.469238	0.113966	0.000132	
1306.525269	0.114149	0.000132	
1306.581177	0.114331	0.000132	
1306.637207	0.114513	0.000131	
1306.693237	0.114696	0.000131	
1306.749268	0.114878	0.000130	
1306.805176	0.115060	0.000130	
1306.861206	0.115242	0.000130	
1306.917236	0.115423	0.000129	
1306.973267	0.115605	0.000129	
1307.029175	0.115787	0.000129	
1307.085205	0.115969	0.000128	
1307.141235	0.116151	0.000128	
1307.197266	0.116333	0.000128	
1307.253174	0.116515	0.000128	
1307.309204	0.116697	0.000127	
1307.365234	0.116879	0.000127	
1307.421265	0.117060	0.000127	
1307.477173	0.117242	0.000127	
1307.533203	0.117423	0.000127	
1307.589233	0.117605	0.000126	
1307.645264	0.117786	0.000126	
1307.701172	0.117968	0.000126	
1307.757202	0.118149	0.000126	
1307.813232	0.118331	0.000126	
1307.869263	0.118512	0.000126	
1307.925171	0.118694	0.000126	
1307.981201	0.118875	0.000126	
1308.037231	0.119056	0.000126	
1308.093262	0.119237	0.000125	
1308.149170	0.119418	0.000125	
1308.205200	0.119599	0.000125	
1308.261230	0.119780	0.000125	
1308.317261	0.119961	0.000125	
1308.373169	0.120142	0.000125	
1308.429199	0.120323	0.000125	
1308.485229	0.120504	0.000125	
1308.541260	0.120684	0.000125	
1308.597168	0.120865	0.000125	
1308.653198	0.121046	0.000125	
1308.709229	0.121226	0.000125	
1308.765259	0.121407	0.000126	
1308.821167	0.121588	0.000126	
1308.877197	0.121768	0.000126	
1308.933228	0.121948	0.000126	
1308.989258	0.122129	0.000126	
1309.045166	0.122309	0.000126	
1309.101196	0.122489	0.000126	
1309.157227	0.122669	0.000126	
1309.213257	0.122850	0.000126	
1309.269165	0.123030	0.000126	
1309.325195	0.123210	0.000127	
1309.381226	0.123390	0.000127	
1309.437256	0.123570	0.000127	
1309.493164	0.123749	0.000127	
1309.549194	0.123929	0.000127	
1309.605225	0.124109	0.000128	
1309.661255	0.124289	0.000128	
1309.717163	0.124468	0.000128	
1309.773193	0.124648	0.000128	
1309.829224	0.124827	0.000128	
1309.885254	0.125007	0.000129	
1309.941162	0.125186	0.000129	
1309.997192	0.125366	0.000129	
1310.053223	0.125545	0.000130	
1310.109253	0.125724	0.000130	
1310.165161	0.125904	0.000130	
1310.221191	0.126083	0.000130	
1310.277222	0.126262	0.000131	
1310.333252	0.126441	0.000131	
1310.389160	0.126619	0.000131	
1310.445190	0.126798	0.000132	
1310.501221	0.126976	0.000132	
1310.557251	0.127155	0.000132	
1310.613281	0.127334	0.000133	
1310.669189	0.127512	0.000133	
1310.725220	0.127691	0.000134	
1310.781250	0.127869	0.000134	
1310.837280	0.128048	0.000134	
1310.893188	0.128227	0.000135	
1310.949219	0.128405	0.000135	
1311.005249	0.128583	0.000136	
1311.061279	0.128760	0.000136	
1311.117188	0.128938	0.000137	
1311.173218	0.129116	0.000137	
1311.229248	0.129294	0.000137	
1311.285278	0.129471	0.000138	
1311.341187	0.129649	0.000138	
1311.397217	0.129827	0.000139	
1311.453247	0.130005	0.000139	
1311.509277	0.130182	0.000140	
1311.565186	0.130360	0.000140	
1311.621216	0.130537	0.000141	
1311.677246	0.130714	0.000141	
1311.733276	0.130891	0.000142	
1311.789185	0.131068	0.000143	
1311.845215	0.131245	0.000143	
1311.901245	0.131422	0.000144	
1311.957275	0.131599	0.000144	
1312.013184	0.131776	0.000145	
1312.069214	0.131952	0.000145	
1312.125244	0.132129	0.000146	
1312.181274	0.132306	0.000147	
1312.237183	0.132482	0.000147	
1312.293213	0.132658	0.000148	
1312.349243	0.132834	0.000149	
1312.405273	0.133010	0.000149	
1312.461182	0.133186	0.000150	
1312.517212	0.133362	0.000151	
1312.573242	0.133539	0.000151	
1312.629272	0.133715	0.000152	
1312.685181	0.133891	0.000153	
1312.741211	0.134066	0.000153	
1312.797241	0.134242	0.000154	
1312.853271	0.134417	0.000155	
1312.909180	0.134592	0.000156	
1312.965210	0.134767	0.000156	
1313.021240	0.134943	0.000157	
1313.077271	0.135118	0.000158	
1313.133179	0.135293	0.000159	
1313.189209	0.135468	0.000160	
1313.245239	0.135643	0.000160	
1313.301270	0.135818	0.000161	
1313.357178	0.135992	0.000162	
1313.413208	0.136167	0.000163	
1313.469238	0.136341	0.000164	
1313.525269	0.136515	0.000165	
1313.581177	0.136690	0.000165	
1313.637207	0.136864	0.000166	
1313.693237	0.137039	0.000167	
1313.749268	0.137212	0.000168	
1313.805176	0.137386	0.000169	
1313.861206	0.137560	0.000170	
1313.917236	0.137733	0.000171	
1313.973267	0.137907	0.000172	
1314.029175	0.138080	0.000173	
1314.085205	0.138254	0.000174	
1314.141235	0.138427	0.000175	
1314.197266	0.138601	0.000176	
1314.253174	0.138773	0.000177	
1314.309204	0.138946	0.000178	
1314.365234	0.139119	0.000179	
1314.421265	0.139292	0.000180	
1314.477173	0.139464	0.000181	
1314.533203	0.139637	0.000182	
1314.589233	0.139810	0.000183	
1314.645264	0.139982	0.000184	
1314.701172	0.140154	0.000185	
1314.757202	0.140326	0.000186	
1314.813232	0.140498	0.000188	
1314.869263	0.140670	0.000189	
1314.925171	0.140841	0.000190	
1314.981201	0.141013	0.000191	
1315.037231	0.141185	0.000192	
1315.093262	0.141356	0.000193	
1315.149170	0.141527	0.000195	
1315.205200	0.141698	0.000196	
1315.261230	0.141869	0.000197	
1315.317261	0.142040	0.000198	
1315.373169	0.142211	0.000200	
1315.429199	0.142382	0.000201	
1315.485229	0.142552	0.000202	
1315.541260	0.142722	0.000204	
1315.597290	0.142893	0.000205	
1315.653198	0.143063	0.000206	
1315.709229	0.143233	0.000208	
1315.765259	0.143403	0.000209	
1315.821289	0.143573	0.000211	
1315.877197	0.143742	0.000212	
1315.933228	0.143911	0.000213	
1315.989258	0.144081	0.000215	
1316.045288	0.144250	0.000216	
1316.101196	0.144420	0.000218	
1316.157227	0.144588	0.000219	
1316.213257	0.144757	0.000221	
1316.269287	0.144925	0.000222	
1316.325195	0.145094	0.000224	
1316.381226	0.145263	0.000226	
1316.437256	0.145431	0.000227	
1316.493286	0.145599	0.000229	
1316.549194	0.145767	0.000230	
1316.605225	0.145934	0.000232	
1316.661255	0.146102	0.000234	
1316.717285	0.146270	0.000236	
1316.773193	0.146437	0.000237	
1316.829224	0.146604	0.000239	
1316.885254	0.146771	0.000241	
1316.941284	0.146938	0.000243	
1316.997192	0.147105	0.000244	
1317.053223	0.147272	0.000246	
1317.109253	0.147438	0.000248	
1317.165283	0.147604	0.000250	
1317.221191	0.147770	0.000252	
1317.277222	0.147936	0.000254	
1317.333252	0.148102	0.000256	
1317.389282	0.148267	0.000258	
1317.445190	0.148432	0.000260	
1317.501221	0.148598	0.000262	
1317.557251	0.148763	0.000264	
1317.613281	0.148928	0.000266	
1317.669189	0.149092	0.000268	
1317.725220	0.149257	0.000270	
1317.781250	0.149421	0.000272	
1317.837280	0.149586	0.000274	
1317.893188	0.149750	0.000276	
1317.949219	0.149913	0.000278	
1318.005249	0.150077	0.000281	
1318.061279	0.150240	0.000283	
1318.117188	0.150404	0.000285	
1318.173218	0.150567	0.000288	
1318.229248	0.150729	0.000290	
1318.285278	0.150892	0.000292	
1318.341187	0.151055	0.000295	
1318.397217	0.151217	0.000297	
1318.453247	0.151379	0.000299	
1318.509277	0.151541	0.000302	
1318.565186	0.151703	0.000304	
1318.621216	0.151864	0.000307	
1318.677246	0.152025	0.000310	
1318.733276	0.152186	0.000312	
1318.789185	0.152347	0.000315	
1318.845215	0.152508	0.000317	
1318.901245	0.152668	0.000320	
1318.957275	0.152828	0.000323	
1319.013184	0.152988	0.000326	
1319.069214	0.153148	0.000329	
1319.125244	0.153307	0.000331	
1319.181274	0.153467	0.000334	
1319.237183	0.153626	0.000337	
1319.293213	0.153784	0.000340	
1319.349243	0.153943	0.000343	
1319.405273	0.154101	0.000346	
1319.461182	0.154259	0.000349	
1319.517212	0.154417	0.000352	
1319.573242	0.154575	0.000355	
1319.629272	0.154732	0.000359	
1319.685181	0.154889	0.000362	
1319.741211	0.155046	0.000365	
1319.797241	0.155203	0.000368	
1319.853271	0.155359	0.000372	
1319.909180	0.155515	0.000375	
1319.965210	0.155671	0.000378	
1320.021240	0.155826	0.000382	
1320.077271	0.155981	0.000385	
1320.133179	0.156136	0.000389	
1320.189209	0.156291	0.000393	
1320.245239	0.156445	0.000396	
1320.301270	0.156600	0.000400	
1320.357178	0.156753	0.000404	
1320.413208	0.156907	0.000407	
1320.469238	0.157060	0.000411	
1320.525269	0.157213	0.000415	
1320.581177	0.157366	0.000419	
1320.637207	0.157518	0.000423	
1320.693237	0.157670	0.000427	
1320.749268	0.157822	0.000431	
1320.805298	0.157973	0.000435	
1320.861206	0.158124	0.000439	
1320.917236	0.158275	0.000444	
1320.973267	0.158425	0.000448	
1321.029297	0.158575	0.000452	
1321.085205	0.158725	0.000457	
1321.141235	0.158874	0.000461	
1321.197266	0.159024	0.000466	
1321.253296	0.159172	0.000470	
1321.309204	0.159321	0.000475	
1321.365234	0.159469	0.000480	
1321.421265	0.159616	0.000484	
1321.477295	0.159764	0.000489	
1321.533203	0.159910	0.000494	
1321.589233	0.160057	0.000499	
1321.645264	0.160203	0.000504	
1321.701294	0.160349	0.000509	
1321.757202	0.160494	0.000514	
1321.813232	0.160639	0.000520	
1321.869263	0.160784	0.000525	
1321.925293	0.160928	0.000530	
1321.981201	0.161072	0.000536	
1322.037231	0.161215	0.000541	
1322.093262	0.161358	0.000547	
1322.149292	0.161501	0.000553	
1322.205200	0.161643	0.000558	
1322.261230	0.161785	0.000564	
1322.317261	0.161926	0.000570	
1322.373291	0.162067	0.000576	
1322.429199	0.162207	0.000582	
1322.485229	0.162347	0.000588	
1322.541260	0.162486	0.000595	
1322.597290	0.162625	0.000601	
1322.653198	0.162764	0.000607	
1322.709229	0.162902	0.000614	
1322.765259	0.163040	0.000620	
1322.821289	0.163176	0.000627	
1322.877197	0.163313	0.000634	
1322.933228	0.163449	0.000641	
1322.989258	0.163585	0.000648	
1323.045288	0.163720	0.000655	
1323.101196	0.163854	0.000662	
1323.157227	0.163988	0.000669	
1323.213257	0.164121	0.000676	
1323.269287	0.164254	0.000684	
1323.325195	0.164387	0.000691	
1323.381226	0.164518	0.000699	
1323.437256	0.164650	0.000707	
1323.493286	0.164780	0.000714	
1323.549194	0.164910	0.000722	
1323.605225	0.165040	0.000731	
1323.661255	0.165168	0.000739	
1323.717285	0.165297	0.000747	
1323.773193	0.165424	0.000755	
1323.829224	0.165551	0.000764	
1323.885254	0.165678	0.000773	
1323.941284	0.165804	0.000781	
1323.997192	0.165929	0.000790	
1324.053223	0.166053	0.000799	
1324.109253	0.166177	0.000808	
1324.165283	0.166300	0.000818	
1324.221191	0.166422	0.000827	
1324.277222	0.166544	0.000837	
1324.333252	0.166665	0.000846	
1324.389282	0.166785	0.000856	
1324.445190	0.166905	0.000866	
1324.501221	0.167024	0.000876	
1324.557251	0.167142	0.000886	
1324.613281	0.167259	0.000897	
1324.669189	0.167376	0.000907	
1324.725220	0.167492	0.000918	
1324.781250	0.167607	0.000929	
1324.837280	0.167721	0.000940	
1324.893188	0.167835	0.000951	
1324.949219	0.167948	0.000962	
1325.005249	0.168059	0.000974	
1325.061279	0.168170	0.000985	
1325.117188	0.168281	0.000997	
1325.173218	0.168390	0.001009	
1325.229248	0.168498	0.001021	
1325.285278	0.168606	0.001034	
1325.341187	0.168712	0.001046	
1325.397217	0.168818	0.001059	
1325.453247	0.168923	0.001071	
1325.509277	0.169027	0.001085	
