12.8225	0.00477538	0.000253144	0.261779
24.9588	0.00269294	0.000216975	0.394275
18.3096	0.00290993	0.000196595	0.504885
23.7883	0.00320327	0.000227962	0.358333
14.4696	0.003176	0.000189842	0.469364
21.7756	0.00316412	0.000220507	0.406191
19.252	0.00303121	0.000213472	0.452725
17.9966	0.00322856	0.0001516	0.456045
15.0189	0.00249518	0.000186014	0.589132
16.6576	0.00389012	0.000144364	0.378850
9.97139	0.00234591	0.000203295	0.634750
12.5734	0.00230635	0.000189324	0.570055
13.9743	0.00208484	0.000160116	0.783738
12.8392	0.00393079	0.000190858	0.330114
14.5192	0.00404079	0.000241133	0.326468
10.4135	0.00230847	0.000174161	0.624345
20.1509	0.00286111	0.000164166	0.481390
23.3922	0.0038755	0.000130169	0.293100
16.8568	0.00320903	0.000139585	0.410405
14.6084	0.00367559	0.000259832	0.400239
13.6505	0.00397869	0.000259179	0.381333
19.8801	0.00361687	0.000207518	0.370794
13.5165	0.00375319	0.000241943	0.437596
9.62544	0.00243496	0.000194257	0.507500
17.6384	0.00227942	0.00014155	0.664583
17.8274	0.00319031	0.000155518	0.468133
20.9618	0.00220518	0.00015216	0.531721
14.1821	0.00278726	0.000162743	0.495738
17.9535	0.00490288	0.000190316	0.292420
15.3372	0.00375398	0.000209963	0.378742
12.9733	0.00306984	0.000165376	0.471584
15.6921	0.00389155	0.000192007	0.375435
19.5052	0.00260772	0.000137718	0.472227
23.366	0.00226702	0.000241472	0.520841
24.3875	0.00495309	0.000187869	0.234917
23.9518	0.00249956	0.000241097	0.476715
7.63666	0.00231245	0.000200895	0.607589
13.3303	0.00291242	0.000141802	0.582675
24.8948	0.00232575	0.000146434	0.457766
14.9191	0.00445262	0.000229696	0.352660
14.8537	0.00277264	0.000197124	0.470656
24.1673	0.0046234	0.000196439	0.250344
14.8681	0.00230163	0.000147632	0.561468
22.3691	0.002895	0.000256527	0.444053
18.9776	0.00479416	0.000145866	0.288689
24.1931	0.00244371	0.000252411	0.426211
17.1479	0.00331325	0.000167335	0.403203
13.5699	0.00466966	0.000190051	0.333428
15.1557	0.00288341	0.000163156	0.574526
20.5738	0.00219736	0.000206177	0.620894
17.5223	0.00475945	0.000164888	0.304457
11.4538	0.00370584	0.000200096	0.330957
22.4222	0.00362338	0.000250833	0.353873
13.0307	0.00305153	0.000237902	0.384299
14.006	0.00461629	0.000165676	0.347419
22.5348	0.00275915	0.000243143	0.430485
15.187	0.00361615	0.000195574	0.380399
19.7125	0.00221317	0.000132218	0.489168
13.0932	0.00275032	0.000219628	0.592425
19.3289	0.00205421	0.000184905	0.602401
13.1924	0.00422316	0.000136402	0.448975
23.9008	0.00202854	0.000130341	0.640772
13.4738	0.00205293	0.000212616	0.655269
23.2651	0.00339549	0.000181544	0.376327
22.3695	0.00416614	0.000213344	0.310317
14.5382	0.00277047	0.000223225	0.565479
21.0677	0.00387257	0.000174965	0.342282
20.8899	0.00251085	0.000144912	0.517417
12.7619	0.00302945	0.000140378	0.516300
13.106	0.00249196	0.000148074	0.666815
14.3799	0.00291187	0.000228746	0.481599
13.4804	0.00365058	0.000198044	0.482727
15.8586	0.00438616	0.000151278	0.335654
12.8518	0.00269029	0.000208992	0.600000
19.5007	0.00420527	0.000181116	0.329403
17.3279	0.00429571	0.00019118	0.315474
9.6174	0.00458146	0.000214742	0.377117
18.1075	0.00487681	0.000214918	0.321391
11.9493	0.00294169	0.000205257	0.405167
23.4856	0.00481618	0.000207114	0.239727
15.1111	0.00317568	0.000242491	0.507782
14.8453	0.00200367	0.000176261	0.801092
23.6178	0.00452542	0.000254912	0.252461
13.5849	0.00341008	0.000193388	0.402679
24.9508	0.00287248	0.000211564	0.397574
15.3002	0.00220291	0.000217527	0.629831
23.6182	0.00318557	0.000190322	0.330140
17.0484	0.00275822	0.00022369	0.532810
14.5993	0.00463187	0.000138786	0.223102
10.5922	0.00233712	0.000183537	0.461958
10.2352	0.00299385	0.000188969	0.481490
8.63618	0.00416546	0.000208708	0.294139
17.0206	0.00401255	0.000173626	0.390005
13.3195	0.00344452	0.00017599	0.490161
21.8552	0.00218749	0.000152891	0.512925
14.338	0.00287485	0.00013761	0.534021
16.0371	0.00276117	0.000161249	0.467533
23.4451	0.00361877	0.000166426	0.279015
15.429	0.00285617	0.00018584	0.554434
22.9071	0.00210878	0.000237146	0.574573
22.1126	0.00323646	0.000244571	0.408613
11.8986	0.00367512	0.000210308	0.312886
13.4273	0.00428933	0.000199382	0.266419
22.7754	0.00358618	0.000194231	0.331161
8.39809	0.0049279	0.000233501	0.325358
19.6159	0.00365616	0.000250992	0.337243
17.4637	0.00210824	0.000239333	0.650563
10.695	0.00482008	0.000225674	0.279417
23.6699	0.00497798	0.000185536	0.241962
15.2804	0.00434164	0.00018229	0.345615
10.0471	0.00336876	0.000163717	0.494462
13.5218	0.00279795	0.000174054	0.407973
18.3483	0.00456428	0.000223541	0.330482
12.0331	0.00461017	0.000203261	0.274245
20.3593	0.00370806	0.000136007	0.345874
16.7132	0.00347111	0.000192393	0.413125
17.2954	0.00306966	0.000240008	0.474771
19.1439	0.00245803	0.000220301	0.542932
24.8346	0.00364023	0.000160584	0.304123
18.3148	0.00325455	0.000184788	0.390999
14.4844	0.00347631	0.000232479	0.473405
23.6153	0.00270786	0.000141237	0.439437
16.839	0.00222095	0.000259607	0.576316
15.3536	0.00290708	0.000165228	0.499549
21.614	0.00441655	0.000174127	0.256205
15.1013	0.00359664	0.000195305	0.419781
12.9736	0.00482365	0.000184797	0.289076
20.6157	0.00472964	0.000254261	0.299457
24.0535	0.0026261	0.000162801	0.469621
16.7078	0.00350742	0.000234077	0.401361
19.4953	0.00295994	0.00017698	0.488559
23.1396	0.00430995	0.000239389	0.282504
21.4855	0.00331448	0.000184248	0.350161
21.4215	0.00410044	0.000182097	0.323205
17.8406	0.0048421	0.000256347	0.329062
13.5763	0.00435245	0.000157526	0.366091
13.412	0.00267171	0.000229385	0.634106
12.7345	0.00387522	0.000231642	0.426594
14.08	0.00469741	0.000184684	0.351408
12.6799	0.00389586	0.000175529	0.457061
20.5023	0.00258006	0.000205794	0.489404
20.2982	0.00277478	0.000142784	0.415023
12.5328	0.00420714	0.000230522	0.421686
15.6427	0.00481706	0.000234007	0.318186
24.8749	0.00405702	0.000230129	0.295464
22.0898	0.00323815	0.00017228	0.385940
8.6924	0.00375921	0.000137374	0.405789
13.618	0.00366562	0.0002149	0.316174
10.9906	0.00486957	0.000223744	0.247098
21.3346	0.0027933	0.000163716	0.426773
13.9606	0.00254561	0.000210673	0.605450
15.2504	0.00426765	0.00015041	0.386923
18.9233	0.00384037	0.000196185	0.345633
24.3933	0.00344275	0.000158287	0.318070
21.8357	0.00370134	0.000215829	0.319908
15.5849	0.00277498	0.000245227	0.516261
20.5822	0.00446839	0.000255571	0.276017
24.4628	0.0027957	0.000214803	0.423903
21.7605	0.00337905	0.000227536	0.342281
17.8133	0.0036194	0.000168558	0.423091
20.4481	0.00371714	0.000207655	0.318872
13.304	0.00311235	0.000195229	0.594808
23.4159	0.00347232	0.000181849	0.333109
21.8602	0.00386398	0.000223075	0.279658
12.2295	0.00354939	0.000209241	0.353675
16.5822	0.00418479	0.000247889	0.322534
17.3058	0.00288634	0.00015966	0.505393
23.0734	0.00420885	0.000258515	0.277284
21.9542	0.0048372	0.000181316	0.263332
16.1012	0.00363873	0.000132892	0.420347
17.3663	0.00227175	0.000150603	0.691246
24.9402	0.00473353	0.000205996	0.267322
23.9954	0.00313001	0.000148328	0.362246
18.6047	0.00211741	0.000225642	0.518782
10.4285	0.00309141	0.000147355	0.442657
24.6948	0.00206596	0.00018814	0.537526
12.5732	0.00473342	0.000170522	0.361575
8.06381	0.00329946	0.00022747	0.424145
15.7648	0.00266959	0.000206512	0.527977
21.7602	0.00268416	0.000240537	0.431086
12.9265	0.00465938	0.000175872	0.391070
13.7051	0.00333782	0.000253447	0.428638
17.8978	0.00423433	0.000207751	0.366224
21.5754	0.00356575	0.000258362	0.307292
12.9749	0.00347221	0.000205084	0.499552
21.2558	0.00317031	0.000179397	0.381708
14.207	0.00447028	0.000175699	0.379054
13.822	0.00350661	0.000251091	0.422782
23.3781	0.00279597	0.000167262	0.402578
18.8308	0.00259857	0.000221052	0.451818
23.4057	0.00487974	0.000236512	0.221366
24.5618	0.00499565	0.0001662	0.250000
16.4757	0.00405756	0.000252106	0.348259
14.1382	0.00396759	0.000220538	0.410827
12.0863	0.00234812	0.000137994	0.512751
19.3238	0.00261367	0.000258066	0.479820
18.955	0.00229086	0.000140012	0.552390
19.5914	0.00389286	0.000223127	0.313829
24.1028	0.00203387	0.000192821	0.560707
17.3154	0.00482584	0.000233113	0.299955
11.404	0.00355873	0.000141808	0.391304
19.8553	0.00208251	0.000232429	0.565298
15.2447	0.00359714	0.00018456	0.453617
18.5075	0.00234547	0.000245975	0.525665
10.6321	0.00444619	0.000237007	0.332718
12.9873	0.00478176	0.000220431	0.339209
15.8906	0.00353307	0.000196205	0.421023
14.747	0.00214772	0.000210314	0.635984
21.4191	0.00268524	0.000170373	0.466032
13.1227	0.00384832	0.000207594	0.433333
19.3556	0.00481489	0.000252573	0.271920
8.60884	0.00200397	0.000170594	0.622453
22.6324	0.00303599	0.000230372	0.394682
19.697	0.00363632	0.000248353	0.376946
15.4403	0.0021757	0.000248236	0.690882
24.2967	0.00492126	0.000162751	0.245952
18.3775	0.00480211	0.000170948	0.324034
24.0926	0.00460134	0.000236168	0.247674
21.0744	0.00410748	0.000148559	0.307540
18.8989	0.00477337	0.000204831	0.317366
22.8159	0.0028402	0.000200346	0.421525
13.9041	0.00442251	0.000209226	0.421817
16.7226	0.00400809	0.000183001	0.350704
21.9679	0.00307287	0.000223228	0.420499
12.8859	0.00315133	0.000171111	0.536248
24.5147	0.00454284	0.000175878	0.242937
22.7563	0.00334705	0.000152769	0.341561
17.4901	0.00202424	0.000225658	0.577719
18.7957	0.00431567	0.000230997	0.298055
19.0812	0.00361129	0.000146583	0.374182
21.3222	0.00322466	0.000237392	0.402644
21.0766	0.00398144	0.000166292	0.347828
24.6353	0.00222718	0.000200728	0.523055
17.3527	0.00437165	0.000257065	0.331550
15.77	0.00295251	0.000239003	0.438672
18.4716	0.00436683	0.000142306	0.318657
11.4782	0.00466227	0.000187056	0.303275
15.2086	0.00253329	0.000193727	0.517241
11.7954	0.00262339	0.000222798	0.593306
21.9747	0.00349274	0.000163744	0.358196
16.2562	0.00426135	0.00021345	0.365475
14.3516	0.00314547	0.000130522	0.569322
7.65623	0.00400095	0.000163072	0.431553
21.2801	0.00377111	0.000185088	0.331505
14.946	0.00222571	0.000170535	0.655654
12.5151	0.00319198	0.000153101	0.531145
22.69	0.00260532	0.000165641	0.472698
13.1822	0.0031526	0.000244561	0.539705
14.9086	0.00338785	0.000189021	0.453428
18.7838	0.00251947	0.000246987	0.450980
15.2053	0.00273424	0.000144558	0.555396
19.2457	0.00294608	0.0001989	0.430153
21.7219	0.00256872	0.000243175	0.487987
19.1856	0.00478451	0.000152328	0.273528
23.1804	0.00335702	0.000226417	0.341150
16.3583	0.00374878	0.000207969	0.416299
16.5623	0.00315215	0.00016003	0.500275
18.1538	0.00315742	0.000203473	0.480614
14.9629	0.00293865	0.000214281	0.478001
14.136	0.00476495	0.000130273	0.341601
14.5053	0.00297336	0.000229305	0.376370
20.0673	0.00332545	0.000146389	0.366774
19.0161	0.00231014	0.000131763	0.552230
11.4017	0.0041765	0.000231875	0.296653
15.8053	0.00330535	0.000195472	0.400989
20.568	0.00411719	0.000223657	0.329454
18.7232	0.0048766	0.000259404	0.304505
20.5391	0.00444201	0.000146186	0.262524
12.6995	0.00424338	0.000231487	0.413438
17.2029	0.00341758	0.000179987	0.440279
24.5679	0.00472647	0.000221814	0.233692
14.33	0.00344884	0.000232644	0.453474
24.717	0.00364125	0.000147779	0.290186
15.1751	0.0032281	0.000246842	0.464702
19.1723	0.00290297	0.000138841	0.452145
15.7685	0.0036681	0.000232203	0.392390
12.1992	0.00478252	0.000145935	0.286252
12.5586	0.00430449	0.000161659	0.349702
24.5025	0.00407831	0.000164174	0.251842
13.2058	0.00303688	0.000205296	0.495040
16.6719	0.00307803	0.000200802	0.452290
23.6437	0.00224161	0.000244627	0.486969
23.26	0.00240242	0.000149343	0.480423
20.161	0.00277028	0.000186604	0.459459
18.0816	0.00222681	0.000152972	0.584236
10.85	0.00413272	0.000168276	0.335091
20.1996	0.00475653	0.000211758	0.273784
21.1093	0.00439493	0.000160249	0.298202
23.0255	0.00205613	0.000166096	0.564227
22.7832	0.00321301	0.000232516	0.362194
23.9943	0.00382499	0.000215223	0.316122
15.1094	0.00218622	0.0001829	0.713400
14.1435	0.00346704	0.00023726	0.440508
12.8197	0.00257713	0.00018864	0.761121
20.863	0.00372708	0.00025145	0.327450
15.6427	0.00444846	0.000193818	0.342514
20.463	0.00344919	0.000251742	0.375449
19.4166	0.00330244	0.000216676	0.382651
16.1303	0.00368371	0.000192596	0.393794
21.0328	0.00221766	0.000211668	0.566154
22.8984	0.00239179	0.000224642	0.473404
10.3521	0.00441681	0.000140662	0.386611
15.1328	0.00219775	0.000241862	0.681014
13.2223	0.00438589	0.000251912	0.374608
13.0201	0.00428109	0.000205837	0.368899
18.3959	0.00238922	0.000184355	0.550405
20.8756	0.00243378	0.000150513	0.438037
11.1507	0.00293918	0.000204164	0.439312
21.2766	0.00468305	0.000186661	0.288281
23.1549	0.00431717	0.000150355	0.280816
8.16567	0.00442685	0.000211881	0.356522
21.4842	0.00296441	0.00022222	0.392236
16.7433	0.00490799	0.000164803	0.301328
9.6176	0.00409088	0.000175516	0.406230
19.2175	0.0041974	0.000146492	0.315463
13.2413	0.00493231	0.000236634	0.307696
18.2724	0.00221604	0.000199935	0.567087
13.2903	0.00261917	0.000228178	0.600929
16.0694	0.00465808	0.000147536	0.314319
20.3476	0.00214623	0.000220517	0.595622
23.3854	0.00250143	0.000190791	0.414310
18.171	0.00464963	0.00023142	0.292851
14.4893	0.00261825	0.000164219	0.625650
24.3752	0.00447769	0.000224871	0.237086
12.9869	0.00262147	0.000180174	0.709560
22.5311	0.00375308	0.000157746	0.301870
15.5553	0.00483336	0.000239709	0.339439
22.1466	0.00364332	0.000171039	0.357360
18.3761	0.00274364	0.000227998	0.516314
21.4756	0.00402895	0.000163349	0.313393
13.5919	0.00227619	0.000212904	0.528984
14.014	0.0034603	0.000218062	0.385960
17.576	0.00484694	0.000161865	0.279991
24.9198	0.00203046	0.000211273	0.521933
18.0711	0.00356511	0.000245922	0.359347
23.081	0.00383981	0.000160279	0.283407
17.848	0.0036702	0.000219724	0.390882
19.7071	0.00326806	0.000201628	0.409508
10.921	0.00466968	0.000151805	0.292329
20.4953	0.00444197	0.000217114	0.283333
18.1325	0.00307458	0.000242354	0.420953
19.4373	0.002334	0.000183879	0.566759
17.6373	0.00288924	0.000146832	0.500075
8.89363	0.00452192	0.00020228	0.376165
18.5804	0.00217333	0.00020384	0.582394
14.0013	0.00238013	0.000242201	0.578558
16.7881	0.00449698	0.000211142	0.281313
23.3922	0.00266533	0.000200257	0.440859
10.8032	0.00234231	0.000158936	0.572861
10.3313	0.00323942	0.000231776	0.387842
13.987	0.00365361	0.000189106	0.452203
24.601	0.00289261	0.000160772	0.383187
13.6288	0.00416326	0.00015742	0.311747
16.0082	0.00363839	0.000239446	0.411490
14.9899	0.00292423	0.000147009	0.437572
14.606	0.00305905	0.000240223	0.506887
13.8681	0.00424492	0.000137575	0.345596
13.6022	0.00222831	0.000242392	0.757327
22.7653	0.0047716	0.000143279	0.266875
17.037	0.00432621	0.000218434	0.382456
20.6396	0.00251645	0.000143833	0.398558
16.6282	0.00315443	0.000180783	0.429161
22.5647	0.00233614	0.000236606	0.518801
21.557	0.00311916	0.000225591	0.343852
8.53981	0.0037485	0.000191182	0.408280
14.8192	0.00364343	0.000199705	0.311259
15.9136	0.00305972	0.000172505	0.480854
13.6018	0.00228443	0.000245402	0.602512
23.7427	0.00360799	0.000187413	0.349765
18.118	0.00293825	0.000191408	0.469332
11.5527	0.00229528	0.000196644	0.563645
19.8408	0.00278821	0.000192126	0.442089
22.2787	0.00419395	0.00025166	0.264873
22.8334	0.00357665	0.000216196	0.317458
23.2919	0.00413778	0.000243161	0.285121
20.5144	0.00375682	0.00013511	0.282982
14.1854	0.0021162	0.0001779	0.759709
21.5217	0.00218695	0.000210549	0.577702
18.4099	0.00495197	0.000156576	0.301002
14.2276	0.00263537	0.000192269	0.424177
22.8006	0.00398186	0.000180204	0.291355
21.7149	0.00349277	0.000148008	0.377500
14.4593	0.0022472	0.000187292	0.689844
17.8135	0.00459167	0.000157115	0.309275
23.469	0.00476801	0.000175739	0.238441
16.3055	0.00247616	0.000224075	0.557807
15.2157	0.00346995	0.000159865	0.413737
16.7982	0.00321133	0.000179155	0.481026
24.6521	0.00313342	0.000176044	0.342645
24.4196	0.00239324	0.00021701	0.451767
18.6551	0.00448089	0.000246894	0.284712
22.9802	0.00359554	0.000198494	0.320732
15.0296	0.00202153	0.00014525	0.650919
21.2425	0.00491877	0.000153184	0.270938
16.4992	0.00361926	0.00019626	0.403842
14.5797	0.00368011	0.000220732	0.438544
16.6435	0.00463335	0.000216164	0.314587
19.4694	0.00444254	0.000236417	0.288207
23.2688	0.00362541	0.000169246	0.345114
24.4479	0.00296483	0.00024035	0.345221
13.8961	0.00341991	0.000255766	0.515345
23.3398	0.00316268	0.00023976	0.334450
19.0148	0.00224978	0.000207358	0.533683
23.4365	0.00476689	0.00016948	0.283252
11.6452	0.00370618	0.000161015	0.418066
23.2288	0.00273996	0.000227626	0.425542
19.2946	0.00410574	0.000237607	0.316580
23.0014	0.00465256	0.000239165	0.237186
9.31725	0.00213471	0.000186353	0.658427
11.2126	0.0046388	0.000192144	0.330037
24.0399	0.00458435	0.000151388	0.271277
13.6829	0.00369909	0.000145837	0.443668
24.2089	0.00231798	0.000158229	0.537591
8.54703	0.00273342	0.000148359	0.484956
16.9306	0.00438324	0.00014275	0.383911
13.0778	0.00285957	0.000254413	0.550698
23.6958	0.00440727	0.000137161	0.268609
14.8371	0.00359801	0.00019288	0.460878
21.754	0.00331146	0.000177859	0.370997
18.9666	0.00355172	0.000200001	0.361283
18.3316	0.00207013	0.000194725	0.635135
10.9001	0.00361608	0.000193754	0.355695
19.216	0.00209491	0.000158085	0.620266
19.561	0.00301643	0.000242806	0.423312
21.4767	0.00248659	0.00025027	0.463613
23.8193	0.00339383	0.000165477	0.321036
14.5465	0.00280821	0.000255637	0.484766
22.7827	0.0034593	0.00019911	0.310190
22.0479	0.00441481	0.000203684	0.270608
21.4888	0.00422076	0.000131766	0.313448
7.58879	0.00219736	0.000174965	0.590992
15.5318	0.00328735	0.000157006	0.466999
18.3063	0.00248712	0.000185862	0.539187
10.3875	0.00428636	0.000149947	0.339970
17.2851	0.00475489	0.000136665	0.310346
21.8681	0.00454667	0.000208534	0.269667
24.7464	0.00316336	0.000144133	0.371324
22.5667	0.00381629	0.000227407	0.306295
13.6386	0.0027015	0.000162958	0.401885
19.027	0.00498172	0.000159706	0.295724
15.3377	0.00401221	0.000178981	0.379619
12.5745	0.00440175	0.00025646	0.390066
16.4504	0.00486049	0.000148848	0.291987
13.8869	0.00260204	0.000217853	0.537257
21.2024	0.00349301	0.000176499	0.353696
24.449	0.00423305	0.000150014	0.259480
9.18049	0.00220843	0.000139547	0.708103
12.5958	0.00224958	0.000135561	0.672799
17.7343	0.00435697	0.000194969	0.295585
22.0925	0.00310258	0.000256715	0.370459
21.3809	0.00423405	0.00017153	0.309022
14.8752	0.00243605	0.000158702	0.461058
24.1569	0.00270068	0.00013949	0.459593
20.805	0.00491957	0.000215333	0.232391
20.4865	0.00465679	0.000229334	0.282207
22.2792	0.00292694	0.000194221	0.392157
8.89725	0.00242134	0.000161886	0.570796
13.9934	0.00447787	0.00017827	0.340118
19.0858	0.00205992	0.000220994	0.647396
12.1907	0.00283407	0.000252857	0.465762
12.6536	0.00493638	0.000177412	0.377497
12.9992	0.00336049	0.000257507	0.465456
23.3987	0.00436457	0.000221472	0.272519
13.4833	0.00342781	0.000223532	0.374396
16.3771	0.00442892	0.000166966	0.358055
22.3445	0.00432186	0.000221937	0.269867
21.4511	0.00431356	0.000160344	0.273937
10.6992	0.00229057	0.000217099	0.508663
15.8533	0.00407643	0.000198328	0.374639
18.358	0.00244063	0.000215917	0.543739
17.2617	0.00447553	0.000232731	0.300920
17.7209	0.00475361	0.000154661	0.296451
20.8083	0.00290196	0.000223856	0.460588
14.4001	0.00294657	0.000165	0.460848
18.5891	0.00471305	0.000136579	0.288294
16.4852	0.0036946	0.000143761	0.398235
20.0309	0.00361262	0.000132881	0.396147
17.4749	0.00349409	0.000257362	0.403280
10.0212	0.0041	0.000141381	0.384481
24.8222	0.00377536	0.000223005	0.320784
13.5755	0.00425195	0.000201578	0.310005
20.7318	0.00439633	0.000247474	0.282442
20.8809	0.00493555	0.000256798	0.267938
22.4005	0.00275113	0.000172978	0.390270
24.5733	0.00326446	0.000219037	0.309586
14.4642	0.0040928	0.000233718	0.402148
22.1175	0.0044566	0.000246622	0.254924
16.9515	0.00226134	0.000221174	0.598469
15.2399	0.00322603	0.000204834	0.491057
18.4861	0.00425845	0.000225337	0.323279
24.0146	0.00323095	0.000189136	0.343054
16.5061	0.00379196	0.000193616	0.370774
15.6059	0.00272623	0.000214524	0.536320
13.5311	0.00462166	0.000141973	0.377240
24.9643	0.00230117	0.000252543	0.492936
16.1809	0.00204978	0.000159822	0.651801
13.6012	0.003521	0.000229358	0.446265
22.0533	0.00220159	0.000178759	0.540444
9.98176	0.00399588	0.000258713	0.331793
19.9812	0.00352149	0.00013365	0.331326
14.0559	0.00465555	0.000172577	0.380806
21.1643	0.0028118	0.000159265	0.416603
24.7644	0.00483067	0.000194816	0.231551
23.6034	0.00333774	0.000169528	0.349587
21.1785	0.00207791	0.000161614	0.547897
18.4073	0.00395033	0.000231684	0.345663
21.3388	0.00360965	0.000241011	0.320673
13.5189	0.00368246	0.000152651	0.474039
17.6301	0.00322784	0.000210835	0.437550
22.4841	0.00213373	0.000175552	0.528657
21.8394	0.00434971	0.000160459	0.296913
18.1951	0.00383872	0.000239446	0.362921
19.0653	0.00310848	0.000177728	0.430822
18.5051	0.00407955	0.000243163	0.329778
18.2182	0.0031393	0.000159905	0.434592
13.1093	0.00336315	0.000224609	0.452375
23.0955	0.00306116	0.000256335	0.360845
8.41464	0.00386391	0.000133209	0.383333
18.9685	0.00488937	0.000259535	0.265097
21.7632	0.00340502	0.000148302	0.373421
12.349	0.00469571	0.000246281	0.228441
22.0505	0.00208544	0.000160806	0.616106
20.7413	0.00236015	0.000232383	0.571609
24.8301	0.00367215	0.00022555	0.295222
14.1608	0.00257028	0.000167054	0.670145
23.7962	0.00433577	0.000214284	0.256018
18.574	0.00444448	0.000210221	0.305574
22.8193	0.00452041	0.000193242	0.268250
17.3708	0.00324057	0.000133383	0.415955
12.643	0.00323663	0.000232099	0.570220
10.9858	0.00277142	0.000233823	0.447941
8.30806	0.0021113	0.00014052	0.703131
14.8322	0.00364055	0.00018095	0.435120
22.5491	0.00451102	0.000255233	0.270613
11.8571	0.00407958	0.000144068	0.323186
20.1034	0.00358182	0.000182877	0.384519
11.9925	0.00200278	0.00025439	0.552828
18.486	0.00306081	0.000158825	0.428481
14.8631	0.00378367	0.000184002	0.466107
22.9807	0.00452206	0.000199768	0.291682
17.481	0.00495391	0.000181589	0.284615
21.6239	0.00304198	0.000184261	0.367297
14.2258	0.00295966	0.000230372	0.495171
23.59	0.00309451	0.000252396	0.343356
15.0555	0.00299903	0.000167419	0.467031
12.505	0.00233948	0.000144297	0.671285
19.1647	0.00251121	0.000155887	0.510256
15.4694	0.00452946	0.00017645	0.335039
8.31978	0.0045951	0.000186021	0.339471
15.4034	0.00290078	0.000197674	0.512942
8.86645	0.00306613	0.000254145	0.424518
24.4032	0.00379238	0.000214745	0.324721
7.91794	0.00498382	0.000218012	0.324465
19.4359	0.00422094	0.000256442	0.323805
24.5229	0.00306103	0.000230344	0.354351
12.8845	0.00218534	0.000221216	0.709645
20.2507	0.00458931	0.000198489	0.285528
15.9728	0.00441496	0.000195397	0.374815
15.8592	0.00203972	0.000138361	0.668837
19.3519	0.0024718	0.000217796	0.492194
23.3598	0.00328254	0.000169845	0.336111
13.8542	0.00410858	0.000229828	0.326098
24.2094	0.00298794	0.000182509	0.388881
12.9879	0.00252553	0.000254643	0.602634
23.2818	0.0045044	0.000182293	0.271240
24.5593	0.00222647	0.000146834	0.485958
23.1546	0.00223315	0.000196401	0.463852
10.4789	0.00313013	0.000179614	0.471547
12.5715	0.00352536	0.000197579	0.367777
19.1975	0.00475645	0.000242752	0.260940
13.0537	0.00380742	0.000132827	0.344544
23.0513	0.00423236	0.00016175	0.280422
15.0371	0.00483184	0.000211093	0.317378
17.5448	0.00371304	0.000188609	0.382411
24.618	0.00315102	0.000203656	0.362282
21.0644	0.00223166	0.000175638	0.582139
7.88768	0.00359194	0.000184093	0.369920
24.9	0.00404702	0.000170502	0.321264
14.2405	0.00227745	0.000159417	0.523141
21.2953	0.00356475	0.000154248	0.368402
21.0166	0.00286598	0.000211731	0.470313
17.7527	0.00226275	0.000199642	0.600191
16.6028	0.00312259	0.000195299	0.459138
18.9902	0.00234661	0.000155154	0.514639
22.8184	0.00441545	0.000234066	0.264901
22.8206	0.00304802	0.000235246	0.376602
23.206	0.00471834	0.000182271	0.301576
13.5836	0.00465231	0.000187254	0.390580
20.1078	0.00406596	0.000208892	0.316070
13.3288	0.00298546	0.000143387	0.531083
12.5033	0.00427282	0.000143329	0.398224
14.1644	0.00458423	0.000175682	0.244074
13.6108	0.0040754	0.000138535	0.326708
21.6729	0.00258193	0.000159755	0.426381
22.2527	0.00424049	0.000171222	0.319026
11.332	0.00334169	0.000167493	0.396913
18.4349	0.00228804	0.000175025	0.531391
19.5818	0.00311903	0.000134635	0.364811
16.9021	0.00343929	0.000193231	0.390296
22.8488	0.00389661	0.00022776	0.299400
15.4065	0.00352728	0.000203571	0.401858
24.3559	0.00247977	0.000178114	0.456351
10.4279	0.00466177	0.000143046	0.287454
18.5162	0.00423102	0.000141549	0.327037
19.8011	0.0025087	0.000146305	0.480887
22.1416	0.00371575	0.000158856	0.338030
14.4616	0.00405517	0.000258006	0.395989
22.1978	0.00260964	0.000224126	0.432573
14.2185	0.00362397	0.000135822	0.493742
13.8095	0.00497092	0.000165291	0.356050
20.5889	0.00259048	0.000164946	0.515581
19.6268	0.00425816	0.000259521	0.320806
12.5723	0.00296896	0.000163401	0.600600
14.2859	0.00337439	0.000227655	0.457301
20.3568	0.0042052	0.000143531	0.308961
18.4503	0.00297887	0.00020666	0.470737
13.3349	0.00473352	0.000247266	0.381162
12.5828	0.00280655	0.000228449	0.619508
16.1049	0.00239485	0.000258582	0.615880
23.9723	0.0048354	0.000199479	0.241842
7.54489	0.00311856	0.000253349	0.405071
22.3154	0.00378461	0.000166373	0.335919
24.4183	0.00369518	0.000169482	0.311569
7.77456	0.00342009	0.000143477	0.446979
21.4814	0.003314	0.000171085	0.402894
17.4737	0.00362101	0.000239229	0.353313
18.7224	0.00317914	0.000239414	0.426049
22.4623	0.00469079	0.000212509	0.296370
19.0795	0.00249978	0.00013083	0.541030
14.1009	0.00263008	0.000145701	0.612803
24.6011	0.0021484	0.000215172	0.500590
16.1952	0.00336426	0.000233497	0.439431
11.6473	0.0048493	0.00017628	0.304253
11.6723	0.00390618	0.000240743	0.318791
19.9118	0.00357579	0.000253376	0.356201
12.3499	0.00205946	0.00016209	0.669845
15.1795	0.00336858	0.000145024	0.435065
24.4429	0.00310671	0.000195041	0.363649
13.9771	0.00493293	0.000200739	0.348970
13.7052	0.00206802	0.000219699	0.627079
17.2582	0.00425843	0.000257274	0.333672
18.7652	0.00241822	0.000144588	0.534933
21.3338	0.00420629	0.000239757	0.282598
9.78958	0.00307328	0.000139761	0.459689
24.7799	0.0032509	0.000154396	0.363654
19.1675	0.00231424	0.000162231	0.508805
19.525	0.0045882	0.000203774	0.286149
21.5396	0.00379994	0.000230821	0.329012
13.301	0.004211	0.000162834	0.257331
14.7265	0.00465588	0.000149747	0.342170
14.5025	0.00313374	0.000145605	0.437812
15.0524	0.00450932	0.000257747	0.353985
14.2064	0.00211279	0.000175179	0.585536
12.8548	0.00489508	0.00025913	0.366970
13.1303	0.00420875	0.000230634	0.376846
22.3813	0.00401569	0.000249365	0.284375
24.0159	0.00378859	0.000173201	0.318848
21.9025	0.00224036	0.000148283	0.588046
13.0365	0.00454717	0.000180286	0.371701
24.4079	0.00281437	0.000231246	0.414801
9.55732	0.00213361	0.000221047	0.615494
24.8012	0.00249698	0.000241603	0.435533
23.488	0.00454638	0.000169238	0.306863
13.7896	0.00468949	0.000165149	0.355561
13.9932	0.00311231	0.000256331	0.524062
11.1934	0.00270208	0.000253937	0.464916
11.821	0.00305138	0.000227157	0.439396
19.6372	0.00233136	0.000136986	0.576768
16.2279	0.0022513	0.000172101	0.599228
15.6335	0.00383392	0.000198892	0.430051
16.659	0.00213672	0.000183065	0.696552
17.0082	0.00481656	0.000142453	0.308288
16.1361	0.00491827	0.000211353	0.298361
17.3053	0.00466781	0.000192081	0.318190
15.0836	0.00410709	0.000182352	0.391627
21.1939	0.00432492	0.000151664	0.298568
8.28984	0.00229878	0.000175783	0.581687
22.9948	0.00259065	0.00025503	0.442916
14.6096	0.00497825	0.000139785	0.242316
21.452	0.00378118	0.00013138	0.313198
19.8333	0.00310363	0.000250537	0.458385
14.0544	0.00399876	0.000252353	0.408214
11.6987	0.00496991	0.00016437	0.319758
18.76	0.00272588	0.000239905	0.445347
13.2315	0.00445601	0.000217297	0.368277
22.8828	0.003714	0.000136527	0.349771
23.2536	0.00371823	0.000190729	0.351256
12.9092	0.00264107	0.000253269	0.581513
24.2477	0.00380025	0.000232792	0.275376
16.3121	0.00342799	0.000231274	0.449081
24.9013	0.00302645	0.000222032	0.358101
19.0977	0.00334085	0.000198841	0.435241
9.70768	0.00498114	0.000171762	0.301181
23.307	0.00242966	0.000227451	0.496425
14.3061	0.00285792	0.000194309	0.478000
23.6355	0.00342317	0.000182553	0.337523
23.4637	0.00209188	0.000211861	0.521457
10.6451	0.00225789	0.000252577	0.645845
13.4423	0.00453817	0.00020343	0.366602
21.4816	0.00264238	0.00018113	0.476793
12.3103	0.00382197	0.000185791	0.338444
13.9417	0.00304964	0.000187314	0.530058
21.3218	0.00484289	0.000163579	0.253483
16.8358	0.0033788	0.000160597	0.373363
16.4036	0.00228295	0.00024424	0.530608
22.8004	0.00275198	0.000217002	0.375328
16.4887	0.00358799	0.000159795	0.448366
22.0017	0.00496383	0.000234083	0.257664
21.2862	0.0043659	0.000207357	0.304597
23.8299	0.00290549	0.000180104	0.415598
23.0536	0.00427295	0.000203951	0.279612
18.1153	0.00392193	0.000159736	0.324752
19.6185	0.00380095	0.000158492	0.377370
18.169	0.00237265	0.000256706	0.579220
22.7783	0.00367601	0.000155381	0.300809
9.352	0.00480046	0.000188276	0.307787
15.0322	0.00325553	0.000171072	0.454943
22.0105	0.00232634	0.00017971	0.481170
20.9039	0.00204881	0.000255398	0.535692
20.8566	0.00234369	0.000163218	0.537034
21.3329	0.00329393	0.00016936	0.394951
14.1301	0.0041049	0.000166307	0.407300
14.1214	0.00345759	0.000182164	0.458344
15.763	0.00343069	0.000177272	0.389962
9.7057	0.00498158	0.000181543	0.276509
17.9736	0.00274916	0.000163621	0.548706
15.1465	0.00431278	0.000209563	0.368918
16.4933	0.00296543	0.000228477	0.512372
10.2136	0.00401675	0.000165489	0.392499
15.688	0.004519	0.000243892	0.353140
21.7235	0.00263245	0.000249897	0.503476
11.9212	0.00362005	0.000150855	0.347247
8.17647	0.00371068	0.000234824	0.335319
18.6372	0.00364854	0.000156603	0.373687
14.3582	0.00499678	0.000134484	0.338211
22.2321	0.00296948	0.000209029	0.437079
22.139	0.00478149	0.000142905	0.260383
13.386	0.0030406	0.000146875	0.520087
18.8629	0.00210271	0.000134601	0.641062
12.7459	0.00461404	0.000251205	0.368856
13.0684	0.00427506	0.00016244	0.385135
24.6411	0.00360071	0.000253542	0.293537
13.1969	0.00326246	0.000228584	0.461413
14.8943	0.00255075	0.000155874	0.624120
13.7942	0.0030919	0.000173547	0.403912
16.8392	0.00337285	0.000159694	0.463496
19.794	0.00445981	0.000144109	0.310101
21.8425	0.00293042	0.000137655	0.466739
8.35733	0.00212947	0.000165006	0.599483
24.0844	0.0028646	0.000143671	0.396233
17.9445	0.00471682	0.000238429	0.285937
21.8218	0.00228603	0.000229283	0.462512
16.4094	0.00482571	0.000233473	0.292741
8.47915	0.00483968	0.000215299	0.305649
18.3893	0.00276968	0.000222578	0.462393
21.874	0.00485452	0.000174032	0.234958
19.1117	0.00364339	0.000182674	0.359670
13.0476	0.00306204	0.000233368	0.412378
11.0417	0.00443812	0.000162067	0.346696
22.3139	0.00454007	0.000231379	0.307411
14.9516	0.003717	0.000207456	0.324630
21.4324	0.00333508	0.000192149	0.372013
17.3838	0.00348658	0.000155475	0.401179
17.9575	0.00308753	0.00020521	0.407193
9.77097	0.00371247	0.000133738	0.477504
16.0549	0.00458942	0.000177585	0.331529
10.5509	0.00485838	0.000142087	0.280089
19.1306	0.00478857	0.00024405	0.299865
15.5754	0.00302379	0.000252486	0.507792
14.652	0.00442983	0.000223107	0.347992
10.7481	0.00384929	0.000159634	0.345934
12.554	0.00369939	0.000219264	0.494454
18.4251	0.00298312	0.000173216	0.474459
23.1809	0.00432404	0.000208126	0.253831
16.0264	0.00468205	0.000155656	0.358194
19.6758	0.00281379	0.000210655	0.438280
15.4026	0.00226272	0.000132366	0.611282
19.5802	0.00358908	0.00021097	0.356153
16.5916	0.00365012	0.000206545	0.366627
13.4315	0.00378452	0.000171534	0.377765
13.7567	0.00295711	0.000145363	0.536567
11.5662	0.00281227	0.000215835	0.476125
12.6563	0.00255655	0.000135655	0.633855
17.4154	0.00338274	0.000221032	0.415026
13.8274	0.00360178	0.000148763	0.454841
13.0912	0.00387696	0.000253196	0.423297
16.0523	0.00244897	0.000165181	0.504796
13.4247	0.00276185	0.000235739	0.555484
12.5133	0.0037158	0.000245842	0.449400
10.9917	0.00222665	0.000246149	0.464734
17.4563	0.00450694	0.00019425	0.326753
12.7324	0.00313218	0.000253655	0.370184
16.3183	0.00379495	0.000190569	0.389169
15.7337	0.00462654	0.000144214	0.308542
17.2365	0.00401672	0.000156815	0.310350
13.6729	0.00411791	0.000159234	0.320754
24.6247	0.00361472	0.000150129	0.308719
23.4215	0.00326761	0.000146483	0.368657
12.9581	0.00415038	0.000211798	0.436369
23.8268	0.0031258	0.000241742	0.340650
14.5808	0.00315972	0.000155744	0.363429
10.928	0.0026304	0.000180466	0.466667
17.6586	0.00414295	0.000156725	0.336639
21.7043	0.00352208	0.000138069	0.343497
14.4472	0.00437362	0.000244042	0.332897
10.1663	0.00360996	0.000146322	0.351892
22.2219	0.00317284	0.000168151	0.392225
22.9706	0.00306119	0.000155317	0.412344
8.58061	0.00206575	0.000227496	0.524761
19.5951	0.00320549	0.000162517	0.422274
23.7178	0.00432633	0.000174729	0.256961
9.16864	0.00440173	0.000190108	0.301790
16.7367	0.00237735	0.000189419	0.603464
23.2137	0.00380714	0.000136636	0.329487
17.5918	0.00393912	0.000189167	0.354830
12.5556	0.00420343	0.00015337	0.474735
18.9083	0.00358804	0.000195121	0.355962
24.4208	0.00359671	0.000246379	0.363765
18.964	0.00439602	0.000208163	0.330250
20.0669	0.00329067	0.000177692	0.379245
24.2234	0.00260674	0.000201191	0.369586
20.2144	0.00444782	0.000174751	0.291715
9.79869	0.00467603	0.000136182	0.281192
12.1996	0.00297073	0.000204663	0.402590
9.28506	0.00232339	0.000256026	0.463227
21.1345	0.00311837	0.000186041	0.387209
13.5706	0.00352487	0.000198305	0.351597
19.4954	0.0029061	0.000225813	0.454794
21.9876	0.00293224	0.000161441	0.418505
12.3424	0.00277272	0.000151998	0.473806
24.9134	0.00495932	0.000201198	0.244430
18.1858	0.00214917	0.000218843	0.634569
13.4548	0.00260147	0.00019507	0.650042
12.5264	0.00310402	0.000250092	0.421939
21.7104	0.00332496	0.000162427	0.394491
18.2982	0.00378531	0.000235227	0.339693
21.8961	0.00443919	0.000259475	0.293231
19.1619	0.00428798	0.000219163	0.310677
15.2086	0.0030637	0.000207508	0.508203
20.9426	0.00233599	0.000215526	0.555525
12.649	0.00456907	0.000239118	0.409224
17.8703	0.00458255	0.000208311	0.292834
13.2561	0.00496376	0.00020655	0.341190
15.1397	0.00381448	0.000228687	0.439759
24.5014	0.00337791	0.000174041	0.388416
18.0917	0.00335855	0.000155368	0.392940
24.4205	0.00447906	0.000143141	0.262931
15.3291	0.00276153	0.000182315	0.522688
20.1156	0.00480449	0.000255567	0.252632
13.8318	0.00359564	0.000180392	0.433579
13.6628	0.00441352	0.000171341	0.456040
9.7857	0.00313999	0.00020085	0.477439
13.5059	0.00272772	0.000213198	0.532091
19.3295	0.0046005	0.000184332	0.289304
17.5718	0.0033708	0.00025547	0.390577
13.3039	0.00388459	0.000141867	0.440925
15.7051	0.00435459	0.00016441	0.391729
24.1931	0.00270862	0.000191191	0.427578
24.6556	0.00392791	0.000204234	0.331627
8.42578	0.00283324	0.000167653	0.482284
12.9459	0.00437091	0.00013415	0.393181
15.8361	0.00228854	0.000244613	0.629278
11.0988	0.00223868	0.000211471	0.592795
20.2254	0.00324296	0.000153435	0.416491
24.1173	0.00309184	0.00013765	0.392676
15.9315	0.00254516	0.00019789	0.476068
14.8391	0.00358027	0.00024463	0.359126
16.2398	0.00316203	0.000190358	0.429023
20.4319	0.0039834	0.00023083	0.334586
13.4294	0.00494686	0.000136719	0.359883
17.3712	0.00309584	0.000168671	0.440014
20.5357	0.00461758	0.000152937	0.292721
22.8101	0.00385333	0.000222129	0.306284
13.8195	0.00254449	0.000174802	0.535750
9.30242	0.00245175	0.000258084	0.527491
14.6329	0.0030333	0.000217565	0.350837
22.0443	0.00214882	0.000155497	0.584669
15.5614	0.00453702	0.000196389	0.318015
20.5204	0.0031372	0.000184108	0.400613
16.6682	0.00444735	0.00021002	0.308109
20.7982	0.00260195	0.000176535	0.472683
17.2235	0.0025651	0.000182314	0.558010
13.8731	0.00277266	0.000217174	0.560413
14.1612	0.00488127	0.00025067	0.363324
19.2437	0.0035502	0.000165328	0.412341
10.3684	0.00257712	0.000181239	0.565352
21.6687	0.00337867	0.000166557	0.344136
10.2685	0.00373412	0.00025836	0.413805
23.2483	0.00442823	0.00014334	0.268585
13.0207	0.00276365	0.000253472	0.447072
20.1299	0.00304183	0.000170265	0.403024
23.1623	0.00295814	0.000172217	0.434910
21.5368	0.00258328	0.000180982	0.467024
18.5602	0.00483278	0.000135902	0.299554
16.054	0.00468823	0.000183394	0.340679
9.5489	0.00480562	0.000216993	0.285020
15.5446	0.00340011	0.00013098	0.429589
21.4335	0.00445914	0.000235356	0.296077
22.779	0.00459518	0.000245198	0.237575
17.1233	0.0032751	0.00016192	0.409451
24.7687	0.00374258	0.000241406	0.330395
24.6066	0.00274666	0.000169827	0.362615
13.8236	0.00421369	0.00019317	0.386583
12.5126	0.00416872	0.000153127	0.411456
21.85	0.00293843	0.000218908	0.437799
24.6555	0.0022473	0.000218587	0.455921
24.5074	0.00325607	0.000184831	0.365562
13.6751	0.0046733	0.000232078	0.379129
18.9529	0.00315501	0.00017714	0.450204
10.143	0.00409411	0.000157583	0.368786
11.0587	0.00274108	0.000188246	0.497410
24.8382	0.00402617	0.000171994	0.298844
23.93	0.00277218	0.000217854	0.435267
23.9341	0.00461561	0.000199921	0.257996
13.6554	0.00339842	0.000177974	0.316750
18.8195	0.00330087	0.000224891	0.405537
13.1063	0.00441567	0.000185599	0.286342
13.0275	0.00304357	0.000164387	0.521882
22.6934	0.00215244	0.000195526	0.527811
24.0578	0.00202871	0.000141661	0.569447
24.9822	0.00337538	0.000177029	0.337884
22.5498	0.00369992	0.000196753	0.327931
16.5281	0.00311112	0.000142999	0.472366
22.0541	0.00334336	0.000239874	0.314386
16.0063	0.00438618	0.000178593	0.345080
7.98675	0.0027899	0.000139188	0.550794
21.1877	0.00295727	0.000160226	0.498125
20.0178	0.00325355	0.000156723	0.378158
19.7731	0.00209655	0.00014706	0.623367
11.9992	0.00227462	0.000187965	0.610996
16.8222	0.00282354	0.000234137	0.482348
23.6907	0.00459603	0.000222449	0.258449
8.02895	0.00288721	0.000228604	0.426284
24.4073	0.00211019	0.000257911	0.519920
14.0057	0.00286277	0.000241425	0.327239
15.1908	0.00246089	0.000244262	0.589707
19.3776	0.00359152	0.000233099	0.379630
13.4304	0.00411854	0.000197867	0.405645
13.391	0.00427927	0.000149218	0.387002
15.9508	0.00346206	0.000186975	0.436667
15.5173	0.0033536	0.000207335	0.381445
12.2136	0.00381948	0.000164543	0.356807
24.089	0.00429173	0.000164182	0.286667
14.9769	0.00407355	0.000144903	0.306386
24.7009	0.00346742	0.000202986	0.326646
15.5374	0.0049319	0.000145771	0.340222
19.9142	0.00232225	0.000217665	0.599908
19.5546	0.00252897	0.000212953	0.507119
24.7505	0.00263428	0.000141203	0.450601
24.0676	0.00219812	0.00015139	0.502406
15.4745	0.00300732	0.000188087	0.510232
21.5351	0.00385892	0.000239334	0.321326
18.6185	0.00237613	0.000255902	0.557052
7.67943	0.00285684	0.000153684	0.574475
9.49086	0.0044657	0.000231441	0.339863
18.6106	0.00355556	0.000191513	0.382869
14.1531	0.0036739	0.000255073	0.427681
19.3929	0.00225795	0.000149115	0.592593
19.2433	0.00216877	0.000130926	0.687735
16.2904	0.00476968	0.000253481	0.313875
21.8126	0.00367221	0.000186494	0.330684
24.3487	0.00232212	0.00018168	0.407461
18.3191	0.00322665	0.00016651	0.414553
15.4046	0.00382074	0.000252253	0.377746
10.612	0.00468162	0.000188972	0.217699
17.5492	0.00492336	0.00019606	0.292040
17.6831	0.00361081	0.000185263	0.382525
15.3056	0.00237407	0.000155223	0.662006
21.0464	0.00378405	0.000246022	0.361851
14.8825	0.00306462	0.000217292	0.350759
12.836	0.0039728	0.000210562	0.429731
7.52842	0.00439592	0.000143665	0.332183
9.61704	0.00210753	0.000238722	0.473918
22.2963	0.00307174	0.000137469	0.399862
14.9676	0.00389452	0.000135035	0.260749
24.3699	0.0022112	0.000185485	0.551625
10.1257	0.0033151	0.000247692	0.387255
12.7074	0.00332217	0.000225954	0.344123
13.6974	0.00321933	0.000192857	0.391557
17.6392	0.00292356	0.000140039	0.470606
24.8902	0.00354063	0.000242448	0.304478
17.329	0.00274252	0.000186725	0.478881
15.545	0.00493358	0.000195127	0.292911
20.144	0.00490744	0.000238174	0.250852
22.4933	0.00294635	0.000249649	0.412329
22.4678	0.00218176	0.00019564	0.535603
24.2693	0.00441475	0.000145531	0.259981
20.554	0.00492825	0.000210583	0.289661
14.1325	0.00312633	0.000230059	0.510415
16.0583	0.00303371	0.000188	0.461478
14.1673	0.00336383	0.000232779	0.485471
17.5731	0.00375904	0.000238952	0.379586
13.3522	0.00413252	0.000235844	0.374692
8.69437	0.00257905	0.000132468	0.528596
24.7667	0.00434164	0.000223388	0.247125
18.0411	0.00348884	0.000203177	0.395241
9.68406	0.00218426	0.000203321	0.706567
10.8666	0.00358738	0.000252766	0.357933
12.306	0.00304915	0.00018008	0.352838
24.1669	0.0049363	0.000166459	0.244674
18.3455	0.00481148	0.000140367	0.284978
21.099	0.00486007	0.000234405	0.259059
13.3136	0.00234367	0.000201277	0.662925
15.3488	0.00318149	0.000230257	0.472459
15.1055	0.00309712	0.000137497	0.450282
18.3728	0.00297135	0.000192474	0.438116
19.4589	0.00401451	0.000149721	0.339893
22.666	0.00203471	0.000148043	0.555370
22.2999	0.00360504	0.000138556	0.316873
14.0174	0.00249834	0.000255862	0.528499
11.8723	0.00331829	0.000164895	0.422595
18.1185	0.00207322	0.00017066	0.645275
21.3512	0.00319116	0.000232644	0.383434
8.30541	0.0022905	0.000179637	0.562596
14.2674	0.00438934	0.000180324	0.343803
24.8001	0.00204984	0.000214359	0.517096
21.5283	0.00427061	0.000167708	0.313686
18.9238	0.00217554	0.000248219	0.575937
14.6467	0.00490816	0.000188765	0.216149
10.873	0.00303325	0.000241004	0.351562
12.9824	0.00320668	0.000208359	0.492313
21.8434	0.00213706	0.000221575	0.557612
14.9229	0.0047971	0.000146283	0.332159
22.8418	0.00496147	0.000147176	0.257847
17.4952	0.00212296	0.000150078	0.716480
20.8488	0.0027837	0.000156694	0.461350
23.6523	0.00278147	0.000243826	0.403884
7.81364	0.00306737	0.000204087	0.458466
19.1188	0.00484552	0.000166466	0.281403
13.8511	0.00200445	0.000241859	0.703626
19.2727	0.00264506	0.000247313	0.489538
22.2458	0.00237009	0.000133102	0.529417
20.5153	0.00457059	0.000189541	0.290543
8.26101	0.00405604	0.000169393	0.346024
20.9262	0.00204186	0.000221995	0.593424
22.5928	0.00226176	0.000243238	0.515666
17.585	0.00442324	0.000157679	0.320880
24.5	0.00451353	0.000190341	0.260300
15.8713	0.00396738	0.000132405	0.427308
16.9874	0.00366131	0.000218029	0.392954
17.9662	0.00360233	0.000194294	0.376034
20.7629	0.00420614	0.000175823	0.297153
13.0619	0.00492664	0.00015588	0.382265
21.9522	0.00463507	0.000221119	0.271494
13.5511	0.00334208	0.000235502	0.503704
20.516	0.00349278	0.000240029	0.335618
22.3605	0.00318667	0.00014278	0.346564
22.6861	0.00223729	0.000156753	0.505977
14.3184	0.00256613	0.000189906	0.629880
22.7256	0.00200662	0.000255638	0.603277
14.6346	0.00216898	0.000138046	0.705353
13.5492	0.00304678	0.000139518	0.384170
20.9353	0.00430223	0.00020571	0.266468
13.1862	0.00290517	0.000165001	0.487848
16.0643	0.00449064	0.000133299	0.302183
22.4283	0.00290182	0.000223149	0.430893
17.1145	0.00386485	0.00024956	0.349720
21.8581	0.00226243	0.000182276	0.535996
22.1878	0.00485619	0.000236552	0.272225
24.4221	0.00314799	0.000240032	0.343884
9.9017	0.00394383	0.000188647	0.337300
9.32194	0.00284405	0.000204948	0.523006
23.8558	0.00489459	0.000138779	0.252796
7.71838	0.00205697	0.000213891	0.552967
19.7608	0.00267469	0.000209678	0.499360
17.1219	0.00348822	0.000243466	0.397517
22.4555	0.00341057	0.000219743	0.339402
23.3771	0.00391368	0.000159011	0.341377
15.0078	0.00452169	0.000167887	0.347672
24.7712	0.00245447	0.000143425	0.465577
13.8721	0.00418415	0.000196176	0.363166
22.8569	0.00324869	0.000257903	0.339346
17.2992	0.00268919	0.0002311	0.518730
23.4732	0.0030025	0.00024152	0.385392
24.3857	0.00306931	0.000200881	0.357822
16.5866	0.00447536	0.000197063	0.343516
8.73618	0.00289893	0.00013835	0.557002
17.9853	0.00244252	0.000176162	0.554192
14.5836	0.00264003	0.000252527	0.548919
12.4961	0.00214209	0.000209622	0.585956
24.3753	0.00449713	0.000151259	0.263307
15.8168	0.00227733	0.000187415	0.542734
23.3646	0.00219152	0.000203715	0.560676
8.03739	0.00466674	0.000258635	0.330627
18.6078	0.00325208	0.000186588	0.444606
19.7	0.00469147	0.000253831	0.309744
11.6731	0.00484268	0.00024431	0.244987
21.5567	0.00343675	0.000203946	0.361190
18.3823	0.00358921	0.000187351	0.376651
24.9813	0.00258154	0.000165798	0.444154
19.2412	0.00272719	0.000172078	0.517309
15.3175	0.00214981	0.000207765	0.590254
14.9133	0.00415047	0.000141469	0.351083
16.5423	0.00425597	0.000214566	0.338458
13.4062	0.0049721	0.000191671	0.358475
13.0817	0.0049182	0.000209756	0.324808
13.2584	0.00202006	0.000171656	0.669989
10.5541	0.00426234	0.000209555	0.354236
18.1386	0.00210116	0.000183734	0.593853
9.85299	0.00274146	0.000206398	0.469834
17.7782	0.00341292	0.000203436	0.355155
22.0704	0.00367452	0.000181414	0.329200
13.0503	0.00445388	0.000155797	0.372455
8.75327	0.00281857	0.000219607	0.489883
21.4129	0.00343863	0.000165211	0.346931
20.7898	0.00451604	0.000235108	0.337879
17.4652	0.00209695	0.000246516	0.635324
18.9321	0.00246507	0.000196445	0.484930
11.9333	0.00344238	0.00013822	0.391661
16.7197	0.00433509	0.000230671	0.347495
23.3355	0.00297145	0.000216489	0.395649
22.6349	0.00218285	0.000156517	0.564917
11.3349	0.00334267	0.000144698	0.391383
13.1858	0.00479904	0.000239552	0.354234
12.9908	0.00203872	0.000175689	0.865652
14.836	0.00431141	0.000255664	0.320560
7.57682	0.00354446	0.000199385	0.427593
23.3302	0.00219602	0.000233404	0.503568
16.8937	0.00209447	0.000192485	0.648244
14.5561	0.00477508	0.000231742	0.324447
19.1841	0.00230349	0.000135393	0.577002
9.65019	0.00428828	0.000184782	0.331352
18.2736	0.00338272	0.00018262	0.385159
19.6375	0.0031371	0.000214838	0.430601
14.5078	0.00313147	0.000237106	0.527630
15.8367	0.00345674	0.000159829	0.445776
14.6487	0.00374286	0.000219058	0.427390
20.3837	0.00380234	0.000145882	0.353011
12.5597	0.00396719	0.000246329	0.358481
17.0969	0.00493439	0.000185957	0.297231
24.2328	0.0040645	0.000217755	0.293226
11.7915	0.00447708	0.000249215	0.298130
7.73393	0.00444927	0.000164278	0.299400
16.508	0.00427389	0.00021876	0.354323
20.5524	0.00235182	0.000161638	0.512352
16.2548	0.00289204	0.000164348	0.502780
19.8687	0.00216393	0.000198442	0.636597
14.073	0.00349774	0.000214698	0.495340
13.3181	0.00483234	0.000167242	0.314417
19.0657	0.00469995	0.000172165	0.312494
15.8874	0.00305243	0.000231971	0.499715
15.2454	0.00202911	0.000222234	0.618710
22.5783	0.00340527	0.000130149	0.368976
17.5208	0.00373266	0.000153714	0.376999
15.1912	0.00338209	0.000221259	0.413898
14.704	0.00357966	0.000160749	0.352541
13.2194	0.0026775	0.000172198	0.618445
19.9706	0.00488378	0.000130561	0.281906
23.6622	0.00384336	0.000225274	0.294650
13.9418	0.00464096	0.000171527	0.291396
13.7507	0.00421887	0.000187846	0.411734
19.0064	0.00251736	0.000142405	0.547144
23.2757	0.00357131	0.000182865	0.336780
21.1653	0.00480315	0.000132444	0.283096
19.4685	0.00232355	0.000181228	0.569926
17.5237	0.0032303	0.000231479	0.438328
17.7021	0.00269982	0.00015526	0.527578
24.1475	0.00223881	0.000215854	0.485741
22.5778	0.00474315	0.000208142	0.268551
16.6287	0.00280144	0.000245608	0.508514
13.279	0.0026388	0.000159949	0.637164
17.7041	0.00301737	0.000150726	0.468741
13.117	0.00232496	0.000157613	0.765682
19.006	0.00409227	0.000150789	0.302470
22.8295	0.00483094	0.000187716	0.243109
20.824	0.0039273	0.000149014	0.324646
10.2815	0.00383833	0.000137553	0.412810
13.9439	0.00324735	0.000240084	0.497963
20.7899	0.00352103	0.000202608	0.389988
14.7067	0.00477551	0.000131359	0.315509
17.457	0.0036525	0.00017247	0.389816
11.0216	0.00467058	0.000170386	0.284434
17.7414	0.00314628	0.00022853	0.411736
14.7015	0.00438357	0.000255215	0.393537
23.9398	0.00455654	0.000182176	0.258585
14.9019	0.00344061	0.000237835	0.428962
13.419	0.00373123	0.00025502	0.470403
13.5574	0.0028743	0.000218564	0.517448
15.6992	0.00442669	0.000154836	0.329946
21.4025	0.00329317	0.000207421	0.385178
24.2747	0.00254987	0.000199967	0.469071
18.6545	0.00448419	0.000149207	0.290682
12.7505	0.00220069	0.000179763	0.664178
21.0748	0.00323271	0.000142566	0.372475
12.6113	0.0020113	0.000226203	0.529661
19.3134	0.00360931	0.000214963	0.352528
13.2802	0.00444444	0.000216122	0.260230
24.157	0.00252904	0.000147053	0.476254
17.1163	0.00453325	0.000162355	0.334816
22.3211	0.00491962	0.00023604	0.240260
13.8099	0.00431455	0.000163136	0.362007
24.3701	0.00241344	0.000193066	0.507180
15.426	0.00385166	0.000202932	0.398809
17.8044	0.00269671	0.000160742	0.532160
23.7422	0.00357617	0.000254582	0.379075
15.1991	0.00232673	0.000255596	0.675962
20.7732	0.00319316	0.000168436	0.423679
24.8847	0.00230774	0.000152177	0.481153
24.6265	0.0024061	0.000145242	0.475768
22.1306	0.00469875	0.000188989	0.269991
17.0184	0.00230177	0.000215189	0.639850
14.5492	0.00281637	0.000238355	0.526791
23.4445	0.00314922	0.000239318	0.350404
24.6911	0.00227248	0.000180094	0.485409
12.2447	0.00482776	0.000216212	0.263665
14.3727	0.00408954	0.000166547	0.426251
20.6141	0.00486749	0.000238133	0.243843
15.0418	0.00223799	0.000241307	0.620996
17.9334	0.00486205	0.000198656	0.310711
11.8056	0.00398095	0.000134518	0.301832
17.2762	0.00406945	0.000258338	0.310697
9.97511	0.00275732	0.000200818	0.504642
12.8848	0.00345233	0.000226926	0.472505
21.9048	0.00227931	0.000229426	0.515205
23.1086	0.00474931	0.000162577	0.269978
19.3754	0.00258087	0.000173025	0.489369
12.2234	0.00228984	0.000133319	0.630877
21.1919	0.00347298	0.000149206	0.387285
13.3354	0.00235105	0.000229808	0.604327
9.71477	0.00213776	0.000134014	0.690041
8.08913	0.00463507	0.000207848	0.344025
15.9858	0.00319826	0.000178654	0.447924
19.1804	0.00274018	0.000157601	0.480580
21.2601	0.00248967	0.000236621	0.456421
15.0738	0.00319071	0.000221958	0.450823
13.6749	0.00271939	0.000236774	0.549351
15.1768	0.00236497	0.000199909	0.662327
13.8282	0.00332238	0.000168728	0.422236
21.7642	0.00464844	0.000154994	0.294817
16.0629	0.00290046	0.000243389	0.455589
16.3987	0.00264231	0.000208344	0.568940
14.791	0.00426954	0.000227116	0.247248
19.9306	0.00427804	0.000190752	0.327806
17.3748	0.00442256	0.000226312	0.293637
11.8888	0.00473445	0.000255391	0.260036
17.7289	0.00252111	0.000219247	0.578015
23.979	0.00334989	0.000163261	0.331226
19.7495	0.00274479	0.000130417	0.434165
20.148	0.00442892	0.000190802	0.297871
24.6156	0.00457807	0.000139245	0.264847
22.1785	0.0031631	0.000259077	0.360861
14.4418	0.00295515	0.000137008	0.525130
22.2745	0.00244119	0.000168047	0.509312
15.3287	0.0027451	0.00023842	0.531901
16.3733	0.00492759	0.000219086	0.320186
15.8207	0.00277595	0.000153872	0.546389
21.0827	0.00468253	0.000202314	0.266499
16.083	0.00381268	0.000208746	0.383724
17.8509	0.00444665	0.000191167	0.327745
8.53829	0.0031063	0.000151259	0.499929
16.9752	0.00406457	0.000254844	0.381973
14.1277	0.00463782	0.000164363	0.236201
24.6617	0.00470619	0.00023551	0.235628
21.3704	0.00344628	0.000245567	0.385025
15.0162	0.00208697	0.000144557	0.766562
10.9994	0.00235416	0.000240408	0.512614
13.4876	0.0049381	0.000169769	0.323743
20.3946	0.00324205	0.000192758	0.382520
21.4433	0.00458144	0.000144427	0.318025
16.5599	0.0033589	0.000159029	0.430187
19.2542	0.00454456	0.000257828	0.295272
23.1248	0.00455079	0.000131384	0.271989
14.1293	0.00430785	0.00023813	0.269704
20.0636	0.00348337	0.000145061	0.351137
14.0988	0.003291	0.000249271	0.484749
23.5774	0.00454543	0.000170533	0.240429
16.0338	0.00376634	0.000254627	0.397746
12.6626	0.00269966	0.000174113	0.626711
23.6074	0.002011	0.000236551	0.503158
14.603	0.0034336	0.00013894	0.429795
12.8711	0.00204723	0.000196181	0.787757
15.6764	0.0022686	0.000141725	0.603170
17.6038	0.00449929	0.00022	0.279808
19.2572	0.0031377	0.000168689	0.430917
15.2194	0.00452227	0.00022206	0.351888
24.6813	0.00336608	0.000212934	0.377764
16.1776	0.00370024	0.000256824	0.376190
14.956	0.00498921	0.000259296	0.309191
11.4047	0.00235198	0.000221324	0.593978
16.4356	0.00216687	0.000141195	0.648849
21.514	0.00346873	0.000176695	0.341303
14.6106	0.00409622	0.000139765	0.385791
18.8694	0.00219196	0.000216082	0.537512
17.9561	0.0045403	0.000130146	0.303853
24.0065	0.0040743	0.000258754	0.297972
7.73937	0.00336084	0.000242716	0.365036
22.5663	0.00283432	0.000146895	0.470165
15.1666	0.00368437	0.000195839	0.408373
16.772	0.00225546	0.000185229	0.612104
13.3462	0.00493738	0.000250026	0.371698
15.5287	0.00270692	0.000170547	0.568896
18.6206	0.00230388	0.000200621	0.572948
24.5324	0.00252583	0.000219387	0.418745
17.9137	0.00314824	0.000243679	0.419945
22.1721	0.00297247	0.000202182	0.406295
13.6903	0.00335859	0.000235166	0.464629
18.4408	0.00250686	0.00013013	0.559227
13.8589	0.00311013	0.000196817	0.529007
17.9692	0.0032468	0.000226837	0.408638
22.1698	0.00389109	0.000152425	0.334026
19.6372	0.00207734	0.000203325	0.632784
21.4047	0.00314413	0.0001377	0.410576
22.1841	0.00323862	0.00014162	0.348063
14.9139	0.00327395	0.000250728	0.449298
15.2795	0.00299735	0.000253612	0.481633
23.4988	0.00401318	0.000229868	0.263478
7.8269	0.00417576	0.000150257	0.430974
18.3855	0.00211226	0.000143441	0.666599
17.4197	0.00307649	0.000254146	0.459663
22.3456	0.00336488	0.000227927	0.344409
14.2989	0.0044485	0.000158141	0.376238
14.8131	0.00237918	0.000183785	0.638731
21.9228	0.00242282	0.000144821	0.509306
17.5956	0.00379565	0.000224336	0.415319
20.8555	0.00238941	0.000155547	0.516429
22.2445	0.00378253	0.000241278	0.326209
9.25037	0.00466317	0.00014536	0.408161
16.6328	0.00497897	0.000173769	0.309170
24.4627	0.00200826	0.000210991	0.508412
22.0169	0.00334425	0.000151064	0.373011
22.0474	0.00362077	0.000193406	0.328807
11.0389	0.00450191	0.000195884	0.331705
16.0483	0.00340918	0.00017474	0.448467
20.4947	0.00392694	0.000142692	0.340468
8.67046	0.00267718	0.000216247	0.616721
19.9946	0.00429913	0.000258004	0.285045
15.1016	0.0043571	0.000186094	0.354852
14.7959	0.00305718	0.000191438	0.483799
14.7376	0.00253994	0.000133286	0.591027
17.0434	0.00303332	0.000256154	0.434190
12.5058	0.00284208	0.000248798	0.557994
16.396	0.00242053	0.000238656	0.511569
19.03	0.00245544	0.000155178	0.518007
23.4567	0.00459182	0.000163356	0.260425
7.96356	0.00341039	0.000203484	0.344120
19.6547	0.00427211	0.000145733	0.297338
21.1581	0.00467784	0.000257734	0.290365
13.36	0.00274194	0.000145637	0.571550
8.93326	0.00334501	0.00014167	0.486640
10.3237	0.00328323	0.0001914	0.499407
21.1138	0.00219002	0.000156858	0.572957
16.084	0.00404147	0.000138797	0.385991
13.1625	0.00264607	0.000206586	0.406672
20.7284	0.00207168	0.000175182	0.601854
16.01	0.00219748	0.000224423	0.692680
17.2676	0.00480494	0.000167893	0.326522
20.9018	0.00436693	0.000169103	0.288008
18.3687	0.00306458	0.000130868	0.458327
10.0137	0.00388619	0.000208143	0.413966
12.4283	0.00423861	0.000244007	0.278507
14.4891	0.00208002	0.000165925	0.691971
15.9801	0.00221551	0.000187326	0.613248
16.3441	0.00293441	0.000198492	0.514212
14.6659	0.0038728	0.000157726	0.403968
23.2105	0.00384798	0.000135841	0.297904
12.1024	0.00387226	0.0001748	0.334660
21.707	0.00327289	0.000138893	0.373650
18.6346	0.00289849	0.00016169	0.445178
20.1063	0.00481695	0.000201929	0.266355
23.9955	0.00206565	0.000134945	0.569498
15.5058	0.00315402	0.000177376	0.477163
18.4674	0.00366558	0.000243443	0.372503
22.5817	0.0031625	0.000222624	0.382942
24.4086	0.00268207	0.00017758	0.388653
22.2107	0.00441839	0.000212734	0.277976
14.2984	0.00280245	0.000144422	0.564000
20.6979	0.00407877	0.000191752	0.317925
18.1404	0.00262209	0.000140604	0.516516
14.7225	0.00353088	0.000159837	0.425109
18.9889	0.00291212	0.000140614	0.440708
7.68932	0.00230814	0.000208818	0.477478
13.9429	0.00381984	0.000175743	0.420439
20.7746	0.00351224	0.000239062	0.353041
17.3947	0.00204008	0.000239013	0.657037
14.5949	0.00263066	0.000177475	0.423071
20.8653	0.00278507	0.000184081	0.455785
11.4391	0.00474935	0.000157136	0.293795
16.4239	0.00429054	0.000231463	0.332387
23.9419	0.00326481	0.000235361	0.317964
7.86313	0.00498235	0.000240672	0.306021
18.4688	0.00205389	0.000148809	0.686911
21.8628	0.00356131	0.000192963	0.344916
13.6821	0.00294318	0.000224143	0.523106
13.0131	0.00493688	0.00020493	0.257476
11.0689	0.00208873	0.000163012	0.601957
14.7967	0.00434018	0.000220464	0.329525
17.9469	0.00342071	0.000249936	0.341614
7.60319	0.00247824	0.000144142	0.605565
23.271	0.00451787	0.000187729	0.266808
19.5999	0.00318693	0.000170631	0.458574
21.4739	0.00285452	0.000241964	0.408582
12.5655	0.00398646	0.000203996	0.405145
8.00053	0.00269624	0.000223533	0.466284
16.8083	0.00429265	0.000164832	0.340091
8.8008	0.00213055	0.000242422	0.550874
12.9538	0.00339883	0.000247446	0.398558
22.0095	0.00353897	0.000255922	0.334817
15.7773	0.00415548	0.000143457	0.412861
13.4962	0.00388569	0.00019783	0.433371
7.84802	0.00247427	0.000178143	0.690323
20.4519	0.00398761	0.0001906	0.319099
19.6687	0.00465467	0.000181162	0.273075
7.68091	0.00490934	0.000152129	0.365411
20.7559	0.00364526	0.000140497	0.365299
18.4084	0.00249903	0.000164812	0.590698
18.03	0.00382669	0.000155632	0.377045
20.6958	0.0029779	0.000248779	0.369534
19.0132	0.00456622	0.000196338	0.302308
20.4226	0.00378384	0.000187761	0.306049
13.3346	0.00444812	0.000201046	0.312303
22.5317	0.00453439	0.000221579	0.274097
12.0896	0.0025316	0.000233102	0.532939
12.5372	0.00347801	0.000248655	0.434131
16.6129	0.00254245	0.000148107	0.576451
14.2964	0.0028168	0.00018777	0.558112
20.6928	0.00270931	0.000217293	0.500630
23.6374	0.00310238	0.000205778	0.365779
24.5379	0.003743	0.000207259	0.327190
20.4612	0.00318014	0.000146304	0.464919
18.6804	0.00241716	0.000207816	0.539022
13.1425	0.00408785	0.000175093	0.317561
16.288	0.00476222	0.000218184	0.337769
24.1652	0.00309015	0.000166579	0.418288
21.8394	0.0043445	0.000194517	0.275810
13.7552	0.00269454	0.00013964	0.575676
13.4975	0.00395752	0.000228416	0.431655
15.9045	0.0034434	0.000179278	0.463441
21.846	0.00438023	0.000256773	0.284428
14.6873	0.00385459	0.000238065	0.296266
22.387	0.00462909	0.000229702	0.298667
22.5214	0.00201978	0.000200462	0.582983
17.0878	0.0037812	0.000207638	0.385616
14.1105	0.00276586	0.000139003	0.554177
19.2398	0.00410319	0.000196491	0.311099
15.5121	0.00430999	0.00018293	0.346450
20.0821	0.0040933	0.000142017	0.326845
23.4445	0.00498397	0.000179422	0.219898
18.1277	0.00330934	0.000132979	0.431531
12.7177	0.00359802	0.000215708	0.473453
11.2277	0.00217727	0.000242873	0.526035
19.5481	0.00308928	0.000210364	0.404233
8.84606	0.00206575	0.000258384	0.585275
16.5585	0.00486244	0.000170653	0.307290
18.7387	0.00413113	0.000228315	0.323345
21.2677	0.00241387	0.000240148	0.482436
13.9371	0.00489969	0.000174768	0.327232
22.321	0.00306289	0.000163471	0.409368
18.9712	0.00226701	0.000192875	0.594318
17.4594	0.00495603	0.000187862	0.311145
23.175	0.00436176	0.000137654	0.303604
19.6791	0.00405583	0.000223231	0.335801
10.4104	0.00395001	0.000240927	0.327288
24.0092	0.00276794	0.000254668	0.364679
24.6451	0.00450492	0.000161999	0.252162
14.3358	0.00433028	0.000204491	0.347160
24.2441	0.00211554	0.0002452	0.539860
13.1177	0.00497009	0.000239654	0.271386
15.5574	0.00201658	0.000245757	0.729374
20.7002	0.00259336	0.000170424	0.481399
21.4422	0.00480307	0.000177184	0.260667
18.7926	0.00287953	0.00022884	0.467313
24.7673	0.00396309	0.000148647	0.283983
13.7716	0.00215312	0.000162775	0.674821
23.3863	0.00487046	0.000208974	0.235892
16.3989	0.0045547	0.000175474	0.293120
11.1437	0.00399776	0.0001774	0.287769
18.7976	0.00282695	0.000222288	0.469529
17.1851	0.00481577	0.000166338	0.319766
8.91849	0.00246273	0.00022926	0.528800
17.6724	0.00254402	0.000254708	0.598897
14.1917	0.0030953	0.000200423	0.496091
18.2362	0.00238027	0.000141604	0.557957
18.2577	0.00413725	0.00014634	0.368248
22.6089	0.0022425	0.000242867	0.535005
16.2309	0.00317477	0.000130979	0.462397
17.8859	0.00293085	0.000163143	0.546063
17.9906	0.00267029	0.000201755	0.466586
16.1546	0.00436908	0.000199324	0.343071
23.3372	0.00200548	0.000184501	0.519219
22.3098	0.00297782	0.000227698	0.414418
10.3317	0.00275367	0.000229393	0.530479
24.9226	0.00311925	0.000203816	0.398848
16.5213	0.0028255	0.000168914	0.509293
15.7667	0.00244857	0.000199634	0.611655
12.5527	0.00483723	0.000239549	0.392017
21.4259	0.00359012	0.000183411	0.358195
8.11372	0.00358376	0.000154784	0.493889
17.1941	0.00302994	0.000193906	0.406643
24.2886	0.00447721	0.000200097	0.261145
24.2543	0.00492055	0.000133361	0.247953
13.8812	0.00450634	0.000255426	0.393876
13.6419	0.00415829	0.000190339	0.256442
14.5537	0.00206734	0.000132235	0.747296
16.1844	0.00216003	0.000139358	0.693763
18.5593	0.0041994	0.000227782	0.353744
13.3291	0.00412293	0.000174401	0.285080
13.2366	0.0036123	0.000144956	0.460037
12.5212	0.00306377	0.000236177	0.539345
12.7651	0.00497834	0.00020573	0.351030
21.0158	0.00402922	0.00019513	0.309539
10.4688	0.0025245	0.000150279	0.553978
14.1839	0.00315786	0.000237175	0.563763
9.95018	0.0045477	0.000218563	0.337333
23.8456	0.00242556	0.000205901	0.468499
16.1868	0.00227701	0.000250857	0.605916
13.2616	0.00354654	0.000141301	0.324790
22.8888	0.00375044	0.000234251	0.298698
22.1841	0.00229388	0.00016168	0.500093
14.1238	0.00285317	0.000221621	0.392576
19.1713	0.00218082	0.000135423	0.576008
15.8729	0.00281694	0.00019788	0.498454
21.1385	0.00307663	0.000140961	0.370180
17.6441	0.00377804	0.000169448	0.412643
24.1513	0.00250447	0.000249133	0.488429
13.1152	0.00302152	0.000191366	0.525238
17.9806	0.00301493	0.000161613	0.436767
24.2468	0.0044306	0.000230092	0.256145
13.5773	0.00428257	0.000257426	0.419421
23.8037	0.00359268	0.000231796	0.334690
9.52498	0.0032717	0.000249279	0.428695
12.7433	0.00488458	0.000174406	0.362574
15.3309	0.00303153	0.000204288	0.512320
17.5576	0.0043284	0.00025604	0.315142
12.538	0.0041523	0.000223854	0.337674
12.5789	0.0048121	0.000242595	0.350696
17.3471	0.00209175	0.000192977	0.553409
7.57983	0.002569	0.000197765	0.436797
17.9911	0.00217689	0.000168509	0.597030
17.0359	0.00276086	0.000203867	0.543137
15.7311	0.00473813	0.000244463	0.308341
14.5069	0.00457186	0.000232599	0.236069
24.6748	0.00406652	0.000198636	0.291935
19.1652	0.00222182	0.000249596	0.544981
14.9584	0.00345555	0.000194522	0.475158
21.4953	0.00497273	0.000218038	0.251352
18.373	0.0027724	0.000157678	0.433152
21.3227	0.00211118	0.00014072	0.616852
15.2003	0.00261062	0.000224668	0.531381
14.9487	0.0029072	0.000167256	0.502108
23.5329	0.0027565	0.000197191	0.442352
22.1643	0.00327664	0.000231588	0.339870
14.2601	0.00303404	0.000220939	0.504420
15.0938	0.00327766	0.000169015	0.481375
20.776	0.00455271	0.000150648	0.255331
21.3832	0.00370421	0.00019593	0.364306
13.0897	0.00333975	0.000177391	0.464053
8.9264	0.00440567	0.000234358	0.311355
21.4731	0.00304723	0.00017314	0.340699
20.433	0.00281823	0.000169158	0.455193
14.0332	0.00206303	0.000219267	0.815565
18.7847	0.00210364	0.00025695	0.517959
17.4805	0.00413723	0.000151429	0.368305
11.7939	0.00293056	0.000259685	0.374488
20.0633	0.00499946	0.00021018	0.279880
23.5104	0.00305042	0.000195551	0.379430
20.0227	0.00277355	0.000200473	0.477392
15.1243	0.00260442	0.000149904	0.590260
9.99953	0.00444786	0.000212677	0.339228
22.3677	0.00360334	0.000132578	0.339847
8.24179	0.00227407	0.000188688	0.495829
14.6965	0.00338863	0.000149345	0.432168
8.50839	0.00206366	0.000206031	0.648136
24.0665	0.00270945	0.000222926	0.394536
15.2597	0.00253742	0.000238803	0.585886
23.1514	0.00410157	0.000140595	0.277421
17.5863	0.00378526	0.000257704	0.398058
16.4006	0.00320977	0.000156347	0.448341
10.2122	0.00346427	0.000253434	0.356348
12.7718	0.00258944	0.000137799	0.655622
17.518	0.0030012	0.000149186	0.508495
10.2191	0.00250929	0.000172055	0.520621
14.6558	0.00205676	0.00020475	0.500206
15.4743	0.00437906	0.000171324	0.365901
21.3826	0.00342222	0.000251959	0.352710
17.0739	0.00224573	0.000197195	0.635645
22.7134	0.00388812	0.000156862	0.287206
18.7588	0.00260607	0.000218589	0.494064
10.7021	0.00303625	0.000158398	0.460697
22.0413	0.00471866	0.000140967	0.279268
11.9651	0.0039435	0.000162932	0.378967
17.658	0.0020226	0.000140843	0.763220
15.0429	0.00378087	0.000137485	0.393048
15.6629	0.00267404	0.000258282	0.581255
23.007	0.00434197	0.000233963	0.289090
21.9461	0.00262139	0.000134369	0.483442
8.51551	0.00448985	0.000161701	0.386696
10.1746	0.00410181	0.000159185	0.323215
22.5654	0.00331457	0.000253488	0.360064
16.4899	0.00396209	0.000142049	0.367526
10.3211	0.00275617	0.000197318	0.577551
19.2871	0.00300829	0.000209386	0.407133
18.7247	0.00371296	0.000151918	0.333082
21.2795	0.00403625	0.000259386	0.301005
15.9097	0.00351797	0.000172068	0.410279
13.0254	0.00310178	0.00025713	0.520172
16.4698	0.00298198	0.000198874	0.506623
24.0075	0.00344154	0.00015315	0.309354
23.1568	0.00269562	0.000169496	0.454131
18.8303	0.00458146	0.000205913	0.270536
12.8131	0.00329495	0.000242117	0.546424
12.6698	0.00419831	0.000168027	0.420648
21.0449	0.00457615	0.000229441	0.250467
13.7525	0.00256554	0.000194226	0.603353
9.81039	0.00254566	0.000218086	0.502389
15.9014	0.00490226	0.00024879	0.285180
8.47607	0.00423831	0.000249105	0.318773
20.0154	0.00371242	0.000229035	0.330294
16.8362	0.00425277	0.000250821	0.328265
18.7365	0.00337669	0.00013375	0.433503
17.7813	0.00361912	0.000177694	0.361157
18.2348	0.00483153	0.000208659	0.286690
21.052	0.00389907	0.000131226	0.319715
7.67567	0.00498408	0.00013685	0.311986
13.9917	0.00346754	0.000238142	0.374190
9.00665	0.00225241	0.000190198	0.543495
21.7193	0.00237576	0.000150379	0.518011
23.8542	0.00344502	0.000215816	0.315498
19.6143	0.00218757	0.000220662	0.554110
18.1716	0.00488735	0.000191211	0.293860
23.1457	0.00436568	0.000182189	0.299708
21.4341	0.00398884	0.000172942	0.273209
22.1875	0.00329126	0.000234254	0.349968
15.2308	0.0045686	0.000133951	0.346500
23.5172	0.00426563	0.000178463	0.281642
21.5912	0.00317158	0.000156554	0.418133
24.6542	0.00258195	0.000246291	0.498772
15.0707	0.00262764	0.000232885	0.523378
21.6394	0.0046384	0.000178754	0.276035
7.52759	0.0041972	0.000147253	0.332057
14.6146	0.00455145	0.000196578	0.270158
21.9906	0.00270833	0.000195439	0.496308
19.0595	0.00475832	0.000228436	0.283454
24.6786	0.00498767	0.000166554	0.234565
14.6905	0.00438393	0.000174405	0.389479
20.5292	0.00366016	0.000174475	0.345619
12.6138	0.00425397	0.000152309	0.389465
13.8557	0.00237755	0.000214467	0.590825
24.2356	0.00489455	0.000184796	0.227285
8.72959	0.00463569	0.000190709	0.364564
8.58305	0.00332021	0.00019845	0.489603
22.6356	0.00372369	0.000251379	0.315696
11.221	0.00316363	0.000150026	0.443780
11.3008	0.00443253	0.000164283	0.301506
11.5642	0.00200961	0.00020015	0.586674
12.5255	0.0022587	0.000241913	0.760690
15.8323	0.00461686	0.000225868	0.380860
22.8514	0.00251132	0.000143998	0.498142
18.0159	0.00276296	0.000172221	0.540328
12.8312	0.00341309	0.000144522	0.379825
21.5126	0.00269306	0.000237597	0.458024
20.6247	0.00464679	0.000240222	0.281400
22.7449	0.00344497	0.000144764	0.339642
23.1454	0.00295146	0.000143793	0.387203
21.135	0.00383666	0.000254346	0.319800
21.3757	0.00359458	0.000145797	0.333808
14.3928	0.00396435	0.000159471	0.419867
23.0786	0.00330225	0.000175541	0.335797
11.1262	0.00232603	0.000175342	0.554251
13.5551	0.00272758	0.00013326	0.517585
17.5922	0.0037737	0.000166183	0.404696
13.2709	0.00412866	0.0002043	0.361815
13.7784	0.0026322	0.000179391	0.521515
21.4289	0.00419971	0.000166587	0.284248
15.2053	0.00484197	0.000203781	0.325780
14.9187	0.00407767	0.000130687	0.382796
24.1522	0.0023875	0.000187293	0.468379
21.3036	0.00487059	0.000130435	0.271140
12.0056	0.00440775	0.000170919	0.298298
16.7966	0.00315306	0.000231162	0.458597
12.6658	0.00280352	0.0001472	0.527063
15.6123	0.00330717	0.000203702	0.454420
8.6325	0.00374659	0.000203453	0.412441
24.1767	0.00342323	0.000236586	0.316203
19.728	0.00303706	0.00024265	0.425811
21.75	0.00487196	0.000171698	0.251795
12.4717	0.00440838	0.00022151	0.263143
19.7276	0.00392954	0.000249817	0.316476
14.7471	0.0025887	0.000195963	0.446204
17.7173	0.00234161	0.000204645	0.529190
22.4768	0.00208926	0.000186358	0.556098
24.7355	0.00469984	0.000215892	0.256622
21.7201	0.00340825	0.000196894	0.365187
19.504	0.00421586	0.000140715	0.318381
15.2542	0.00239243	0.000223116	0.594161
15.7892	0.00404321	0.00017887	0.388835
24.69	0.00264697	0.000251758	0.432642
14.7165	0.00317434	0.000210441	0.475483
14.0742	0.002609	0.000148753	0.698987
16.6903	0.00280963	0.000202977	0.496914
17.6643	0.00351564	0.000186668	0.381500
23.868	0.00212159	0.000255208	0.544566
22.0856	0.0041918	0.000193044	0.293699
15.8889	0.00477444	0.000216358	0.314671
22.5391	0.00242058	0.000144585	0.423947
20.8923	0.00374084	0.000193387	0.324500
22.0352	0.0044769	0.000172335	0.303855
12.5021	0.00256392	0.000214311	0.682103
19.3313	0.00399884	0.000232509	0.320677
15.0728	0.00452864	0.000210724	0.316159
15.0679	0.00455325	0.000196775	0.335948
13.7406	0.004918	0.000164074	0.359892
24.8881	0.00257315	0.000142671	0.443514
14.6156	0.00235618	0.000200877	0.650419
12.8267	0.00202524	0.00019528	0.859430
18.3715	0.00391523	0.000155798	0.359053
23.5106	0.00354197	0.000254708	0.327246
10.2858	0.00395352	0.000181195	0.332110
14.5317	0.00460171	0.000182059	0.329909
12.8896	0.00398086	0.000257545	0.425978
14.3195	0.00456649	0.000196021	0.338766
16.8634	0.00373164	0.000217008	0.361476
14.5093	0.00468058	0.000215883	0.261594
12.986	0.00205489	0.000136921	0.691801
13.9432	0.00275397	0.000232375	0.528160
19.1133	0.00431793	0.000184611	0.308018
24.9723	0.00469907	0.000207946	0.237190
15.4891	0.0047541	0.000155549	0.305704
21.8131	0.00450425	0.000156888	0.253336
16.7479	0.00332956	0.000189308	0.463583
24.7217	0.0036513	0.00018838	0.318714
7.66908	0.00348305	0.000258677	0.336654
23.794	0.00388136	0.000167394	0.284380
14.8018	0.00393013	0.000187838	0.432422
14.6404	0.00427462	0.000192766	0.376927
23.3062	0.00303196	0.000185655	0.398601
12.4036	0.00352695	0.000249276	0.379164
15.5379	0.00370227	0.000238566	0.444222
19.0053	0.00432184	0.000232934	0.313383
20.1037	0.00333662	0.000248819	0.367672
15.3192	0.00376951	0.000251544	0.348144
18.4771	0.00397774	0.000134223	0.339924
18.0186	0.00403016	0.000212162	0.342207
14.0351	0.00440779	0.000195915	0.389189
18.6507	0.00309693	0.000182638	0.456250
22.5399	0.00226345	0.000131322	0.524296
13.1297	0.0035394	0.000228625	0.301745
14.518	0.00247638	0.000159552	0.690168
21.9701	0.00363143	0.000230738	0.342614
7.84817	0.00478128	0.000242518	0.288569
14.6203	0.00408887	0.000206056	0.289436
23.3911	0.00486227	0.000205373	0.272215
15.1408	0.00253865	0.000163037	0.603790
13.4515	0.00492629	0.00020132	0.273466
13.369	0.00465607	0.00025688	0.234385
19.0733	0.00268208	0.000236135	0.467200
15.0442	0.00364938	0.000194294	0.409118
17.1411	0.00374088	0.000137653	0.410365
13.8291	0.0038245	0.000138819	0.415416
19.2319	0.00449033	0.000207782	0.300622
13.8437	0.00432786	0.000234802	0.365255
14.2845	0.00329541	0.000184182	0.409279
16.0525	0.00279897	0.000258427	0.535820
21.6501	0.00403499	0.000207601	0.304490
19.5676	0.00202274	0.000178641	0.566773
8.97602	0.0047138	0.000217281	0.366450
16.204	0.00492689	0.000216104	0.312732
11.9226	0.00205424	0.000207473	0.544062
23.0999	0.00452633	0.000156861	0.261549
23.8143	0.00463797	0.000216668	0.234584
20.8361	0.0022965	0.000183558	0.497400
24.185	0.00441615	0.000211371	0.278215
21.0348	0.00373582	0.000150729	0.327714
11.8649	0.00252301	0.000140758	0.491935
18.7616	0.00423085	0.000248084	0.385860
9.28013	0.00394753	0.000204099	0.323686
19.1316	0.0025113	0.000251867	0.501025
20.5785	0.00328508	0.000207798	0.416721
11.6979	0.00497204	0.000221511	0.267373
24.8916	0.0043963	0.000154092	0.268576
8.01054	0.00273368	0.000173966	0.650364
24.5565	0.00471122	0.000230032	0.248696
24.6319	0.00499749	0.000228628	0.229334
24.3103	0.00361653	0.000198338	0.304096
24.915	0.00359351	0.00015134	0.312824
18.705	0.0034392	0.000146563	0.398624
15.2155	0.00303242	0.000255414	0.509084
16.7249	0.00401428	0.000198669	0.345700
14.5407	0.00457013	0.000250918	0.278303
8.88891	0.00221371	0.000248648	0.569535
19.0625	0.00250709	0.000188746	0.513356
22.2265	0.00262391	0.000167153	0.511660
20.4214	0.00396419	0.000239413	0.320291
23.1006	0.00375025	0.000221261	0.321801
14.2809	0.00360957	0.000188238	0.417794
16.3527	0.00498744	0.000152907	0.314404
19.9668	0.0031679	0.000138395	0.426757
22.332	0.00457945	0.000245029	0.259135
13.7137	0.00343476	0.000165924	0.526559
22.9007	0.00360814	0.000231346	0.288052
13.3062	0.0036598	0.000170976	0.413196
16.7972	0.00297572	0.000180615	0.476402
15.5999	0.00201176	0.000164913	0.697075
14.5702	0.00236012	0.000155904	0.663755
18.5507	0.00340141	0.00025443	0.403291
21.8352	0.00205125	0.000167549	0.630881
20.7569	0.00237869	0.000145573	0.535157
13.2521	0.00215704	0.000180806	0.568473
15.0248	0.0039346	0.000214423	0.375223
18.5798	0.00323613	0.000132893	0.387832
16.4968	0.00430392	0.000246648	0.355151
23.3334	0.00462699	0.000202085	0.250344
14.6571	0.00446855	0.000227787	0.370207
22.0266	0.00233183	0.000165316	0.511304
14.3433	0.00264279	0.000179365	0.414972
14.554	0.00372413	0.000136932	0.415870
12.6809	0.00241503	0.000188002	0.703683
23.5383	0.003872	0.000154247	0.310411
13.2138	0.00208843	0.000212188	0.702119
13.2932	0.00385031	0.000218978	0.421416
16.0895	0.00217129	0.000214756	0.671772
16.6944	0.00406961	0.00017519	0.345358
13.9782	0.00412304	0.000158612	0.395773
17.6091	0.00357217	0.00023239	0.378826
19.2089	0.00351999	0.000236222	0.376449
13.6112	0.00247028	0.000230276	0.602681
14.7333	0.00445458	0.000170017	0.375308
15.4413	0.00283643	0.000184657	0.418308
12.9012	0.00453267	0.00018806	0.401227
13.7241	0.00356018	0.000223593	0.431390
14.2987	0.00383479	0.000200793	0.352957
23.6552	0.00471548	0.000186223	0.263321
16.0835	0.0030481	0.0002317	0.450393
22.6407	0.00487941	0.000232322	0.279459
13.131	0.00215809	0.00022883	0.652512
7.92014	0.00388178	0.000223223	0.412743
19.1557	0.00428005	0.000165601	0.335660
20.2742	0.00398365	0.000182696	0.388071
21.3057	0.00423691	0.000171114	0.302015
13.0851	0.0027994	0.000215415	0.602375
16.0536	0.00487258	0.000206709	0.336465
19.1996	0.00322917	0.000166099	0.441822
19.7602	0.00443375	0.00019673	0.291195
22.9141	0.00487906	0.000153721	0.229730
14.2543	0.00410529	0.000218155	0.262552
21.8108	0.00385924	0.000136812	0.311430
24.7046	0.00283891	0.000159072	0.352494
9.78273	0.00457523	0.000132622	0.291009
16.4148	0.00307706	0.000259884	0.516514
16.7752	0.00327661	0.000166511	0.454732
12.2203	0.00299891	0.00022155	0.424020
22.3834	0.00296246	0.000244525	0.416428
13.7573	0.0042966	0.000130934	0.366512
10.1785	0.00262785	0.000224931	0.513674
24.7342	0.00308458	0.000141281	0.355723
18.4091	0.00260378	0.000184563	0.470826
10.2035	0.00445648	0.000251715	0.298345
22.0472	0.00244757	0.000210339	0.472980
19.3405	0.00399795	0.000168989	0.316917
15.7369	0.0039887	0.00022035	0.430525
23.9123	0.0039828	0.000195902	0.269771
13.2074	0.00246005	0.00014734	0.529127
16.143	0.00282817	0.000149758	0.529977
18.0783	0.00264465	0.000185424	0.482070
17.6553	0.00407574	0.000156027	0.337347
19.6889	0.00264294	0.000186948	0.510454
19.155	0.00279024	0.000153344	0.422000
13.1667	0.00336041	0.000254752	0.439899
23.3182	0.00250662	0.000238153	0.510904
16.5353	0.0033391	0.000142134	0.393823
8.44073	0.00246288	0.00013656	0.643879
14.1272	0.00482756	0.000171131	0.297259
19.3795	0.00467606	0.00013872	0.296415
24.6113	0.00489948	0.000236827	0.234025
21.1951	0.00312194	0.00017978	0.370833
16.779	0.00233131	0.000239826	0.614684
18.0388	0.00330906	0.000209163	0.402738
21.5545	0.00320646	0.000212309	0.389568
14.9397	0.00478489	0.000200819	0.222733
19.8736	0.00384922	0.000145469	0.358463
20.2376	0.00245034	0.000193016	0.514223
19.9362	0.00273632	0.000226934	0.421345
16.681	0.00408924	0.000220718	0.337918
20.9596	0.00345074	0.000188719	0.395173
12.9871	0.00435055	0.000231334	0.364640
16.1666	0.00356393	0.000139679	0.451221
19.745	0.00421019	0.000175924	0.304840
18.862	0.00461033	0.000253286	0.279318
14.441	0.00230252	0.000212457	0.500000
16.279	0.00357456	0.000139781	0.375122
8.43185	0.00407375	0.00018419	0.438258
14.6952	0.00252765	0.000186226	0.544064
21.9465	0.00407589	0.000150825	0.279247
19.6092	0.00246935	0.000215759	0.588291
24.6936	0.00242219	0.000183542	0.481168
15.452	0.00430422	0.000249754	0.358812
15.0441	0.0044759	0.000164857	0.371499
22.8505	0.00311694	0.000201072	0.384809
23.8316	0.00435958	0.000245878	0.273395
12.7917	0.00363966	0.000169413	0.484413
17.133	0.00306589	0.000188904	0.476695
18.2625	0.00418015	0.000156981	0.375284
14.0969	0.0046461	0.000177815	0.342383
21.794	0.00347242	0.000248381	0.379338
14.2398	0.00349659	0.000136495	0.443486
18.0328	0.00450677	0.000215404	0.295400
14.691	0.00433919	0.000146505	0.359008
13.0277	0.00211818	0.000220675	0.750000
19.9632	0.00259587	0.000178003	0.532481
24.3363	0.00474268	0.000252155	0.266890
15.3661	0.00204288	0.000186073	0.744765
16.3462	0.00477645	0.000203573	0.314904
19.6488	0.00224135	0.00017183	0.536294
10.5076	0.0032857	0.000211639	0.328947
18.126	0.00206198	0.000204368	0.611587
20.4016	0.00284137	0.000215257	0.403910
8.35888	0.00271492	0.000154965	0.516071
15.4503	0.00291336	0.000237684	0.510037
18.5447	0.00333879	0.000221482	0.464152
11.0469	0.00306589	0.000147934	0.447051
20.9446	0.00201182	0.000238857	0.604343
23.5618	0.00283289	0.000130903	0.404936
24.935	0.00231487	0.000151994	0.541058
11.7644	0.00460601	0.00021781	0.243103
18.6637	0.0031149	0.000249001	0.443232
18.932	0.00229532	0.000149775	0.567914
21.0235	0.00406963	0.000232066	0.333736
14.963	0.00279791	0.000254481	0.551446
22.8174	0.00341952	0.000197071	0.372050
17.379	0.00442106	0.000246174	0.339128
12.653	0.00460128	0.000140079	0.288621
19.4277	0.00323928	0.000226708	0.377815
22.2272	0.00393772	0.000136426	0.317946
13.2622	0.00316349	0.000143324	0.571639
10.7155	0.00307661	0.000149641	0.516129
16.4256	0.00468766	0.000240129	0.283109
9.2521	0.00297357	0.000187981	0.533260
20.3948	0.00256016	0.000156228	0.458431
9.92807	0.00485152	0.000231103	0.329000
17.7946	0.0025921	0.000197447	0.558236
16.3112	0.00430105	0.000235195	0.332929
17.5787	0.00458141	0.000186317	0.309920
13.3916	0.00448769	0.000200209	0.388790
17.0048	0.00306605	0.000151906	0.479661
19.4287	0.00213321	0.000210652	0.537651
16.1674	0.0045678	0.000181508	0.323748
14.6653	0.00335231	0.000237258	0.475916
13.3426	0.00333161	0.000148225	0.497407
17.0988	0.00410998	0.000220612	0.341034
19.3234	0.00291264	0.000194747	0.480928
17.5129	0.00240238	0.000210323	0.558670
15.2808	0.00417385	0.000144469	0.360587
21.4848	0.00211482	0.000237679	0.562475
17.6571	0.00215419	0.000133837	0.588577
21.2945	0.00313195	0.000250327	0.392308
22.052	0.00269746	0.000168627	0.449763
15.0969	0.00438956	0.000153335	0.375898
24.8276	0.00402361	0.000182656	0.298160
21.8018	0.00294354	0.000207655	0.417354
10.3367	0.00418059	0.000140041	0.359534
13.6304	0.0028245	0.000255479	0.486239
14.9034	0.0048259	0.000212336	0.320418
20.0475	0.00292137	0.000224745	0.438535
21.1439	0.00234597	0.000213075	0.525613
24.0307	0.00218817	0.000139706	0.487041
15.662	0.0022491	0.00021803	0.587319
18.1113	0.00209292	0.000173981	0.629733
13.6474	0.00388454	0.00017637	0.398691
12.5365	0.00205352	0.000171738	0.826435
14.7551	0.00325123	0.000224348	0.409912
18.7227	0.00259059	0.000156109	0.428797
24.403	0.00253501	0.000147976	0.462719
20.0279	0.00234963	0.000234269	0.516833
19.1164	0.00486821	0.000201476	0.272470
24.5155	0.00329126	0.000158077	0.340874
14.2795	0.00214732	0.000239842	0.508768
18.4984	0.00394123	0.000194705	0.330273
17.9348	0.00286877	0.00021349	0.531579
17.778	0.00409971	0.000234233	0.314022
23.5239	0.00269436	0.000189233	0.404796
12.5987	0.00287712	0.000144813	0.429281
9.97212	0.00445168	0.000220765	0.340849
12.9756	0.00430147	0.000138413	0.300297
19.231	0.00295757	0.000242704	0.427358
21.8945	0.00218532	0.00021886	0.505739
18.7228	0.00302011	0.000194407	0.412455
9.00628	0.00260276	0.000130024	0.624622
20.3886	0.00488947	0.000133762	0.257687
13.0265	0.00369474	0.000202009	0.465685
18.2147	0.00291756	0.000182766	0.453693
24.9574	0.00361087	0.00022878	0.306148
17.1768	0.00365023	0.000180625	0.429419
15.3427	0.00486889	0.000211606	0.346652
24.3143	0.00273067	0.000185346	0.405190
24.9072	0.00460894	0.000228995	0.258953
12.6382	0.00487263	0.000200912	0.367353
13.6358	0.00429859	0.000224258	0.363735
14.3074	0.00216041	0.000131353	0.701728
23.0456	0.00326659	0.000148259	0.369526
14.9981	0.00444345	0.00016983	0.364677
12.6138	0.00404014	0.000180985	0.423234
19.9397	0.00346624	0.000193728	0.379419
12.0262	0.00258597	0.000220596	0.415633
14.1318	0.00362443	0.000197974	0.374488
13.1101	0.00314561	0.000221732	0.556871
13.1574	0.0028553	0.00023022	0.570442
23.7791	0.00307309	0.000195554	0.393315
21.2516	0.00259518	0.000151249	0.464368
21.7482	0.00471577	0.00022428	0.279964
22.9732	0.0039237	0.000244309	0.293882
9.42312	0.00381424	0.000160434	0.374256
