0.827599	1.879865
1.013761	3.710098
1.148866	0.974206
0.953696	3.631723
1.248507	1.948887
1.005181	1.576273
1.095950	1.259848
1.101829	1.782111
1.379113	1.590249
1.046935	2.044591
1.346119	5.670303
1.200444	6.262784
1.568474	13.627069
0.911195	17.672848
0.842324	3.829961
1.326511	6.936507
1.101546	1.898065
0.876050	3.405204
1.144739	0.974213
1.154087	2.557992
1.151327	2.277951
0.987115	2.937325
1.191764	0.675516
1.346992	5.917999
1.324205	4.531291
1.113923	1.020860
1.227989	1.836353
1.347298	1.344087
0.896252	4.169169
1.113182	2.676811
1.348249	8.751234
1.080318	0.933775
1.174002	1.978535
1.142564	2.932544
0.758750	0.862376
1.074550	1.471014
1.566234	16.097069
1.364145	4.877035
1.092635	2.127403
1.038007	0.872755
1.003660	3.104011
0.788742	1.159209
1.100952	13.311193
1.035348	1.701893
0.880213	2.935117
1.080835	1.086415
1.115993	2.751179
1.067932	1.892049
1.277954	1.666095
1.241297	2.080537
0.921634	5.479856
0.996573	13.297030
0.925241	2.470555
1.024658	12.065486
1.055969	2.045440
1.056370	1.395370
1.140292	2.046021
1.266721	0.753676
1.414878	2.458621
1.327019	5.702350
1.140862	2.460521
1.194984	2.005251
1.609737	7.461061
0.937764	4.022874
0.864716	2.652031
1.331702	1.538838
0.925669	4.090325
1.153489	1.506637
1.370143	8.242589
1.487386	1.013641
1.306886	2.702761
1.210847	1.707157
1.012723	2.356153
1.445374	2.677121
0.925617	2.681388
0.975290	6.165893
0.984722	7.355608
0.894365	5.706341
1.092684	9.471422
0.784553	3.617459
1.218557	1.613272
1.547415	2.520480
0.806496	3.142999
0.949116	13.364523
0.982026	6.350606
1.451245	7.251074
0.960251	4.071852
1.225076	1.049761
0.785503	3.594729
1.306269	10.076603
1.176520	10.491766
1.094224	10.660540
1.018756	1.812474
1.254914	3.657531
1.206045	0.718778
1.319544	3.229698
1.266555	3.986995
0.905036	3.826651
1.271151	7.645428
1.196728	1.450009
0.985742	5.788560
0.980580	20.247044
0.852219	1.832805
0.922829	2.695374
1.021866	9.464778
0.988394	3.729948
1.381158	1.791520
0.907055	6.552422
0.768780	1.644622
1.038131	1.666679
1.121069	7.196628
1.049845	12.700632
0.917666	0.884660
0.871177	8.697007
0.963432	5.645432
1.105260	2.984035
1.152651	2.670684
1.219520	3.507847
0.875625	1.009551
1.086791	2.657769
1.192359	2.506162
1.041536	1.760558
1.371871	2.411216
1.263844	3.942659
0.855617	4.001547
1.146869	1.563309
0.818804	6.412629
0.847453	2.906252
1.047128	3.152632
1.099175	1.773228
1.102105	1.139810
0.835185	3.350272
0.989614	2.821846
0.891857	3.605202
0.904355	3.699677
1.106049	1.480482
1.416297	8.180970
1.212108	3.014600
1.043639	2.029909
1.212890	1.074736
1.148389	1.890711
1.114437	4.432074
1.174051	1.654179
0.973059	4.193357
0.828704	4.609446
0.986718	2.508573
1.148458	8.826235
0.914357	10.197603
0.889478	4.375073
1.081615	1.843298
1.419877	4.474594
1.048527	0.628803
0.983696	2.391323
0.908701	7.819630
0.928648	4.922687
1.281145	1.826533
0.872374	2.607257
1.005613	2.623856
0.973231	4.303122
1.046528	2.324131
0.959407	5.731527
1.319979	10.072659
0.924268	3.645919
0.908463	3.570954
0.983292	15.583323
1.010987	2.691204
1.189395	2.911263
0.846217	3.044702
0.811168	3.175504
1.102393	1.932291
1.337267	7.165569
0.766864	1.642957
0.961035	4.199619
1.332978	3.186915
1.147069	12.726405
1.163138	1.017444
1.106414	1.742301
1.274519	9.134496
1.298803	4.194490
1.090798	1.290479
1.098145	2.017223
1.253253	2.474586
0.965289	7.106822
0.951623	2.881547
1.267363	3.076630
1.017506	2.064097
1.064517	2.543710
1.217445	2.554133
1.030253	1.770043
1.196774	2.387512
0.780737	2.533782
0.752834	2.912582
1.030079	1.706850
1.131725	1.401577
1.215848	4.203663
1.176471	1.540575
1.271213	4.068944
0.959022	2.785277
1.187110	4.518719
0.920605	3.350755
1.019796	6.344382
1.298347	5.512370
1.141113	1.965342
1.270226	1.846072
0.946967	11.018805
1.080698	2.605928
1.125665	3.204631
1.499261	6.969759
1.100636	2.124660
1.196898	2.954794
0.868475	2.814323
1.576308	11.582981
1.005301	3.736889
0.988928	4.073825
1.452039	3.951575
0.762764	2.094788
0.894477	4.561822
0.791702	1.815191
0.899052	4.668996
0.883652	2.274024
1.035036	1.079767
1.082391	1.348436
1.028915	1.296776
1.015146	2.414394
1.335637	1.960694
0.789824	2.732474
0.955758	9.087165
1.408478	6.610933
0.931428	2.170502
1.010237	1.246449
1.006699	4.158569
0.912882	5.043100
1.121779	2.185025
0.965494	2.532381
1.234686	3.578985
0.935346	5.334748
0.888394	10.963531
1.359341	4.990545
1.164251	3.675613
0.953021	4.625994
1.013051	0.958962
1.261385	4.905790
1.193058	9.595284
0.932912	2.300291
1.463799	8.597395
1.349145	2.454223
1.083938	3.398940
1.316970	2.488489
1.189748	3.345926
1.216382	2.902378
1.310230	3.123482
1.111946	2.531669
1.115831	2.866327
0.875961	2.358127
0.944515	7.100291
1.075975	1.818276
1.165602	1.735802
1.108200	2.488500
0.971222	12.919856
1.034684	1.601939
0.981247	19.398445
1.024703	2.775349
1.263940	7.748800
0.941186	10.639724
1.166882	2.973340
0.909047	2.606663
0.878307	3.998975
0.876642	0.961109
1.160595	0.914823
1.096886	2.919399
0.773404	2.312670
1.204022	1.786398
0.877763	3.693162
1.205881	3.913579
1.123263	2.116174
1.108992	1.881457
0.849646	3.556713
0.881474	10.536531
0.833463	1.586705
1.341281	4.558466
1.174590	0.935258
1.141835	0.966242
1.114101	1.192917
1.118721	0.854491
1.321740	6.515657
0.972002	15.271998
0.854486	4.338295
0.868540	5.309013
1.209826	2.484686
0.974016	4.165798
0.869553	4.126937
1.467772	8.847567
1.209370	0.730751
1.479163	13.756780
0.947652	6.784367
1.012657	2.756250
0.994864	7.284213
1.045564	2.742264
1.093790	1.820040
1.221251	3.909753
1.124705	1.215607
0.964616	20.207695
1.460734	1.713139
1.116475	2.604864
1.140240	1.654654
1.264001	3.483616
1.171831	2.442736
1.134030	5.287387
0.837969	1.738438
0.834709	2.547275
1.094543	20.043594
1.045597	2.092576
0.930069	4.832826
1.042064	4.670150
0.933985	1.006282
1.052783	2.481691
1.316409	2.131828
1.437421	1.777144
0.975990	7.533170
1.262928	1.348832
1.088343	0.796451
0.913929	4.522993
1.373628	8.303226
0.797628	2.003470
1.456654	2.676394
0.907633	3.912297
0.974313	2.693885
0.929377	5.182309
1.180084	2.670141
0.898612	4.877608
1.159393	11.086953
0.926806	9.478223
0.911872	3.540993
1.167272	0.717823
1.045438	1.160747
0.886085	2.024763
1.037638	3.305064
1.042940	2.468097
0.911777	7.180021
0.877155	3.970223
1.123043	1.832635
1.241902	4.496062
1.177016	1.225195
1.034035	6.499640
1.317320	8.269778
1.464467	1.333357
0.969494	5.795863
1.054314	1.890701
1.291743	4.742669
1.125098	9.978390
1.186405	2.789852
0.986358	3.053701
0.858435	10.050249
1.104371	2.159149
0.973290	11.174540
1.264393	1.621455
0.842590	4.621140
1.536762	4.271980
0.801454	2.519079
0.980454	5.668249
1.159599	1.884348
1.162354	1.013476
1.146530	2.144863
1.017681	1.432538
1.160315	10.291151
0.877499	6.385797
1.208425	2.037598
1.517930	1.832560
0.900252	3.553049
1.149868	1.760045
1.258280	8.302075
1.124557	1.703480
0.863470	2.933853
0.922642	3.619462
0.849273	2.550995
0.953371	4.210692
1.543575	6.182611
1.214950	1.955640
0.880222	4.421406
1.052801	10.940678
0.875728	3.193137
0.959145	3.008056
1.482580	3.079065
0.930030	5.093838
0.788906	1.437798
1.323485	2.114137
1.163295	1.643673
1.145846	2.448220
0.946794	2.475073
1.087226	3.011203
0.917775	3.455650
0.917281	6.241304
1.531625	8.359201
0.818699	1.761944
1.090032	1.189343
1.155264	2.105688
0.959633	5.484578
0.901113	3.547459
0.907780	2.572292
0.976803	4.766519
1.228947	3.592899
0.969257	5.863425
1.279074	2.544946
0.789601	2.050663
0.988182	16.565786
1.043477	1.734563
0.941500	2.378854
0.806679	3.242135
1.463341	10.793421
0.901732	13.164803
0.794469	3.605093
1.194172	2.340725
1.110424	3.205591
1.357518	8.430568
0.978116	2.990007
1.387742	1.156998
0.816337	0.891800
1.157698	1.620913
0.983662	2.814503
1.021304	2.506567
1.359398	1.905623
1.035788	5.318598
1.318901	0.966986
1.088987	1.805694
1.140636	2.144565
0.926612	5.592592
1.321594	1.388044
0.939270	3.730199
0.846702	3.370272
0.878042	4.129261
1.612976	12.084692
1.181786	2.407588
1.242262	4.966037
0.977210	12.951492
0.929052	6.579500
0.838018	2.449472
0.940718	2.594267
0.898889	2.482675
1.063614	13.753180
0.862335	5.224366
1.077452	1.717444
1.145519	1.499647
0.943607	5.704442
1.408384	4.730418
0.971013	5.857123
0.819229	2.388125
1.451998	9.638870
1.599779	4.587640
0.956501	3.917902
1.006966	3.000826
0.878735	2.421293
1.069920	12.021824
1.030598	2.197312
0.827321	1.054693
0.856986	3.239632
1.032600	1.882736
1.410195	19.801466
1.072402	1.914124
1.333225	4.269370
1.100717	5.425149
1.079710	1.440595
1.285506	1.412791
0.825267	3.561562
0.950163	17.168161
0.990383	6.947868
0.849581	2.387711
0.869235	1.066718
1.311520	8.140084
1.049847	1.114799
1.251449	3.366121
0.957230	2.412007
0.916737	3.825602
1.074637	1.401778
0.990045	10.114088
0.897589	1.873813
1.080134	1.933024
0.984471	4.033851
1.074825	1.895045
1.018534	10.063439
0.859771	1.056640
0.850991	8.224801
0.876129	1.078877
0.824179	2.347578
1.062067	2.841083
0.928947	3.761834
1.100526	2.144928
0.841114	3.847036
1.355903	2.362200
1.204284	1.014890
0.945974	3.735470
0.945265	4.214260
1.064906	1.868820
1.292204	4.904557
1.075753	2.439112
1.095421	1.359769
1.461316	1.109156
1.226115	2.256706
1.196050	2.062858
1.032468	7.270017
0.998356	2.549242
1.049414	1.963966
1.082705	2.348410
0.762050	2.177335
0.938747	2.561034
1.257748	2.262424
0.984038	4.298265
0.951523	2.944853
1.204633	3.079379
1.113280	2.458558
1.202543	1.866685
0.857502	4.475597
1.004219	4.279623
1.088439	1.946418
0.965626	6.998399
1.109894	1.180843
1.279860	3.250522
0.990354	3.847078
1.153181	10.784472
0.871132	2.872485
0.970204	6.130768
0.851270	3.802180
1.229089	3.801971
1.192496	4.120739
0.871503	2.983117
1.403566	4.735576
0.820749	2.519475
0.923922	3.532632
0.821929	2.599657
1.121081	2.848590
1.330312	4.453986
1.176370	8.914493
1.567327	23.179928
1.151367	1.553353
0.827590	1.514563
0.933358	14.188986
0.986289	7.656209
1.318537	6.323954
1.115248	2.001165
1.128227	1.103652
0.818716	1.299253
0.904517	2.418666
1.029185	2.487011
1.303947	1.345365
0.974214	2.147282
1.257676	0.882723
1.196208	7.182939
1.207130	3.597589
1.009873	1.524225
1.063920	9.866041
1.262291	9.484506
1.254706	7.216462
0.865571	4.542008
1.049553	5.061380
0.924940	5.539762
0.960008	2.281198
1.598912	2.307599
0.868699	3.266247
1.005068	7.238280
1.481531	1.635886
1.209248	1.004949
0.951715	7.263397
0.856230	7.097288
0.978587	10.356627
1.481025	1.139189
0.814820	1.963346
1.124541	1.554010
1.157322	2.885838
1.136565	12.094736
0.972453	13.772672
0.877616	1.128791
0.918126	22.091940
0.844881	3.308187
0.992752	4.441596
1.041528	0.942884
0.944618	7.136061
1.217149	0.819123
1.237778	9.410261
0.829610	3.101495
1.131875	10.788470
0.959246	7.287539
1.075794	1.665286
1.323039	1.622510
1.168936	0.686076
1.254565	1.193046
0.831339	1.372570
0.998930	2.795561
0.797669	2.084177
1.069355	1.324232
0.925830	4.002662
1.347512	3.794629
1.168133	2.005526
0.801942	3.569512
0.868292	11.884782
1.115496	1.364922
0.859794	2.201170
1.055428	10.384730
1.290184	2.960032
1.071842	2.380002
1.103637	1.405119
0.883874	1.004433
1.145412	2.177448
1.070168	1.574248
0.935426	9.949518
0.948922	2.519670
1.187133	3.012722
0.920545	3.700363
1.105329	1.922704
1.094836	0.822992
1.181571	2.790706
1.025762	2.168661
1.144174	2.344718
0.916146	0.904823
1.394673	4.896003
1.219244	2.416481
0.905079	4.541931
1.130825	2.239160
1.070183	1.755957
1.431310	5.967010
1.353583	7.083704
0.774692	1.951502
1.358414	7.508002
0.908391	5.770555
0.876799	3.315347
1.279260	10.077759
0.989911	1.751567
1.056250	1.221085
1.085978	1.174434
0.813606	2.679979
1.213200	2.527429
1.391488	8.425174
1.142627	1.925104
1.141033	0.541526
0.864577	6.303250
0.960819	12.640211
0.991434	2.602943
1.282486	7.021049
1.182332	2.197352
0.954913	2.882230
1.022510	2.471411
1.588865	2.178855
0.980985	3.702641
1.244047	2.782363
0.882166	4.421618
1.190270	6.558654
0.927312	4.111287
1.256881	2.901364
0.885713	2.966195
0.923113	2.590698
0.864552	14.235019
1.023377	2.249827
0.956832	17.527983
1.026242	1.984612
1.543679	2.390316
1.073731	0.946974
1.144205	1.718696
0.880139	0.878776
0.873548	2.009158
1.190541	1.960662
1.106280	2.211663
1.003312	3.355471
1.442714	6.053567
1.055689	1.806078
0.807414	1.419630
1.056702	1.846546
1.282725	3.511611
1.179102	7.691160
1.078884	11.378156
1.236800	1.987983
1.392383	2.112794
1.090448	1.675584
1.408637	7.602275
0.931103	2.409565
0.947322	4.459489
0.936561	3.987567
1.074648	1.415495
0.873698	3.642232
1.503061	9.994187
1.078253	1.973171
0.757669	2.504548
0.928164	3.430432
1.065787	3.094439
1.130499	1.247502
0.852194	5.357162
1.170756	1.573509
1.107833	1.696401
0.905120	2.570187
0.896617	3.792171
1.453562	5.023765
0.867462	2.183321
1.126147	1.775941
0.957810	4.275341
1.048968	1.850179
0.940360	10.492620
1.105636	1.919880
1.323587	2.801942
0.926281	3.890484
1.186928	1.041949
1.323587	7.074337
1.088590	2.615992
1.107616	0.941320
0.944762	13.600363
1.299943	4.314176
0.823356	2.445387
1.116224	3.939846
1.372814	9.541933
1.051555	1.736834
1.095615	2.496017
0.799679	3.266076
0.867267	2.269384
1.000550	2.520668
0.840603	3.115421
0.996744	4.215654
0.970339	5.470100
1.275205	1.014943
0.911801	5.470409
0.977060	9.866194
1.208424	2.886468
1.164937	5.299852
1.273345	3.767522
1.194357	1.951669
0.996560	2.566885
1.113961	1.552068
1.213107	0.719011
1.147484	2.207991
0.940337	7.219363
1.194031	3.484592
1.046209	2.801775
1.202919	5.443723
1.018249	11.386690
1.002683	2.755331
1.102222	1.750893
0.987543	13.097609
1.193307	7.156673
1.017668	1.931594
1.001959	3.820306
1.026212	1.793596
0.812451	2.226545
1.332107	1.574453
1.330080	2.581848
1.110915	2.331365
1.139431	2.147891
0.883362	2.195845
1.294443	0.966364
1.371142	4.793784
0.988619	12.050212
1.117096	2.282349
0.892201	3.138860
1.043448	2.308527
1.554652	8.897721
1.002388	1.181687
0.913481	6.208969
1.179597	4.594920
0.947498	3.747255
1.025890	5.163859
1.174214	2.751790
0.811330	2.202245
1.004578	4.778199
1.022263	3.706951
0.929539	9.324529
0.829649	3.213341
0.864769	8.916669
0.987786	4.238054
1.080315	1.813364
1.127061	0.560323
1.084793	7.776369
0.983392	1.243739
0.910714	14.867503
0.876305	2.362082
1.228094	3.133525
1.050961	1.602130
1.012076	15.687826
1.250319	4.552595
1.131353	1.572630
0.833234	1.441409
0.974833	2.180274
1.124162	1.797839
1.429700	4.110308
0.998876	3.919737
1.082064	1.818365
1.192270	1.501660
1.330668	2.325056
1.136656	10.159544
1.497511	4.792681
1.094699	1.385222
1.203104	3.668861
1.193224	1.412784
1.343478	8.952764
1.392348	14.818120
1.249237	6.403118
1.310404	11.446573
0.948558	3.957041
1.023726	9.833127
1.071095	2.125423
0.990534	10.922333
1.011560	0.930001
0.861638	5.957920
0.882664	4.629647
0.952752	4.945283
1.160837	3.691914
0.964407	7.153090
0.950141	14.261821
1.211589	10.223020
0.983324	4.201194
0.955506	2.715692
0.812043	1.275249
1.076622	16.775684
0.993669	6.044088
0.994159	3.730960
1.553219	17.562601
1.056652	1.953431
0.823269	2.532231
1.030957	7.277494
1.332573	3.945465
0.887339	1.000632
1.009969	1.389748
1.174776	1.667171
1.017876	0.933330
0.888053	4.581205
0.918771	3.218189
1.029734	2.603585
1.046675	2.055990
0.883291	1.849397
0.965796	17.007992
1.075521	9.998739
1.403760	8.576771
1.028918	2.180628
0.934128	17.651821
1.111502	3.341559
1.039221	3.292825
1.106876	9.961923
0.749838	1.620597
1.339452	3.113541
1.433693	2.112306
1.037239	6.582490
0.982863	4.471043
1.008225	3.902476
0.847135	2.887816
0.924977	4.749222
1.236822	2.344483
1.192799	0.906878
1.121187	2.951066
0.928946	6.532439
1.049210	2.095066
1.111876	2.449660
0.915081	2.460737
1.077348	1.938600
0.797135	3.377386
1.297189	8.399997
0.851854	3.041446
1.203310	2.977877
1.094419	2.432459
1.176828	8.438732
1.397017	7.535239
0.889407	3.040964
1.090926	2.746819
1.183637	2.155033
1.021563	1.653152
1.027725	1.553703
0.846140	1.633820
1.343462	6.734035
1.133260	2.253275
1.397232	7.251540
1.301008	9.154782
1.033188	2.449442
0.964442	6.179763
1.322598	2.374238
0.884219	4.777970
1.175635	3.810252
0.927246	4.147893
1.044405	1.774655
1.146258	1.525153
0.859977	0.997689
0.889611	2.835436
1.088013	7.467731
1.365533	6.303012
0.967245	18.123215
1.211225	3.804796
1.005597	3.477777
1.041972	2.678622
0.978608	5.872526
1.135403	1.976269
1.263904	2.005852
1.365578	2.161287
1.019993	1.305212
1.014053	2.244796
1.258765	10.745395
0.976021	6.906377
1.051659	6.237010
0.822565	1.770130
1.076502	10.624815
1.069051	1.542443
1.006640	3.503300
1.118613	0.891813
0.887222	3.364689
0.973024	5.426224
0.965359	15.701022
1.162078	1.599533
0.854946	1.633073
0.815759	2.415287
1.123374	0.780189
0.864353	2.355047
1.011843	2.258623
1.112415	0.797567
1.181863	1.577302
1.040918	1.497232
1.116057	1.744172
0.931714	3.843365
1.062476	1.554405
1.083846	1.987459
1.012500	9.207189
1.179435	9.510699
0.832808	2.053935
1.021510	1.820158
0.793394	2.553260
0.948280	10.334562
1.063192	1.155539
0.850880	3.573649
1.350942	2.473324
1.191185	0.890169
1.190645	7.750670
0.906143	4.032311
0.913387	5.820465
1.174805	1.731355
0.971383	4.031195
1.007378	1.679359
1.394722	13.934639
1.055281	1.713627
1.037132	2.304890
1.298808	2.374583
1.238980	9.521674
1.219431	3.314652
0.799214	3.188131
1.364717	8.334607
1.156953	3.446867
1.018263	7.473941
1.378442	5.704835
1.003834	3.797341
1.142883	0.750067
1.123951	0.934387
1.134893	2.198716
1.169860	1.663676
0.949201	12.445601
0.819919	2.344848
0.826004	5.695652
0.899249	4.121437
0.966109	5.949453
1.228484	2.960247
1.189119	1.535393
1.030223	1.679993
1.143716	0.887108
1.237037	1.403614
0.916128	1.931716
1.257879	2.549858
1.407950	5.993949
1.004255	12.118494
1.031188	1.871747
1.174411	2.332685
1.264747	2.436368
1.296048	6.168431
0.956547	6.694791
0.933053	5.057261
1.105779	1.586672
1.091557	1.782819
1.100284	2.164402
0.924384	10.937000
0.905299	3.464120
1.051677	2.436018
1.400099	7.362506
0.936266	6.757134
0.953861	10.904674
1.192466	2.337853
1.149532	10.176275
1.446103	4.125684
1.008323	2.894938
0.844953	4.975686
1.132413	1.249520
1.124075	16.137302
0.995577	8.514464
0.972403	14.577847
1.170181	2.496183
0.886167	3.813291
1.218583	2.412405
0.965222	4.431028
0.842435	1.916920
1.023458	1.673840
1.189435	3.212088
0.805465	2.990750
0.831934	3.176481
1.273609	2.183922
1.207363	3.568731
1.226575	2.147801
1.033713	1.119798
1.143991	1.304611
1.384797	11.354934
0.803205	1.808138
1.058163	2.225134
1.416578	12.353850
1.040911	7.283216
1.057135	12.872162
0.763729	2.332398
0.894664	2.343532
0.826082	1.715206
1.518120	1.541995
1.207480	3.050197
1.236139	1.508624
1.135001	2.607358
0.948536	4.350358
1.226569	2.969300
0.931138	5.255582
1.088730	8.380446
1.033269	18.012703
1.367512	2.335890
1.011250	1.969755
1.504072	12.806826
1.071677	2.421535
1.164658	3.099327
0.871859	1.337870
1.302894	5.612885
0.761787	5.336189
1.130978	5.981687
1.317798	5.209229
1.219177	1.545006
1.001118	1.904981
0.784713	4.146003
1.377556	7.818346
1.096824	1.000091
1.025790	2.691776
1.344926	8.067285
0.871993	2.936242
1.603295	8.574776
1.171358	1.791109
1.148486	1.198732
0.864567	4.979015
1.136514	5.938418
1.275485	3.616029
1.164204	1.237728
0.953997	3.914481
0.792538	1.603079
1.064254	1.815767
1.066709	2.416609
1.043910	1.530691
0.895341	2.988135
1.062340	2.548908
0.828320	2.835645
1.260584	2.040854
0.987454	4.220149
0.988532	4.353014
1.169373	1.886997
1.395590	7.415590
1.231316	2.876607
1.500815	4.952676
1.005632	12.539846
0.881307	4.367869
1.044242	7.050363
0.994211	5.762502
1.033076	2.091162
1.033971	0.971693
1.185445	1.933422
0.804823	1.393200
0.948720	4.001473
1.044528	9.469221
1.268650	8.963380
0.772275	2.555902
1.649155	19.900166
1.150179	2.131858
1.087694	1.185400
0.952946	5.496598
0.871904	4.716521
1.027534	2.022178
1.066578	1.581499
1.114131	2.385399
0.966826	2.620429
1.230770	5.758306
0.991583	5.686036
0.961797	4.221599
0.978265	3.944939
1.303126	9.751342
1.265534	1.215622
1.037680	8.093863
1.248928	11.065220
0.796278	2.078274
1.403240	3.080498
1.162545	0.847764
1.074912	13.759089
1.078026	2.924832
0.871532	2.324213
0.863708	5.979837
0.970102	1.539634
1.033194	2.131116
1.035315	2.806389
1.155944	2.512710
1.468301	4.457652
1.076197	3.319277
1.004220	3.337184
1.042076	1.902400
1.061653	1.994840
1.638882	7.264345
0.971063	22.695683
1.357316	6.153826
1.254023	9.217984
1.078184	1.910862
0.927051	3.664841
1.117443	1.764835
1.318016	8.033924
0.973625	4.335371
0.863355	4.764722
1.384567	8.898069
1.225456	2.485900
1.012128	10.483694
0.989250	1.061866
1.000033	1.093162
1.185183	4.381101
1.055405	11.117171
1.069581	1.399660
1.649499	5.868321
1.057584	1.158256
1.273426	11.589057
1.161790	4.114742
1.411756	12.667396
1.016102	1.129281
1.259770	3.936426
1.016018	3.502502
1.067460	1.623305
1.066157	1.967265
1.254471	6.377409
1.140587	1.574597
1.142720	0.670601
0.950803	3.825783
0.917199	7.610700
0.917092	2.178581
0.839404	2.958267
0.893133	13.528150
1.125510	7.786677
1.003203	1.013300
1.201626	3.132731
1.228759	3.375548
1.274190	5.556829
1.207806	0.746892
1.061061	1.292093
0.886554	4.155747
1.209803	0.743652
1.514150	1.156851
0.951721	3.859063
1.039975	2.075197
1.178153	3.301633
0.889105	10.064440
1.427815	2.701964
0.848977	2.120809
0.873775	2.289942
0.803730	6.278095
1.115032	0.911068
1.211240	4.263361
0.914334	2.285855
0.830118	2.556158
1.243667	3.521931
1.116161	3.213406
1.214801	3.402325
1.130431	6.701248
0.806997	1.387592
1.231558	4.204941
1.435022	2.353387
1.149525	4.380186
1.538327	7.201410
0.951366	5.944698
0.795168	2.051579
0.925116	6.772878
1.038118	17.724335
1.258824	1.489980
0.977010	4.129925
1.011508	1.000678
1.053074	2.443070
0.907103	12.010488
1.123459	0.835884
1.054116	1.631021
0.798456	2.137743
1.180086	0.828038
1.199713	3.223790
1.358334	12.372613
1.013579	2.110760
0.994584	6.674683
1.057042	1.102238
0.918225	2.744801
1.604432	8.459161
1.012654	2.527863
1.281978	5.924479
1.003328	2.874444
0.842109	2.280062
1.064698	1.870399
0.956120	4.524590
0.797165	0.938780
1.100470	1.923855
1.084154	2.088951
1.095770	3.776153
1.211657	5.464802
0.903738	2.785508
1.416399	1.390981
1.026374	3.996894
1.097021	2.224124
1.080470	2.526710
0.819425	1.011377
1.341389	2.906740
1.319995	2.452708
0.969039	4.255188
1.109596	2.474987
0.843604	6.700160
1.105739	0.997595
0.835614	1.833228
1.452422	5.206887
0.900454	3.327747
0.947037	8.751948
1.002727	1.324287
1.242327	7.593465
1.275337	0.734743
1.178962	1.420244
0.796939	2.006377
1.183642	2.824594
1.223888	9.676458
0.974298	4.289937
1.513315	3.062175
1.431496	13.665204
1.075458	7.051343
1.179165	4.916136
1.155392	1.370946
1.146242	2.402191
1.217730	0.505773
1.388995	0.737534
1.407830	8.930681
0.952759	13.417145
0.831260	3.861874
1.233270	1.849881
1.278043	0.675433
0.811841	1.985226
0.907153	5.882689
0.959600	2.977981
0.864936	2.227217
1.254484	4.990127
0.929384	2.292644
1.137056	1.470868
0.886589	5.078295
0.785295	1.343625
0.995311	3.718358
1.296529	4.297342
1.130448	3.723541
1.299718	1.276887
0.938974	2.572239
1.272638	5.754821
0.841977	1.994796
1.076760	1.526480
0.943609	5.679662
1.274665	6.676596
1.012833	2.770460
0.798477	3.990752
0.773451	0.858538
0.972826	4.123193
1.508371	3.549527
1.274434	7.701758
1.042441	1.385711
1.028348	2.712982
0.843904	2.718268
1.129505	2.855187
0.896141	4.932531
0.813841	1.823038
0.827762	2.611507
1.001465	5.917258
1.242860	1.565511
0.805886	2.002390
1.084477	1.759621
1.455859	2.861830
1.206066	2.838413
1.196125	2.031341
1.653411	7.739713
1.414059	2.055395
0.944876	4.156215
1.077762	1.689402
1.019098	2.569459
0.912882	3.572238
1.088768	2.142824
0.979483	3.533446
1.251172	4.237943
1.410301	0.778184
0.966911	6.026507
1.095410	2.795522
1.300773	3.515977
0.931488	5.268769
0.842286	1.922820
1.291248	4.664208
1.042716	1.274770
1.130588	1.547937
1.366366	5.182847
1.047544	1.955167
1.301267	8.400846
1.278378	10.516532
1.055945	1.881674
1.117120	1.157099
1.027231	1.720740
1.250537	3.175556
1.233678	4.383176
1.291307	4.453998
1.098603	1.462532
0.899160	2.402571
1.308226	2.908937
1.018396	2.887022
0.984731	6.013070
1.208689	2.888233
1.246219	2.479550
0.858332	3.122696
1.154151	5.666492
1.345102	5.695201
1.146764	2.357637
0.961745	4.667986
1.063591	0.948845
1.422661	4.780984
1.144602	5.230923
1.028218	3.174398
1.183113	1.696245
0.909600	2.648321
0.997541	10.057045
0.926681	2.499370
1.185067	2.103105
0.972937	1.388197
0.934268	5.235152
0.922832	10.293615
1.140041	1.876753
0.933039	4.365529
1.359085	6.837596
0.902912	3.716013
1.042872	1.528986
1.257020	5.663996
1.382576	2.485516
1.168327	1.906216
1.426569	1.952703
1.334126	2.373764
1.225267	1.425394
0.804037	3.060763
1.262951	8.990065
0.914855	3.869566
0.840484	2.902620
1.067531	4.739831
1.199023	13.062609
1.118658	8.408728
1.227419	2.238169
1.046894	1.011200
1.094330	5.237597
1.273704	4.967174
1.417855	1.601988
0.924482	5.728499
0.875794	1.047438
1.118759	2.620006
1.045619	9.658818
0.892566	7.533129
1.173239	7.475771
1.414674	9.328819
1.215681	2.838333
1.123776	3.090970
0.882721	4.625663
0.947247	18.707067
0.990910	5.882119
1.140923	3.141641
0.851298	2.676820
1.181728	2.998726
1.207039	2.838439
1.019328	1.664153
0.986383	3.776692
1.028128	2.490213
0.843045	2.606516
1.338198	1.267757
0.910493	2.588941
1.216847	2.747622
1.174058	2.045337
1.127231	4.465789
1.561460	13.305519
1.162737	0.737076
0.978258	2.303094
1.406758	5.788384
1.039931	12.921623
1.095727	1.152465
0.882086	12.603785
1.003884	3.407513
0.941497	1.205126
1.053420	5.319478
1.360528	2.096626
0.946159	2.709983
1.335684	3.326144
0.808051	3.539084
1.349646	4.942592
1.056063	0.922736
1.070960	1.684730
1.519427	10.753710
0.813784	1.595232
1.059469	2.880792
1.065403	2.142237
1.204584	1.318673
1.414567	6.120620
0.991942	4.135088
1.508388	10.821690
0.974267	12.568232
0.945250	3.989807
1.043245	1.820645
1.173209	1.674464
1.493157	10.344055
0.926605	2.391114
0.876163	4.517633
1.076097	6.787097
0.961734	2.932646
1.236072	4.157661
1.011574	3.114395
1.063691	2.112072
0.900478	5.105041
0.951781	6.712549
0.840044	7.010816
0.825996	2.000844
1.169483	5.331482
0.979927	17.663799
1.295039	5.415559
1.333783	5.779855
1.115246	1.528456
0.972392	4.146419
0.868758	1.196744
1.036975	2.861851
1.246041	1.244286
0.882845	7.773594
0.957689	4.108455
0.963444	2.845213
0.857799	0.995349
1.393773	2.137388
1.162016	1.392846
1.139844	2.468160
0.853805	3.478683
0.857090	2.588630
0.820312	3.874997
1.234210	2.712569
1.046617	2.955015
1.356838	2.887423
0.943563	4.209414
1.033460	2.138655
0.923913	3.487043
0.772203	1.253470
1.084422	2.741783
1.258733	3.916111
1.310263	9.521342
1.076969	2.291405
1.526710	10.011438
0.939916	6.546082
0.953387	4.315394
1.163670	3.588816
1.027853	2.569178
1.008912	3.791077
1.276112	6.645040
0.904876	2.443893
0.830161	3.401479
0.937494	4.037406
1.015493	5.127088
1.020129	1.230857
0.790981	3.411520
0.819575	2.463955
1.159757	2.478944
0.801815	2.532663
1.501498	5.179040
1.140202	4.190490
0.824209	4.291938
1.138489	1.488303
0.840744	1.397364
1.555843	3.281871
0.781938	1.285849
0.975929	6.035871
0.974100	15.548001
1.148876	2.304097
0.925834	5.131319
1.394601	7.221110
1.250271	3.306941
1.277691	3.456352
1.273172	11.170810
0.966717	2.535998
1.168719	1.136874
1.174659	5.026861
1.159709	0.711043
1.210093	4.245973
1.004113	2.621847
1.215956	3.253772
1.022704	3.461139
1.219447	6.738023
0.943297	2.426116
1.232138	4.202744
1.355706	1.830658
1.094547	1.504765
0.952540	4.069234
1.220755	6.251091
1.164523	2.787832
0.799276	1.713306
0.763638	2.106088
1.072705	1.733345
0.858307	6.292423
1.541833	18.187695
1.424308	2.740429
0.950525	5.197055
0.872619	10.742883
1.230492	0.645347
1.374070	1.017509
1.069619	1.566812
0.908663	3.471645
1.265842	6.561405
1.264647	5.967768
0.970404	12.522928
1.093682	1.908757
1.384213	2.586079
0.943117	10.838382
0.899912	2.946973
1.168548	2.324771
1.015690	9.098322
1.294960	5.127074
1.260226	2.377342
1.036230	2.951218
1.029701	1.712780
1.068758	1.788153
1.350105	5.141017
1.140337	2.429382
0.804002	3.098848
1.113420	2.222999
0.900621	2.844742
1.169128	7.768457
1.081200	1.567585
1.238011	0.922421
0.964210	2.371506
0.897686	9.567780
1.096072	2.221179
1.392810	7.995303
1.493094	10.858568
1.339890	5.039378
1.225359	2.769925
0.977981	1.153506
0.792771	7.159946
0.831416	1.551696
1.280739	2.118649
1.175904	2.589660
0.808891	1.676816
1.175294	0.986009
1.243822	2.373323
1.338830	1.451887
1.282166	6.118444
1.033635	2.140947
0.978650	5.567900
1.286565	3.980347
1.201744	2.786429
0.860740	2.753706
0.938749	5.481618
1.286453	4.557052
1.045003	6.349255
1.032228	1.966725
1.101634	2.271477
1.570538	6.997337
1.329713	1.063578
0.989400	6.038467
1.101612	4.011264
0.836658	1.494019
0.983446	3.984289
1.121944	1.829871
1.346000	8.061010
0.978600	8.842060
0.929918	5.314863
1.515415	6.991090
1.199618	5.674817
1.562001	8.632817
1.030052	2.576653
1.354578	3.841567
0.856317	2.338233
1.029533	1.362585
1.161331	2.631466
1.094751	14.129773
1.480557	8.019901
1.159157	1.575482
1.285673	8.050591
1.172133	11.541285
1.026825	2.283577
0.975858	1.381180
1.355980	5.948687
0.888084	4.245004
1.197544	0.940759
1.141284	11.850554
0.819709	1.938316
0.944501	15.513037
1.404380	2.683133
1.122018	2.016531
1.301044	4.868864
0.834668	1.044904
1.100180	3.025721
1.062986	11.017056
1.009851	10.340605
0.963760	4.371945
1.043128	1.190662
1.220180	8.000466
1.099077	2.699389
1.006393	2.236045
0.901457	1.888778
1.127697	0.902084
1.335967	6.714316
1.201068	6.020852
0.916519	2.501510
1.054354	2.733795
0.903549	4.970822
1.308745	3.226307
1.169375	1.561632
0.852257	3.229183
1.426521	2.679069
1.303680	4.852999
0.956020	2.342112
1.095376	10.332562
0.970737	6.044057
0.994782	3.769370
1.054858	1.462139
1.047468	2.338319
0.895207	4.614972
0.923250	5.905537
1.068663	18.828053
0.926459	11.755295
1.451109	7.849239
1.161420	1.503184
0.918659	4.116136
1.275538	2.674895
0.891898	4.687297
0.830093	2.918115
0.903937	1.257251
0.975931	7.097436
1.014528	2.141345
0.832731	5.772973
1.009177	1.806807
1.041489	2.028722
1.340493	2.300943
0.834538	2.652970
1.176250	7.004294
0.791639	3.263040
1.080540	3.026430
0.880907	2.931634
0.751566	2.890878
1.055515	1.322841
0.965071	8.769838
1.164871	2.628941
1.474546	12.901598
0.765731	2.987725
1.031871	4.870146
1.228750	7.185224
0.908272	1.234525
1.090450	13.383787
0.918687	6.974586
1.343200	11.149467
1.596607	4.349097
0.987399	5.384213
1.100091	3.811260
1.189419	6.490268
0.978096	14.577700
1.095625	1.532310
0.854792	3.350293
0.942482	6.908702
1.008446	1.436970
0.927758	5.902680
0.953461	4.374007
1.122191	1.773260
0.954892	2.771896
1.275681	8.651425
1.396688	15.723218
1.031952	1.481097
1.148876	1.572057
1.071470	12.525506
0.881284	2.716578
0.985847	5.678588
1.085634	0.868075
1.095200	1.725788
0.821583	2.231810
0.892094	12.863902
1.155517	1.850588
1.429574	3.954562
1.174171	1.123320
1.153613	10.513885
0.914944	5.942252
1.080441	3.147254
0.812328	1.392990
0.873909	7.350808
0.950843	4.020518
1.042382	6.853680
1.302032	4.299052
1.215197	1.317893
0.772849	2.890644
0.970315	6.995702
0.924703	4.565308
1.395293	8.377461
1.056665	2.006488
1.027885	2.004982
1.237007	1.550895
1.398403	7.608153
1.228187	1.389927
1.066301	2.312258
1.167459	2.189342
0.868025	2.747112
0.969336	4.240799
1.128531	2.848401
0.945715	2.802584
0.841304	2.754505
1.502488	4.285091
0.952978	4.583179
1.023859	2.675419
1.021449	2.660058
1.034061	1.279939
1.039281	1.612718
1.439378	1.468154
1.665433	6.187143
0.990183	4.488596
0.912721	2.101521
1.022265	12.031331
1.036428	3.336970
1.187676	2.479911
1.048567	1.982936
1.060857	1.650718
0.783615	2.942607
1.645331	10.382268
1.365986	1.742096
0.923310	3.705739
0.769118	2.213466
0.985439	1.381780
0.843339	4.388144
1.127121	0.689761
0.876209	1.983885
1.274623	5.977395
0.867371	3.242088
1.109589	1.827171
1.070567	1.911844
0.991032	2.307939
0.978673	8.333603
1.112609	1.592592
0.925289	2.516193
1.020904	1.752321
1.111001	1.791333
0.979638	8.760785
0.985654	4.001647
1.078839	2.568483
1.103208	0.917845
1.167008	4.633338
0.948297	14.195612
1.410733	3.129341
0.934328	4.490917
1.076232	5.386343
0.834573	2.227278
0.782523	1.879174
1.362033	6.531278
0.794971	3.983753
0.819835	2.492267
1.169931	2.158175
1.140967	1.945404
1.051295	1.955061
1.167882	1.842064
0.902410	3.591591
1.096297	1.497900
1.234583	3.067913
1.255326	0.807947
0.893808	3.474764
1.328707	4.442216
1.007731	12.309340
0.944322	3.617088
1.307194	9.992065
0.816343	2.630350
0.793496	3.765831
1.206742	1.527672
0.806471	3.153085
0.943315	5.953647
1.184710	6.209891
0.941401	5.255918
1.080927	6.287006
1.206461	2.424773
1.016642	1.679174
0.851691	6.486541
0.796492	3.345726
1.405522	14.923361
0.774791	1.991125
0.751326	2.713826
0.888067	5.627348
0.879830	3.024027
1.046072	1.647344
1.241837	2.983817
1.027873	1.614872
0.791868	4.094495
1.472013	10.618828
1.210944	2.002277
1.091886	0.959657
0.929655	5.151953
0.895692	3.518262
1.180150	2.978713
0.934564	2.318843
1.052609	1.094262
0.825681	3.658815
1.237017	1.123876
0.917107	5.109276
1.218506	2.130096
1.190024	3.960180
1.504035	7.368443
1.442079	3.903149
1.055169	2.276119
1.245509	6.651895
1.188904	0.869466
1.207250	11.434393
1.099640	2.896162
1.082232	1.265039
0.999798	3.628115
0.803023	1.328044
1.046186	2.174207
1.163356	1.158373
1.047030	7.424953
1.150948	2.753059
1.536633	6.904995
0.873428	1.773847
1.613194	3.616233
1.187959	2.553783
1.422801	1.714227
1.022179	1.650309
1.118207	2.524900
1.059098	1.542872
1.018577	1.269289
1.460437	7.261905
1.045576	2.369075
1.275007	2.228864
1.114282	3.516460
1.213562	1.024678
0.871650	3.739522
0.789922	1.544185
1.202707	2.861520
0.794483	2.371072
1.211926	9.408357
1.187650	6.501757
0.926418	4.275623
0.931413	6.751287
0.880076	2.003719
1.403158	2.195019
0.954386	5.492512
1.064214	1.138881
0.895232	1.146568
0.789906	1.956311
0.843961	6.191213
0.910748	2.539502
0.993413	2.679905
0.977198	11.192507
1.183567	2.190066
1.135486	3.319100
1.069324	11.518782
1.023378	1.827250
1.105527	0.794388
1.258117	8.203357
0.952848	2.472850
1.210734	0.441750
0.966772	11.952190
1.134471	2.207169
0.953403	3.748645
1.065180	2.328681
0.853947	3.436476
1.133485	8.886720
1.247383	3.597321
1.213056	1.358082
0.991448	4.280337
1.159614	1.326388
1.145922	4.870084
0.971341	11.435387
1.088252	1.333029
1.133989	3.084586
1.439716	11.792845
1.027868	1.424143
0.881359	3.144703
0.759015	1.275889
1.026849	1.450666
1.342441	1.744499
1.086301	2.694630
1.004040	5.104877
0.763456	2.104469
0.957810	4.464240
1.186493	1.752886
1.131692	1.165317
1.019676	1.074847
0.982741	5.398374
1.132351	2.397822
1.111301	3.563394
0.919036	3.547830
0.899584	3.015455
1.116768	4.165918
1.105525	1.982652
1.121242	6.619191
1.056869	15.161133
0.883398	3.095618
1.201447	2.533733
1.074885	3.404328
1.035529	2.089384
1.031421	1.265909
0.987564	0.960647
0.817723	3.733917
1.248600	9.407679
1.160016	2.314278
0.961544	5.613416
1.048742	0.953613
0.959201	5.463017
1.201769	1.424057
0.932089	3.765524
1.061240	1.443586
1.613999	9.572447
1.161607	1.755432
0.775783	2.431693
1.504049	13.655054
0.954574	4.319640
1.260121	2.133854
1.107448	10.133379
1.369990	1.423612
1.097436	2.415295
1.378515	13.006182
1.256669	4.177722
1.065525	1.904672
1.116887	19.089436
1.283923	2.600896
1.019749	2.910125
1.094187	1.712642
0.881947	4.733256
1.098724	0.997132
1.270597	0.942979
0.903729	3.035971
1.304003	2.421099
0.943941	2.500911
0.959456	5.466146
0.849570	5.218014
1.055188	1.900733
0.892758	3.565791
1.312922	8.128345
1.133197	13.169312
0.960656	5.915872
1.246346	7.467911
1.156803	0.830987
0.940800	14.575491
1.235335	5.649724
1.006341	3.683320
0.937441	3.856789
1.096957	1.098339
1.165277	2.245733
1.298280	3.898656
0.981960	6.874352
1.205779	0.845960
1.275254	3.170121
1.003732	3.040963
1.115935	1.513921
1.293457	2.024245
1.059098	1.838542
1.235920	6.755660
1.361329	2.452438
1.021928	2.249136
1.081455	3.480154
1.039607	0.928622
0.833198	3.899216
1.041357	2.032614
0.992109	9.377051
1.365098	2.517920
0.998157	5.686906
1.092365	2.554127
1.184334	1.667083
1.147398	0.803001
1.418483	2.538628
1.361310	4.376020
1.166635	1.762914
1.676138	7.582643
1.220418	0.857889
1.203447	4.927871
1.057808	1.829801
1.217386	6.283571
0.869801	6.220736
0.926806	3.790056
1.162503	7.712304
0.982941	6.917324
1.169555	3.101655
0.984141	4.131295
1.045701	3.490715
1.075079	17.773335
0.979545	16.719341
0.866869	5.496238
1.109635	2.764945
1.204319	3.631387
1.114589	1.801438
1.352475	7.605106
0.839218	3.488584
1.226343	4.121065
1.150772	2.268187
0.876439	4.074224
1.062461	1.728717
0.978295	8.793166
1.020986	3.466827
0.777484	3.220070
1.087087	1.799268
1.109256	2.418954
1.522586	9.003901
0.961018	2.965039
1.036812	1.748618
1.194535	1.571561
1.006718	3.065568
1.160647	10.793921
0.901931	9.258897
1.322956	1.622943
1.384894	2.196558
0.974018	5.990963
1.124368	1.885757
0.825293	1.822916
0.878229	2.789479
1.091073	6.181804
