0.000000	0.610481
0.002970	0.456776
0.005941	0.443066
0.008911	0.437744
0.011882	0.428407
0.014852	0.401448
0.017822	0.377156
0.020793	0.362853
0.023763	0.344785
0.026733	0.313704
0.029704	0.288351
0.032674	0.264750
0.035645	0.254917
0.038615	0.234859
0.041585	0.231562
0.044556	0.208179
0.047526	0.193029
0.050496	0.181393
0.053467	0.170145
0.056437	0.148408
0.059408	0.137693
0.062378	0.128188
0.065348	0.120423
0.068319	0.110715
0.071289	0.102743
0.074259	0.095815
0.077230	0.089721
0.080200	0.083427
0.083171	0.078138
0.086141	0.074588
0.089111	0.068333
0.092082	0.068989
0.095052	0.065182
0.098022	0.057645
0.100993	0.054027
0.103963	0.051268
0.106934	0.049262
0.109904	0.046222
0.112874	0.043954
0.115845	0.040730
0.118815	0.039568
0.121785	0.036807
0.124756	0.035736
0.127726	0.033238
0.130697	0.032486
0.133667	0.030701
0.136637	0.029276
0.139608	0.026910
0.142578	0.026388
0.145549	0.024971
0.148519	0.023850
0.151489	0.023594
0.154460	0.022441
0.157430	0.021252
0.160400	0.019742
0.163371	0.018561
0.166341	0.017807
0.169312	0.016970
0.172282	0.016175
0.175252	0.014971
0.178223	0.014819
0.181193	0.014306
0.184163	0.013689
0.187134	0.013505
0.190104	0.012913
0.193075	0.011884
0.196045	0.011443
0.199015	0.010967
0.201986	0.010485
0.204956	0.010034
0.207926	0.009727
0.210897	0.009661
0.213867	0.009327
0.216838	0.008893
0.219808	0.008504
0.222778	0.008091
0.225749	0.007855
0.228719	0.007432
0.231689	0.007562
0.234660	0.007059
0.237630	0.006510
0.240601	0.006406
0.243571	0.006402
0.246541	0.006139
0.249512	0.005817
0.252482	0.005732
0.255452	0.005369
0.258423	0.005170
0.261393	0.005207
0.264364	0.004938
0.267334	0.004823
0.270304	0.004648
0.273275	0.004462
0.276245	0.004419
0.279215	0.004299
0.282186	0.004111
0.285156	0.004007
0.288127	0.003844
0.291097	0.003784
0.294067	0.003421
0.297038	0.003379
0.300008	0.003332
0.302979	0.003237
0.305949	0.003104
0.308919	0.003033
0.311890	0.002936
0.314860	0.002894
0.317830	0.002791
0.320801	0.002746
0.323771	0.002628
0.326742	0.002607
0.329712	0.002570
0.332682	0.002426
0.335653	0.002304
0.338623	0.002316
0.341593	0.002220
0.344564	0.002113
0.347534	0.002073
0.350505	0.002051
0.353475	0.001932
0.356445	0.001909
0.359416	0.001894
0.362386	0.001826
0.365356	0.001832
0.368327	0.001761
0.371297	0.001647
0.374268	0.001587
0.377238	0.001647
0.380208	0.001544
0.383179	0.001545
0.386149	0.001473
0.389119	0.001429
0.392090	0.001342
0.395060	0.001344
0.398031	0.001332
0.401001	0.001273
0.403971	0.001240
0.406942	0.001279
0.409912	0.001212
0.412882	0.001150
0.415853	0.001121
0.418823	0.001129
0.421794	0.001024
0.424764	0.001004
0.427734	0.000973
0.430705	0.000994
0.433675	0.000999
0.436646	0.000962
0.439616	0.000944
0.442586	0.000951
0.445557	0.000891
0.448527	0.000874
0.451497	0.000854
0.454468	0.000826
0.457438	0.000788
0.460409	0.000772
0.463379	0.000791
0.466349	0.000806
0.469320	0.000783
0.472290	0.000736
0.475260	0.000707
0.478231	0.000680
0.481201	0.000660
0.484172	0.000680
0.487142	0.000644
0.490112	0.000635
0.493083	0.000633
0.496053	0.000605
0.499023	0.000592
0.501994	0.000600
0.504964	0.000583
0.507935	0.000560
0.510905	0.000552
0.513875	0.000530
0.516846	0.000515
0.519816	0.000520
0.522786	0.000531
0.525757	0.000517
0.528727	0.000489
0.531698	0.000478
0.534668	0.000461
0.537638	0.000448
0.540609	0.000448
0.543579	0.000462
0.546549	0.000431
0.549520	0.000416
0.552490	0.000418
0.555461	0.000422
0.558431	0.000395
0.561401	0.000383
0.564372	0.000382
0.567342	0.000379
0.570312	0.000361
0.573283	0.000350
0.576253	0.000357
0.579224	0.000346
0.582194	0.000344
0.585164	0.000354
0.588135	0.000339
0.591105	0.000327
0.594076	0.000319
0.597046	0.000319
0.600016	0.000305
0.602987	0.000305
0.605957	0.000304
0.608927	0.000307
0.611898	0.000298
0.614868	0.000273
0.617839	0.000274
0.620809	0.000274
0.623779	0.000270
0.626750	0.000259
0.629720	0.000256
0.632690	0.000252
0.635661	0.000251
0.638631	0.000244
0.641602	0.000241
0.644572	0.000242
0.647542	0.000229
0.650513	0.000220
0.653483	0.000226
0.656453	0.000225
0.659424	0.000217
0.662394	0.000228
0.665365	0.000210
0.668335	0.000210
0.671305	0.000209
0.674276	0.000205
0.677246	0.000198
0.680216	0.000201
0.683187	0.000197
0.686157	0.000188
0.689128	0.000187
0.692098	0.000186
0.695068	0.000178
0.698039	0.000172
0.701009	0.000169
0.703979	0.000173
0.706950	0.000171
0.709920	0.000165
0.712891	0.000167
0.715861	0.000160
0.718831	0.000158
0.721802	0.000159
0.724772	0.000153
0.727742	0.000155
0.730713	0.000152
0.733683	0.000152
0.736654	0.000148
0.739624	0.000149
0.742594	0.000147
0.745565	0.000142
0.748535	0.000147
0.751506	0.000134
0.754476	0.000135
0.757446	0.000131
0.760417	0.000126
0.763387	0.000125
0.766357	0.000125
0.769328	0.000124
0.772298	0.000127
0.775269	0.000124
0.778239	0.000117
0.781209	0.000121
0.784180	0.000120
0.787150	0.000116
0.790120	0.000114
0.793091	0.000116
0.796061	0.000112
0.799032	0.000112
0.802002	0.000110
0.804972	0.000106
0.807943	0.000106
0.810913	0.000102
0.813883	0.000099
0.816854	0.000100
0.819824	0.000101
0.822795	0.000101
0.825765	0.000100
0.828735	0.000098
0.831706	0.000099
0.834676	0.000098
0.837646	0.000097
0.840617	0.000095
0.843587	0.000093
0.846558	0.000089
0.849528	0.000089
0.852498	0.000089
0.855469	0.000082
0.858439	0.000085
0.861409	0.000086
0.864380	0.000086
0.867350	0.000082
0.870321	0.000081
0.873291	0.000081
0.876261	0.000081
0.879232	0.000080
0.882202	0.000078
0.885173	0.000075
0.888143	0.000077
0.891113	0.000076
0.894084	0.000073
0.897054	0.000072
0.900024	0.000071
0.902995	0.000071
0.905965	0.000070
0.908936	0.000067
0.911906	0.000069
0.914876	0.000068
0.917847	0.000064
0.920817	0.000064
0.923787	0.000064
0.926758	0.000061
0.929728	0.000064
0.932699	0.000063
0.935669	0.000060
0.938639	0.000057
0.941610	0.000058
0.944580	0.000060
0.947550	0.000058
0.950521	0.000058
0.953491	0.000058
0.956462	0.000056
0.959432	0.000053
0.962402	0.000051
0.965373	0.000050
0.968343	0.000053
0.971313	0.000050
0.974284	0.000049
0.977254	0.000050
0.980225	0.000049
0.983195	0.000048
0.986165	0.000046
0.989136	0.000059
0.992106	0.000056
0.995076	0.003818
0.998047	0.006513
1.001017	0.000258
1.003988	0.000045
1.006958	0.000051
1.009928	0.000046
1.012899	0.000045
1.015869	0.000043
1.018839	0.000042
1.021810	0.000042
1.024780	0.000042
1.027751	0.000044
1.030721	0.000043
1.033691	0.000042
1.036662	0.000041
1.039632	0.000042
1.042603	0.000044
1.045573	0.000042
1.048543	0.000041
1.051514	0.000041
1.054484	0.000041
1.057454	0.000038
1.060425	0.000040
1.063395	0.000041
1.066366	0.000039
1.069336	0.000038
1.072306	0.000039
1.075277	0.000039
1.078247	0.000038
1.081217	0.000037
1.084188	0.000037
1.087158	0.000035
1.090129	0.000036
1.093099	0.000037
1.096069	0.000036
1.099040	0.000036
1.102010	0.000036
1.104980	0.000035
1.107951	0.000033
1.110921	0.000033
1.113892	0.000032
1.116862	0.000033
1.119832	0.000033
1.122803	0.000033
1.125773	0.000031
1.128744	0.000031
1.131714	0.000031
1.134684	0.000029
1.137655	0.000030
1.140625	0.000030
1.143595	0.000029
1.146566	0.000030
1.149536	0.000030
1.152506	0.000029
1.155477	0.000028
1.158447	0.000028
1.161418	0.000028
1.164388	0.000028
1.167358	0.000027
1.170329	0.000026
1.173299	0.000026
1.176270	0.000026
1.179240	0.000026
1.182210	0.000026
1.185181	0.000026
1.188151	0.000026
1.191121	0.000024
1.194092	0.000024
1.197062	0.000023
1.200033	0.000024
1.203003	0.000024
1.205973	0.000023
1.208944	0.000023
1.211914	0.000023
1.214884	0.000022
1.217855	0.000022
1.220825	0.000022
1.223796	0.000023
1.226766	0.000022
1.229736	0.000023
1.232707	0.000022
1.235677	0.000022
1.238647	0.000022
1.241618	0.000021
1.244588	0.000022
1.247559	0.000021
1.250529	0.000021
1.253499	0.000020
1.256470	0.000020
1.259440	0.000021
1.262411	0.000020
1.265381	0.000019
1.268351	0.000020
1.271322	0.000019
1.274292	0.000018
1.277262	0.000019
1.280233	0.000018
1.283203	0.000018
1.286173	0.000018
1.289144	0.000017
1.292114	0.000018
1.295085	0.000017
1.298055	0.000018
1.301025	0.000018
1.303996	0.000017
1.306966	0.000018
1.309937	0.000018
1.312907	0.000017
1.315877	0.000017
1.318848	0.000017
1.321818	0.000016
1.324788	0.000016
1.327759	0.000016
1.330729	0.000016
1.333700	0.000016
1.336670	0.000015
1.339640	0.000015
1.342611	0.000015
1.345581	0.000015
1.348551	0.000016
1.351522	0.000015
1.354492	0.000015
1.357463	0.000014
1.360433	0.000014
1.363403	0.000014
1.366374	0.000014
1.369344	0.000014
1.372314	0.000014
1.375285	0.000014
1.378255	0.000014
1.381226	0.000013
1.384196	0.000014
1.387166	0.000014
1.390137	0.000013
1.393107	0.000013
1.396078	0.000013
1.399048	0.000013
1.402018	0.000013
1.404989	0.000013
1.407959	0.000013
1.410929	0.000013
1.413900	0.000012
1.416870	0.000012
1.419840	0.000013
1.422811	0.000012
1.425781	0.000013
1.428752	0.000012
1.431722	0.000012
1.434692	0.000012
1.437663	0.000012
1.440633	0.000011
1.443604	0.000012
1.446574	0.000011
1.449544	0.000011
1.452515	0.000011
1.455485	0.000012
1.458455	0.000011
1.461426	0.000011
1.464396	0.000011
1.467367	0.000011
1.470337	0.000011
1.473307	0.000011
1.476278	0.000011
1.479248	0.000011
1.482218	0.000011
1.485189	0.000011
1.488159	0.000010
1.491130	0.000010
1.494100	0.000010
1.497070	0.000010
1.500041	0.000010
1.503011	0.000010
1.505981	0.000010
1.508952	0.000010
1.511922	0.000010
1.514893	0.000010
1.517863	0.000010
1.520833	0.000010
1.523804	0.000010
1.526774	0.000010
1.529745	0.000010
1.532715	0.000009
1.535685	0.000009
1.538656	0.000009
1.541626	0.000009
1.544596	0.000009
1.547567	0.000009
1.550537	0.000009
1.553507	0.000008
1.556478	0.000009
1.559448	0.000009
1.562419	0.000008
1.565389	0.000008
1.568359	0.000009
1.571330	0.000009
1.574300	0.000008
1.577271	0.000008
1.580241	0.000008
1.583211	0.000008
1.586182	0.000008
1.589152	0.000008
1.592122	0.000008
1.595093	0.000008
1.598063	0.000008
1.601034	0.000008
1.604004	0.000008
1.606974	0.000008
1.609945	0.000008
1.612915	0.000008
1.615885	0.000008
1.618856	0.000007
1.621826	0.000008
1.624797	0.000007
1.627767	0.000007
1.630737	0.000007
1.633708	0.000007
1.636678	0.000007
1.639648	0.000007
1.642619	0.000007
1.645589	0.000007
1.648560	0.000007
1.651530	0.000007
1.654500	0.000007
1.657471	0.000007
1.660441	0.000007
1.663411	0.000007
1.666382	0.000007
1.669352	0.000007
1.672323	0.000007
1.675293	0.000007
1.678263	0.000007
1.681234	0.000007
1.684204	0.000006
1.687174	0.000007
1.690145	0.000007
1.693115	0.000006
1.696086	0.000006
1.699056	0.000006
1.702026	0.000006
1.704997	0.000007
1.707967	0.000006
1.710938	0.000006
1.713908	0.000006
1.716878	0.000006
1.719849	0.000006
1.722819	0.000006
1.725789	0.000006
1.728760	0.000006
1.731730	0.000006
1.734701	0.000006
1.737671	0.000006
1.740641	0.000006
1.743612	0.000006
1.746582	0.000006
1.749552	0.000006
1.752523	0.000006
1.755493	0.000006
1.758464	0.000006
1.761434	0.000006
1.764404	0.000006
1.767375	0.000006
1.770345	0.000005
1.773315	0.000006
1.776286	0.000005
1.779256	0.000006
1.782227	0.000005
1.785197	0.000005
1.788167	0.000005
1.791138	0.000006
1.794108	0.000005
1.797078	0.000005
1.800049	0.000005
1.803019	0.000005
1.805990	0.000005
1.808960	0.000005
1.811930	0.000005
1.814901	0.000005
1.817871	0.000005
1.820841	0.000005
1.823812	0.000005
1.826782	0.000005
1.829753	0.000005
1.832723	0.000005
1.835693	0.000005
1.838664	0.000005
1.841634	0.000005
1.844604	0.000005
1.847575	0.000005
1.850545	0.000005
1.853516	0.000005
1.856486	0.000005
1.859456	0.000005
1.862427	0.000005
1.865397	0.000004
1.868368	0.000005
1.871338	0.000005
1.874308	0.000005
1.877279	0.000005
1.880249	0.000005
1.883219	0.000005
1.886190	0.000005
1.889160	0.000004
1.892130	0.000004
1.895101	0.000004
1.898071	0.000004
1.901042	0.000004
1.904012	0.000004
1.906982	0.000004
1.909953	0.000004
1.912923	0.000004
1.915894	0.000004
1.918864	0.000004
1.921834	0.000004
1.924805	0.000004
1.927775	0.000004
1.930745	0.000004
1.933716	0.000004
1.936686	0.000004
1.939657	0.000004
1.942627	0.000004
1.945597	0.000004
1.948568	0.000004
1.951538	0.000004
1.954508	0.000004
1.957479	0.000004
1.960449	0.000004
1.963420	0.000004
1.966390	0.000004
1.969360	0.000004
1.972331	0.000004
1.975301	0.000004
1.978271	0.000004
1.981242	0.000004
1.984212	0.000004
1.987183	0.000004
1.990153	0.000004
1.993123	0.000004
1.996094	0.000007
1.999064	0.000005
2.002034	0.000004
2.005005	0.000004
2.007975	0.000004
2.010946	0.000004
2.013916	0.000004
2.016886	0.000004
2.019857	0.000004
2.022827	0.000004
2.025798	0.000004
2.028768	0.000004
2.031738	0.000003
2.034709	0.000004
2.037679	0.000004
2.040649	0.000004
2.043620	0.000003
2.046590	0.000003
2.049561	0.000003
2.052531	0.000003
2.055501	0.000003
2.058472	0.000003
2.061442	0.000003
2.064412	0.000003
2.067383	0.000003
2.070353	0.000003
2.073323	0.000003
2.076294	0.000003
2.079264	0.000003
2.082235	0.000003
2.085205	0.000003
2.088176	0.000003
2.091146	0.000003
2.094116	0.000003
2.097087	0.000003
2.100057	0.000003
2.103027	0.000003
2.105998	0.000003
2.108968	0.000003
2.111938	0.000003
2.114909	0.000003
2.117879	0.000003
2.120850	0.000003
2.123820	0.000003
2.126790	0.000003
2.129761	0.000003
2.132731	0.000003
2.135701	0.000003
2.138672	0.000003
2.141642	0.000003
2.144613	0.000003
2.147583	0.000003
2.150553	0.000003
2.153524	0.000003
2.156494	0.000003
2.159465	0.000003
2.162435	0.000003
2.165405	0.000003
2.168376	0.000003
2.171346	0.000003
2.174316	0.000003
2.177287	0.000003
2.180257	0.000003
2.183228	0.000003
2.186198	0.000003
2.189168	0.000003
2.192139	0.000003
2.195109	0.000003
2.198079	0.000003
2.201050	0.000003
2.204020	0.000003
2.206990	0.000003
2.209961	0.000003
2.212931	0.000003
2.215902	0.000003
2.218872	0.000003
2.221843	0.000003
2.224813	0.000003
2.227783	0.000003
2.230754	0.000003
2.233724	0.000003
2.236694	0.000003
2.239665	0.000003
2.242635	0.000003
2.245605	0.000003
2.248576	0.000003
2.251546	0.000003
2.254517	0.000003
2.257487	0.000003
2.260457	0.000002
2.263428	0.000003
2.266398	0.000003
2.269368	0.000003
2.272339	0.000003
2.275309	0.000003
2.278280	0.000003
2.281250	0.000003
2.284220	0.000002
2.287191	0.000002
2.290161	0.000003
2.293132	0.000003
2.296102	0.000003
2.299072	0.000002
2.302043	0.000002
2.305013	0.000002
2.307983	0.000002
2.310954	0.000002
2.313924	0.000002
2.316895	0.000002
2.319865	0.000002
2.322835	0.000002
2.325806	0.000002
2.328776	0.000002
2.331746	0.000002
2.334717	0.000002
2.337687	0.000002
2.340657	0.000002
2.343628	0.000002
2.346598	0.000002
2.349569	0.000002
2.352539	0.000002
2.355510	0.000002
2.358480	0.000002
2.361450	0.000002
2.364421	0.000002
2.367391	0.000002
2.370361	0.000002
2.373332	0.000002
2.376302	0.000002
2.379272	0.000002
2.382243	0.000002
2.385213	0.000002
2.388184	0.000002
2.391154	0.000002
2.394124	0.000002
2.397095	0.000002
2.400065	0.000002
2.403035	0.000002
2.406006	0.000002
2.408976	0.000002
2.411947	0.000002
2.414917	0.000002
2.417887	0.000002
2.420858	0.000002
2.423828	0.000002
2.426799	0.000002
2.429769	0.000002
2.432739	0.000002
2.435710	0.000002
2.438680	0.000002
2.441650	0.000002
2.444621	0.000002
2.447591	0.000002
2.450562	0.000002
2.453532	0.000002
2.456502	0.000002
2.459473	0.000002
2.462443	0.000002
2.465413	0.000002
2.468384	0.000002
2.471354	0.000002
2.474324	0.000002
2.477295	0.000002
2.480265	0.000002
2.483236	0.000002
2.486206	0.000002
2.489177	0.000002
2.492147	0.000002
2.495117	0.000002
2.498088	0.000002
2.501058	0.000002
2.504028	0.000002
2.506999	0.000002
2.509969	0.000002
2.512939	0.000002
2.515910	0.000002
2.518880	0.000002
2.521851	0.000002
2.524821	0.000002
2.527791	0.000002
2.530762	0.000002
2.533732	0.000002
2.536702	0.000002
2.539673	0.000002
2.542643	0.000002
2.545614	0.000002
2.548584	0.000002
2.551554	0.000002
2.554525	0.000002
2.557495	0.000002
2.560466	0.000002
2.563436	0.000002
2.566406	0.000002
2.569377	0.000002
2.572347	0.000002
2.575317	0.000002
2.578288	0.000002
2.581258	0.000002
2.584229	0.000002
2.587199	0.000002
2.590169	0.000002
2.593140	0.000002
2.596110	0.000002
2.599080	0.000002
2.602051	0.000002
2.605021	0.000002
2.607991	0.000002
2.610962	0.000002
2.613932	0.000002
2.616903	0.000002
2.619873	0.000002
2.622844	0.000002
2.625814	0.000002
2.628784	0.000002
2.631755	0.000002
2.634725	0.000002
2.637695	0.000002
2.640666	0.000002
2.643636	0.000002
2.646606	0.000002
2.649577	0.000002
2.652547	0.000002
2.655518	0.000002
2.658488	0.000002
2.661458	0.000002
2.664429	0.000002
2.667399	0.000002
2.670369	0.000002
2.673340	0.000002
2.676310	0.000002
2.679281	0.000002
2.682251	0.000002
2.685221	0.000002
2.688192	0.000002
2.691162	0.000002
2.694133	0.000002
2.697103	0.000002
2.700073	0.000002
2.703044	0.000002
2.706014	0.000002
2.708984	0.000002
2.711955	0.000002
2.714925	0.000002
2.717896	0.000002
2.720866	0.000002
2.723836	0.000002
2.726807	0.000002
2.729777	0.000002
2.732747	0.000002
2.735718	0.000002
2.738688	0.000002
2.741658	0.000002
2.744629	0.000002
2.747599	0.000002
2.750570	0.000002
2.753540	0.000002
2.756510	0.000002
2.759481	0.000002
2.762451	0.000002
2.765422	0.000002
2.768392	0.000002
2.771362	0.000002
2.774333	0.000002
2.777303	0.000002
2.780273	0.000002
2.783244	0.000002
2.786214	0.000002
2.789185	0.000002
2.792155	0.000002
2.795125	0.000002
2.798096	0.000002
2.801066	0.000002
2.804036	0.000002
2.807007	0.000002
2.809977	0.000002
2.812948	0.000002
2.815918	0.000002
2.818888	0.000002
2.821859	0.000002
2.824829	0.000002
2.827800	0.000002
2.830770	0.000002
2.833740	0.000002
2.836711	0.000002
2.839681	0.000002
2.842651	0.000002
2.845622	0.000002
2.848592	0.000002
2.851562	0.000002
2.854533	0.000002
2.857503	0.000002
2.860474	0.000002
2.863444	0.000002
2.866414	0.000002
2.869385	0.000002
2.872355	0.000002
2.875325	0.000002
2.878296	0.000002
2.881266	0.000002
2.884237	0.000002
2.887207	0.000002
2.890177	0.000002
2.893148	0.000002
2.896118	0.000002
2.899089	0.000002
2.902059	0.000002
2.905029	0.000002
2.908000	0.000002
2.910970	0.000002
2.913940	0.000002
2.916911	0.000002
2.919881	0.000002
2.922852	0.000002
2.925822	0.000002
2.928792	0.000002
2.931763	0.000002
2.934733	0.000002
2.937703	0.000002
2.940674	0.000002
2.943644	0.000002
2.946615	0.000002
2.949585	0.000002
2.952555	0.000002
2.955526	0.000002
2.958496	0.000002
2.961467	0.000002
2.964437	0.000002
2.967407	0.000002
2.970378	0.000002
2.973348	0.000002
2.976318	0.000002
2.979289	0.000002
2.982259	0.000002
2.985229	0.000002
2.988200	0.000002
2.991170	0.000002
2.994141	0.000002
2.997111	0.000002
3.000081	0.000002
3.003052	0.000002
3.006022	0.000002
3.008992	0.000002
3.011963	0.000002
3.014933	0.000002
3.017904	0.000002
3.020874	0.000002
3.023844	0.000002
3.026815	0.000002
3.029785	0.000002
3.032756	0.000002
3.035726	0.000002
3.038696	0.000005
