643.165	53.7151	0.166885	0.545525
846.664	59.3195	0.133757	0.586711
454.321	39.8818	0.146746	0.291148
176.787	38.4221	0.12564	0.641961
929.147	59.2607	0.13233	0.527255
537.381	45.135	0.127424	0.532040
714.07	47.7399	0.176681	0.273023
792.687	55.1053	0.15002	0.371734
452.899	49.2123	0.126766	0.547686
630.56	58.6596	0.171533	0.461725
561.495	37.5636	0.19277	0.169018
414.698	39.2555	0.148373	0.313204
343.772	53.1737	0.160596	0.562107
309.647	49.3315	0.154146	0.523835
483.738	52.207	0.145598	0.487419
394.208	40.8179	0.134856	0.371003
268.206	55.35	0.162354	0.762241
239.971	47.3193	0.163493	0.498336
355.863	42.3074	0.151705	0.363723
273.369	59.0174	0.171159	0.779523
633.262	40.6513	0.139217	0.328634
214.248	41.8856	0.131826	0.431062
768.899	50.668	0.152853	0.327920
696.834	50.0021	0.247206	0.217959
259.078	43.3179	0.129812	0.538746
400.016	38.445	0.212975	0.240217
625.669	45.2329	0.176241	0.266389
476.021	49.2427	0.136126	0.472389
410.45	40.3589	0.139888	0.419653
419.092	59.4173	0.127147	0.723035
443.216	46.633	0.189813	0.326917
313.425	36.9608	0.168193	0.360541
546.499	58.9812	0.12683	0.642842
309.579	46.87	0.164702	0.346869
215.174	49.3565	0.198438	0.533722
589.076	58.921	0.191947	0.474333
302.159	43.2788	0.143046	0.493480
474.677	44.6991	0.153861	0.305731
503.99	54.6774	0.202045	0.320658
713.846	45.3608	0.245329	0.164932
308.248	37.1611	0.170259	0.341347
634.709	45.8072	0.12855	0.396533
226.053	36.9407	0.125251	0.387827
307.095	42.1994	0.125771	0.493365
540.345	38.6634	0.182478	0.225596
621.949	52.4094	0.174231	0.291958
329.555	43.9497	0.144237	0.465138
603.474	57.8299	0.139143	0.568479
573.311	42.2036	0.193813	0.228956
416.638	57.3382	0.21089	0.379241
539.518	49.4639	0.180635	0.384383
223.279	44.9452	0.177064	0.457435
593.287	56.1124	0.221886	0.357880
298.055	57.1225	0.146021	0.507184
355.624	39.0273	0.210808	0.247637
498.918	37.2226	0.159766	0.250481
814.621	51.6588	0.211001	0.256933
343.295	44.6422	0.220255	0.328337
202.896	37.1411	0.2133	0.270112
513.696	41.7108	0.168636	0.276528
253.615	37.7237	0.131366	0.437712
661.621	55.3187	0.171994	0.363380
264.009	39.895	0.142388	0.396421
402.035	52.8735	0.241457	0.309726
462.836	37.4207	0.139956	0.295561
239.911	48.1092	0.232996	0.326220
637.556	42.1625	0.142717	0.258032
475.212	40.8816	0.198803	0.250972
656.173	48.3219	0.213621	0.237193
544.314	40.3643	0.146062	0.323367
590.336	43.991	0.132033	0.359971
329.438	49.6575	0.149014	0.680236
185.232	40.0374	0.189135	0.441205
691.521	57.4083	0.140709	0.469759
587.242	50.2157	0.143201	0.376615
353.543	38.2984	0.194917	0.242977
233.46	43.6504	0.157698	0.442652
400.558	48.2525	0.157232	0.351261
507.379	38.8653	0.139763	0.276481
755.045	47.7548	0.183978	0.252755
199.187	44.3806	0.155308	0.748709
365.537	40.997	0.163446	0.371737
495.956	46.0711	0.153845	0.515706
485.003	44.1495	0.182579	0.269321
426.958	44.7953	0.13377	0.513063
669.084	53.245	0.181856	0.267497
594.215	45.1436	0.237455	0.242449
236.746	49.2036	0.136811	0.704189
637.843	41.0619	0.144628	0.329860
820.412	58.6226	0.196261	0.335055
232.013	40.3799	0.233565	0.288295
524.253	40.8153	0.237135	0.148855
485.744	57.9312	0.144127	0.597711
622.599	41.1091	0.126359	0.310482
552.067	53.3594	0.210361	0.299380
251.204	57.1925	0.155442	0.801816
583.387	43.4555	0.125735	0.375356
635.729	44.8003	0.148167	0.310183
576.003	39.8492	0.162559	0.315026
581.252	51.3566	0.218943	0.342119
416.734	45.7401	0.12691	0.523071
511.541	37.8045	0.198649	0.217273
575.404	38.0079	0.137715	0.291810
544.576	40.5791	0.137208	0.319628
509.615	43.0586	0.18374	0.292391
396.275	47.6839	0.14245	0.444427
318.768	54.3048	0.16448	0.507029
434.017	37.0452	0.180845	0.241198
682.53	59.7428	0.226953	0.352318
582.504	38.8945	0.136832	0.284037
445.887	41.1342	0.150122	0.356788
474.497	53.8486	0.170705	0.484929
283.641	58.2195	0.210034	0.640056
602.356	42.1457	0.145216	0.313596
728.624	55.4296	0.125489	0.577756
605.578	38.9323	0.128468	0.296749
241.795	56.6816	0.178826	0.771987
483.583	44.4789	0.140099	0.435509
364.222	37.7141	0.213612	0.231379
367.038	59.4933	0.244837	0.391613
349.304	36.6943	0.166698	0.254226
190.746	37.0058	0.168309	0.319463
418.101	37.6718	0.217872	0.205390
502.68	53.7803	0.156898	0.495455
210.836	52.3535	0.157911	0.692566
275.675	44.4833	0.146492	0.427980
846.817	57.3554	0.178888	0.329538
402.183	46.166	0.174736	0.347062
545.661	38.7334	0.151926	0.315325
464.488	44.5913	0.170437	0.284137
769.11	56.9256	0.168367	0.383663
504.816	39.0792	0.170649	0.223940
851.36	58.851	0.205712	0.306046
512.711	41.3417	0.127095	0.392685
426.628	36.8703	0.181322	0.230872
490.742	38.5928	0.132802	0.325459
922.894	58.7161	0.129557	0.426214
624.4	52.8339	0.139235	0.505486
761.578	58.8596	0.161492	0.419334
637.649	53.0144	0.183943	0.307823
223.822	50.7199	0.244191	0.402430
419.841	37.9001	0.171263	0.227957
376.7	56.227	0.155099	0.558120
906.381	60.3433	0.195635	0.300796
566.722	58.3278	0.140105	0.758473
522.562	42.9031	0.141815	0.322950
185.134	36.7548	0.149324	0.380321
567.976	46.203	0.180915	0.273032
426.122	42.3667	0.205405	0.253177
701.763	44.0202	0.155175	0.298846
418.571	45.8315	0.125056	0.534599
381.74	57.2509	0.127214	0.702442
470.139	37.2504	0.188966	0.194232
575.192	40.844	0.139355	0.383724
895.613	60.4966	0.16073	0.437490
525.132	52.6779	0.165786	0.466903
581.095	39.4133	0.172798	0.225713
600.093	39.3802	0.130135	0.340442
232.732	37.3578	0.172928	0.351758
486.111	39.5924	0.133674	0.332557
583.593	43.8475	0.128387	0.432000
447.687	36.7082	0.215338	0.174028
206.898	50.6788	0.128918	0.840230
395.336	53.5402	0.188528	0.490567
796.766	56.0474	0.132638	0.489335
482.446	39.8483	0.179312	0.267916
231.421	38.7814	0.204987	0.277605
446.934	54.3051	0.179135	0.433518
682.496	43.9881	0.133306	0.368648
348.566	38.4473	0.163554	0.269214
343.196	52.3743	0.20219	0.371516
207.989	46.2844	0.152462	0.768417
280.671	40.9837	0.156683	0.356212
570.838	39.7001	0.21574	0.201313
406.917	41.3392	0.146343	0.332955
284.568	40.1942	0.22245	0.246890
622.247	41.5617	0.195997	0.237763
226.425	41.9219	0.228548	0.333182
869.66	54.3832	0.214352	0.238533
358.242	42.296	0.157545	0.335391
380.989	53.5811	0.128951	0.757032
292.227	46.1274	0.166512	0.440291
479.21	46.6926	0.206838	0.249397
432.477	45.9276	0.132516	0.478910
517.226	41.1033	0.169242	0.271118
594.869	48.638	0.216559	0.208796
566.802	41.2846	0.161759	0.321946
561.83	37.3185	0.147815	0.271157
496.904	60.7863	0.178507	0.466900
347.755	47.8596	0.216076	0.281621
252.388	37.3132	0.248871	0.214772
282.702	40.1865	0.210235	0.302823
811.191	59.2795	0.133066	0.533430
565.758	36.7909	0.129756	0.271864
239.44	44.3481	0.145102	0.534262
719.176	45.253	0.189217	0.292256
365.533	36.8152	0.178459	0.317289
357.488	39.3314	0.208354	0.266681
396.632	49.04	0.163809	0.468999
525.104	54.6919	0.149069	0.435168
722.112	50.8533	0.16467	0.368733
187.767	44.6734	0.155043	0.582081
602.213	38.4891	0.181136	0.206524
470.717	57.8866	0.142964	0.480926
363.704	49.8893	0.245276	0.327014
395.47	43.9796	0.15089	0.408295
647.875	50.6208	0.131301	0.368624
447.724	41.0791	0.205233	0.259327
521.622	46.9662	0.150285	0.413094
236.439	42.7836	0.158295	0.465739
719.691	51.5041	0.127017	0.471016
540.363	48.8054	0.247816	0.227906
578.903	42.8228	0.205304	0.205251
241.532	43.5727	0.164596	0.461997
776.993	50.9156	0.17103	0.271036
716.982	53.6754	0.249517	0.235093
847.367	55.0319	0.17731	0.256829
361.368	36.594	0.134623	0.387735
565.869	59.2499	0.205977	0.376193
587.898	51.8934	0.147615	0.503326
616.69	54.2751	0.134812	0.447564
499.23	58.8003	0.165523	0.580048
309.348	53.0344	0.183627	0.519454
556.506	50.0366	0.207794	0.304413
303.535	44.0113	0.125138	0.483416
284.284	50.5028	0.198564	0.518633
687.331	44.1539	0.202786	0.207574
915.287	58.8284	0.222999	0.283749
214.147	38.7699	0.184659	0.342452
455.439	39.1372	0.211006	0.186857
608.197	47.8864	0.136854	0.434451
560.989	59.1436	0.163438	0.532630
223.399	37.8097	0.242893	0.221615
933.237	58.9398	0.221031	0.246057
389.057	37.1956	0.197094	0.287789
624.874	41.3352	0.236986	0.217136
819.907	59.2896	0.218246	0.303057
650.715	45.9564	0.159727	0.283157
388.04	40.2678	0.131409	0.381606
649.499	46.3285	0.189788	0.236114
599.412	45.0411	0.187214	0.262173
582.078	40.9534	0.156742	0.274379
245.117	43.1012	0.157733	0.451997
222.66	43.0676	0.233372	0.407317
414.879	57.5948	0.141561	0.631943
454.829	43.0316	0.163237	0.390936
178.06	37.4568	0.150667	0.477862
551.758	45.1098	0.12527	0.378442
279.305	39.9925	0.176515	0.362327
240.19	53.0952	0.128407	0.769116
363.762	51.923	0.15777	0.533359
379.37	54.4071	0.208945	0.347985
455.115	42.0291	0.139748	0.353426
758.631	48.6527	0.232593	0.234816
474.125	38.0949	0.146369	0.311313
331.569	46.383	0.139646	0.570930
689.499	54.7386	0.132717	0.627673
345.024	36.7343	0.176211	0.248968
475.693	36.5758	0.167823	0.243359
668.366	58.8322	0.132185	0.513601
251.451	41.2224	0.174246	0.301251
363.247	43.6597	0.167284	0.344669
463.835	44.707	0.150379	0.350198
613.434	42.3635	0.12512	0.324380
229.522	37.4947	0.133291	0.420392
715.706	52.1293	0.175655	0.312789
226.212	38.1852	0.203749	0.260635
212.522	41.633	0.153433	0.402846
495.966	46.4432	0.172343	0.278567
166.48	36.9876	0.234177	0.251635
312.207	45.3884	0.13567	0.571485
354.804	52.0698	0.234443	0.351151
393.246	43.8163	0.169693	0.373454
552.945	42.8982	0.204034	0.220568
416.625	37.4411	0.167404	0.265827
710.112	47.9034	0.131947	0.371953
178.584	37.2189	0.128528	0.469530
524.573	42.2547	0.135753	0.311413
516.187	56.2747	0.142267	0.398842
299.678	37.1807	0.142317	0.432455
421.985	38.4885	0.195028	0.222620
463.561	51.5512	0.213655	0.257525
568.48	53.6331	0.129674	0.523260
232.015	49.5222	0.177656	0.533167
285.844	49.5296	0.212223	0.425241
299.624	41.6106	0.18381	0.285209
689.181	46.1888	0.180225	0.236790
154.358	38.0146	0.148668	0.540395
539.013	42.9622	0.175086	0.277129
429.409	51.9195	0.227562	0.316111
344.494	56.1543	0.190662	0.496681
306.366	52.2208	0.187034	0.499730
616	40.8504	0.141623	0.292184
260.561	39.091	0.141383	0.483214
488.662	56.6587	0.146973	0.613123
571.098	40.3677	0.184344	0.236932
429.455	59.0612	0.125397	0.665827
447.799	44.8233	0.168733	0.298814
594.624	40.6439	0.137828	0.289708
199.613	46.3363	0.176067	0.506332
277.581	48.9321	0.143055	0.643500
644.74	40.5974	0.128644	0.325423
351.87	49.247	0.142584	0.543594
698.272	53.5217	0.163258	0.376622
211.599	44.0938	0.127128	0.618206
254.376	46.4064	0.233809	0.329917
346.947	38.6881	0.132865	0.445000
263.317	44.041	0.206041	0.305624
380.17	45.3055	0.164643	0.321581
361.509	44.2502	0.18062	0.382557
386.818	40.9202	0.243404	0.210178
201.671	45.2821	0.162479	0.672799
230.297	39.8317	0.131435	0.494485
647.105	46.2221	0.17475	0.273856
275.68	56.0266	0.217024	0.426610
562.139	43.3861	0.173412	0.253813
421.1	53.1581	0.133306	0.580586
506.466	58.4098	0.128062	0.718407
553.542	46.1831	0.139933	0.440679
788.678	53.9764	0.13267	0.435289
667.84	42.6006	0.191925	0.219581
324.105	54.1777	0.22988	0.362308
318.95	37.4859	0.170991	0.271143
776.157	57.4151	0.210663	0.282565
635.947	46.4749	0.134414	0.331362
450.105	40.4307	0.198633	0.247572
637.971	43.1478	0.242816	0.209701
589.754	49.8669	0.134254	0.426222
271.296	40.2728	0.166918	0.397439
195.369	39.7103	0.131103	0.564198
393.108	43.6844	0.177918	0.303607
448.492	37.0788	0.131186	0.301670
702.866	46.0548	0.13314	0.352526
467.951	37.6759	0.166322	0.261436
252.739	54.9889	0.175539	0.782476
245.082	51.2631	0.178658	0.756664
727.684	49.8683	0.23865	0.214743
202.39	37.4486	0.141814	0.636565
403.311	56.2068	0.190293	0.483115
422.751	40.5172	0.190377	0.259934
661.97	44.2694	0.148069	0.307846
491.835	39.4229	0.180203	0.253872
317.88	37.4154	0.139502	0.389988
400.695	52.6713	0.239941	0.318487
437.837	37.921	0.186992	0.227768
574.404	45.3679	0.239621	0.206160
352.044	38.5166	0.200461	0.258091
244.947	36.7535	0.13713	0.448132
487.764	44.755	0.152158	0.366060
450.424	39.8457	0.129613	0.348138
195.073	37.8856	0.225635	0.254549
634.777	44.4508	0.125789	0.329573
779.476	49.5846	0.223659	0.232540
661.152	55.1152	0.158298	0.323628
185.621	46.4024	0.236784	0.336206
395.108	43.4962	0.155236	0.414855
499.924	58.9207	0.169547	0.534704
188.051	44.712	0.156813	0.772878
384.539	38.3921	0.139631	0.365337
566.729	39.4157	0.130072	0.325882
235.055	45.9436	0.169421	0.523290
269.47	38.579	0.142724	0.368588
644.943	41.3698	0.178858	0.227607
195.176	40.5118	0.228482	0.322592
586.303	48.6792	0.127886	0.448376
348.764	41.7923	0.225892	0.226596
172.213	37.7437	0.185423	0.459591
579.157	50.6057	0.237064	0.218242
722.281	48.6704	0.145159	0.363925
456.526	38.4047	0.170932	0.256037
412.908	46.9841	0.246612	0.242326
390.615	39.7759	0.125671	0.467892
607.437	48.0184	0.155439	0.309764
398.6	41.2536	0.147803	0.360938
403.271	52.2249	0.176196	0.405878
521.387	36.935	0.186858	0.179042
262.987	39.8664	0.151229	0.365876
326.621	50.0494	0.159513	0.494944
548.761	38.9387	0.130739	0.325161
663.409	59.729	0.159558	0.443812
641.865	55.1723	0.132083	0.391476
935.961	60.404	0.23875	0.221130
251.897	37.3095	0.144131	0.470714
643.503	58.778	0.133468	0.693294
303.486	44.4205	0.133871	0.552184
694.894	54.6636	0.140459	0.522119
742.861	53.6473	0.236471	0.248993
158.88	36.8263	0.213385	0.354611
241.279	48.3902	0.13935	0.619181
575.95	39.3624	0.130391	0.300455
235.021	53.9776	0.1703	0.608340
226.302	37.9191	0.136542	0.420228
504.023	38.314	0.247964	0.167205
280.35	40.2989	0.2001	0.276028
502.074	53.9235	0.133428	0.579473
448.381	49.7809	0.131751	0.536232
605.391	40.8428	0.137318	0.330346
441.009	45.2892	0.153229	0.377778
521.74	49.9481	0.135641	0.567974
218.97	50.701	0.24545	0.340411
738.843	52.4069	0.223585	0.295084
301.369	45.3421	0.146591	0.484357
509.458	36.7828	0.166113	0.250360
279.578	50.341	0.192744	0.524248
211.727	47.3933	0.161657	0.576952
435.984	54.0017	0.243011	0.350612
201.408	40.3584	0.165029	0.353747
370.369	36.6308	0.180376	0.279384
322.94	59.3995	0.147025	0.676067
591.957	46.4802	0.169114	0.376287
411.189	41.567	0.172759	0.310645
585.83	39.179	0.21189	0.193105
746.13	56.9352	0.147035	0.419176
222.6	49.4206	0.128914	0.711166
608.567	42.8061	0.160171	0.258834
547.21	38.3252	0.247193	0.150722
436.418	47.4666	0.233987	0.255423
361.822	56.7278	0.14469	0.671269
207.8	47.6411	0.144561	0.653648
350.197	39.9661	0.17177	0.366385
351.004	39.2195	0.183141	0.263517
205.92	36.7198	0.160303	0.339888
406.521	42.5976	0.197576	0.263214
279.264	45.2825	0.217837	0.316209
758.551	47.457	0.23139	0.210862
431.082	48.4323	0.177155	0.407297
308.183	42.7726	0.181625	0.355934
574.534	44.4892	0.197288	0.252358
231.663	39.702	0.129232	0.586607
531.434	46.0079	0.189388	0.263782
213.772	49.0197	0.157806	0.752589
392.116	40.6642	0.146782	0.370329
864.059	60.1867	0.159292	0.452730
429.415	43.1137	0.136099	0.382686
210.359	41.4682	0.156567	0.440490
556.963	38.0095	0.192132	0.203585
350.963	44.6596	0.156917	0.511264
436.479	36.8425	0.168333	0.246302
361.505	40.2883	0.173131	0.292898
411.205	50.9828	0.180533	0.405243
731.525	46.1643	0.225182	0.197756
480.027	37.7293	0.177825	0.236927
315.764	41.8818	0.149119	0.380039
230.427	38.8322	0.239657	0.300078
221.945	40.6643	0.148828	0.498321
510.282	40.8653	0.237018	0.211953
258.802	47.621	0.17627	0.435572
269.269	40.1348	0.130699	0.398407
454.938	39.6846	0.24506	0.180179
599.234	47.8554	0.224886	0.208229
250.535	44.0814	0.204082	0.289199
655.935	56.79	0.181426	0.393191
238.665	52.3793	0.244058	0.289442
429.742	53.8327	0.156601	0.452603
425.896	40.6054	0.132791	0.332768
895.542	58.748	0.177872	0.321560
414.461	51.6169	0.148639	0.521099
691.427	54.6713	0.1786	0.318412
568.219	55.3617	0.140968	0.400960
358.555	57.302	0.142216	0.681442
477.304	45.3009	0.12594	0.416986
265.93	42.7153	0.20422	0.294740
547.179	59.4344	0.138537	0.668822
861.536	57.2889	0.135402	0.485182
464.256	40.4926	0.133437	0.350634
308.376	43.467	0.15009	0.485589
462.734	51.8318	0.17238	0.348063
312.508	56.6063	0.144716	0.741092
676.393	42.3644	0.180941	0.198695
344.914	47.6749	0.158451	0.450385
175.994	36.5476	0.135739	0.434949
474.113	40.4204	0.145572	0.265448
459.903	41.2029	0.215057	0.206432
578.884	49.4691	0.142551	0.423001
391.404	38.5283	0.171263	0.318054
479.725	49.9827	0.142407	0.421384
210.423	40.8974	0.137707	0.414878
558.167	41.1848	0.132356	0.334794
431.939	55.4213	0.154645	0.530280
220.629	45.4724	0.187754	0.404228
583.737	36.6899	0.24901	0.141165
296.719	48.4406	0.127208	0.686849
206.04	42.142	0.164943	0.405935
335.849	59.7765	0.139486	0.960983
363.265	49.5585	0.129919	0.569947
264.5	50.8978	0.216943	0.471045
520.353	52.7573	0.13806	0.549232
746.549	50.0048	0.171021	0.292453
480.929	51.3798	0.125102	0.631458
797.59	50.9867	0.131545	0.357060
519.902	38.6108	0.237344	0.184577
679.805	58.4514	0.234314	0.295121
600.321	43.6424	0.128159	0.397568
539.857	43.8399	0.158903	0.331947
210.227	38.8704	0.171228	0.336318
252.206	55.1279	0.195443	0.587464
462.861	36.7587	0.129253	0.337717
733.657	48.9007	0.132297	0.398094
178.028	43.1529	0.14668	0.584567
275.047	54.4739	0.194803	0.480952
425.558	43.8678	0.242956	0.224980
749.777	50.6022	0.171522	0.310032
454.992	48.0446	0.212775	0.267580
702.162	46.4929	0.159108	0.311621
562.721	38.634	0.177309	0.238599
556.905	36.8611	0.220692	0.163787
608.49	41.2957	0.232173	0.196468
279.359	45.1407	0.249152	0.286962
471.539	36.8774	0.170302	0.233097
675.902	47.5476	0.182296	0.265296
328.256	39.3229	0.245781	0.209001
576.63	42.255	0.190402	0.257026
236.726	38.0918	0.125985	0.476067
344.021	41.5058	0.212884	0.266786
545.026	42.0629	0.150529	0.275258
488.021	39.3285	0.141718	0.337091
223.014	37.064	0.230094	0.271151
364.672	48.5165	0.168637	0.386942
787.047	56.8038	0.147059	0.394236
270.002	41.8815	0.212041	0.275564
335.457	42.7029	0.241292	0.233945
316.612	38.7118	0.140734	0.383071
622.639	39.8355	0.191453	0.215416
303.634	50.8763	0.194424	0.367677
524.729	57.2662	0.157976	0.480816
224.037	46.9825	0.154781	0.674325
600.543	59.0595	0.125043	0.643487
527.463	46.0202	0.129429	0.528772
273.166	59.0078	0.13355	0.801469
211.081	39.9248	0.212518	0.333691
239.491	42.977	0.159475	0.448549
600.471	48.8341	0.200772	0.275106
363.614	39.9741	0.19737	0.282937
475.703	38.0327	0.18125	0.264695
369.653	37.4613	0.1477	0.306179
376.986	36.7739	0.160841	0.248014
546.872	39.074	0.243872	0.163668
349.267	45.9023	0.242561	0.263453
722.474	48.3979	0.149884	0.268681
789.215	51.9751	0.168015	0.339096
347.483	36.8803	0.141345	0.261899
293.415	40.1363	0.14494	0.306439
423.436	49.8775	0.230992	0.281308
387.203	45.8019	0.166074	0.451068
542.829	36.8994	0.224575	0.159560
440.123	37.5815	0.174237	0.242512
277.14	56.4588	0.169149	0.545753
363.235	39.8957	0.184585	0.249585
609.094	56.8214	0.22691	0.289129
326.988	37.8468	0.185669	0.322892
554.246	37.3889	0.152073	0.256144
904.436	60.6462	0.21675	0.286394
322.078	40.8447	0.144413	0.361378
586.194	39.7258	0.209291	0.219451
694.645	50.8092	0.154077	0.338330
567.888	41.6982	0.215087	0.202945
294.172	40.2156	0.19094	0.267337
381.128	36.8747	0.155927	0.284271
714.134	46.0884	0.16045	0.307152
420.68	50.2521	0.155071	0.418095
490.409	51.3434	0.149696	0.467948
823.191	53.8259	0.173168	0.296262
450.066	45.0785	0.135696	0.420148
187.499	39.9602	0.164947	0.422635
239.434	46.1158	0.155766	0.475331
700.435	56.9913	0.147269	0.499916
880.273	55.8833	0.126601	0.544802
554.929	47.8601	0.166872	0.342407
666.974	44.0467	0.185472	0.244484
730.851	47.0695	0.144252	0.364241
877.614	57.0328	0.144926	0.371622
435.422	37.6014	0.20218	0.181744
803.968	50.8446	0.187272	0.340570
309.733	57.5191	0.20182	0.522699
615.973	59.2265	0.14569	0.529242
416.552	48.9458	0.148753	0.387874
451.107	39.2239	0.172435	0.210310
396.317	39.1444	0.125393	0.381502
617.212	46.4217	0.239743	0.208337
600.359	42.4906	0.141939	0.274191
300.271	59.5271	0.12983	0.830275
319.786	37.7483	0.219332	0.229486
517.208	40.872	0.143007	0.339190
273.209	40.7963	0.149428	0.493428
681.679	53.4385	0.150506	0.390340
512.68	43.1799	0.222107	0.202433
232.703	50.2437	0.197493	0.499413
526.494	48.5398	0.215211	0.278283
250.82	47.9644	0.12723	0.857530
831.15	58.7553	0.147471	0.460877
377.303	37.7788	0.180524	0.263488
779.629	60.3466	0.168953	0.431391
202.453	39.7194	0.18285	0.380337
649.362	52.943	0.180592	0.329084
576.371	39.2579	0.176482	0.231367
607.993	40.4176	0.195165	0.221489
304.611	46.8916	0.19474	0.319039
511.239	45.5285	0.20173	0.287158
177.545	39.8916	0.238793	0.290026
474.174	44.0551	0.195667	0.287781
397.963	37.395	0.130063	0.367325
521.2	46.4472	0.142842	0.420487
567.347	53.6457	0.167146	0.389758
486.352	47.8297	0.238522	0.245507
641.897	55.7721	0.19088	0.391137
434.139	36.9052	0.156273	0.260601
506.304	39.4838	0.189302	0.234015
186.334	38.1881	0.1817	0.375877
393.509	52.8108	0.129799	0.631009
608.691	45.133	0.178817	0.272234
875.429	59.0553	0.236313	0.274812
375.515	43.4615	0.125095	0.454653
332.634	39.486	0.176391	0.358040
421.707	40.855	0.142813	0.379962
219.035	39.4809	0.212133	0.242420
183.355	43.0176	0.177118	0.493308
626.927	58.7403	0.147704	0.516461
545.505	37.807	0.217183	0.164471
555.084	38.5881	0.139421	0.307706
478.243	52.7554	0.211112	0.297631
566.064	41.5364	0.224276	0.205627
850.898	54.8175	0.142103	0.424400
663.931	41.868	0.219702	0.177873
595.493	55.5056	0.125434	0.492270
634.327	42.3811	0.144753	0.388854
185.475	43.3729	0.208818	0.375041
563.105	36.8636	0.143688	0.247133
623.477	39.8832	0.211352	0.171342
551.844	45.6578	0.151496	0.432388
604.39	44.8378	0.150029	0.355541
272.979	40.1597	0.125578	0.570956
766.206	48.6268	0.175812	0.305516
423.187	38.9187	0.146	0.329481
659.14	53.5039	0.144477	0.465885
459.805	42.7687	0.205748	0.225196
818.234	56.8349	0.157956	0.429791
683.732	48.5186	0.190482	0.299780
498.949	38.8128	0.131517	0.306551
424.202	41.4076	0.201575	0.280046
384.547	47.9419	0.140185	0.387304
725.876	56.0185	0.138671	0.430290
514.529	37.5408	0.131058	0.275620
171.775	37.1776	0.126925	0.463691
431.83	42.0528	0.222295	0.215381
829.59	55.1824	0.247462	0.246423
313.387	58.2927	0.142379	0.639354
647.776	42.2015	0.155399	0.273396
453.477	40.3674	0.166541	0.285890
289.299	46.7888	0.143333	0.581875
520.422	42.6745	0.140336	0.371742
341.862	42.6537	0.129548	0.536604
304.625	47.5252	0.184019	0.405655
677.02	45.9809	0.178106	0.238932
704.863	56.6127	0.219455	0.286648
784.736	54.7016	0.228501	0.207394
705.755	60.7668	0.180464	0.447968
256.599	41.5285	0.157204	0.412215
430.779	41.5447	0.221465	0.231942
698.43	53.1409	0.128664	0.435157
553.262	43.7897	0.178064	0.281116
786.366	59.9722	0.128288	0.597056
738.162	50.0213	0.168338	0.318810
679.19	50.4463	0.134969	0.395789
314.778	45.2165	0.135907	0.639439
428.863	58.547	0.169367	0.553253
330.136	58.9967	0.219076	0.501580
276.929	41.6687	0.18926	0.364531
300.277	49.086	0.162248	0.493682
431.192	47.9507	0.143418	0.379019
371.136	44.9955	0.141747	0.502683
405.837	45.2239	0.207547	0.290389
318.258	42.3744	0.139588	0.494027
329.684	44.8337	0.201194	0.362208
174.799	41.1967	0.171016	0.592020
570.103	39.796	0.13165	0.312264
264.846	40.5169	0.130022	0.538405
387.782	38.5357	0.126746	0.449187
212.902	41.0266	0.147395	0.433241
706.4	55.729	0.139955	0.508500
446.858	38.4044	0.233536	0.229471
358.99	54.7232	0.128228	0.728586
283.574	41.6855	0.141033	0.435466
574.762	39.2971	0.24512	0.165189
885.689	59.7291	0.202456	0.345524
546.204	38.3433	0.127646	0.312970
222.388	45.9878	0.129737	0.759910
318.699	59.5661	0.167766	0.614812
496.817	37.4138	0.218016	0.202016
529.112	58.2522	0.203851	0.317537
550.254	37.3828	0.140682	0.292559
387.543	57.8763	0.144117	0.648580
787.43	50.3674	0.194317	0.260234
724.453	55.2556	0.184125	0.344945
761.414	49.3017	0.172093	0.276753
536.777	56.9167	0.176383	0.594928
502.753	60.2138	0.183503	0.421242
257.606	37.7783	0.151762	0.405741
166.045	40.437	0.21058	0.362124
623.472	41.2041	0.140978	0.339259
206.976	48.9247	0.149538	1.055804
396.225	58.0518	0.197593	0.383276
322.033	55.9485	0.134458	1.030404
217.331	47.4569	0.172107	0.561686
321.876	52.55	0.143172	0.579313
308.395	40.2438	0.219259	0.223907
414.205	49.7702	0.186784	0.417214
266.395	42.9759	0.138817	0.435926
412.944	59.6028	0.216748	0.375032
211.801	38.0216	0.186518	0.310140
885.476	58.1133	0.211595	0.298111
224.879	43.6226	0.154223	0.461170
158.167	39.1678	0.19211	0.431699
634.08	51.1086	0.224271	0.256275
347.639	41.4684	0.177954	0.342796
840.393	54.7055	0.232827	0.231247
395.37	37.2094	0.166806	0.295745
297.509	38.0474	0.144727	0.430387
304.174	38.5135	0.161472	0.316127
334.442	38.3868	0.159871	0.336839
446.953	43.0777	0.13463	0.376262
711.533	53.5746	0.238027	0.248557
205.999	37.3653	0.17894	0.277026
695.513	52.9966	0.156962	0.450844
631.966	50.5122	0.215887	0.287481
764.678	57.5575	0.143508	0.452045
715.023	56.419	0.21904	0.284952
440.382	37.4134	0.133051	0.332264
505.668	51.305	0.154611	0.372572
444.462	37.2482	0.196794	0.208351
221.804	41.6204	0.126958	0.916680
657.687	43.3092	0.151547	0.298464
305.909	59.0379	0.136794	0.759657
620.392	39.4218	0.163738	0.247469
645.155	45.1642	0.164365	0.274555
608.44	42.2935	0.215667	0.194831
215.782	52.7138	0.240024	0.387850
483.782	53.9004	0.159785	0.537243
292.125	45.8046	0.199535	0.280361
404.858	38.6735	0.211275	0.222344
240.328	40.1727	0.246475	0.233478
669.492	57.9626	0.20128	0.365506
163.828	37.2382	0.182256	0.412546
437.626	41.5565	0.174744	0.288279
590.768	48.7496	0.189169	0.353638
317.002	57.6322	0.210276	0.457498
563.338	36.6944	0.218504	0.198554
693.175	58.1987	0.146741	0.508080
532.453	37.665	0.219993	0.173573
635.794	55.1674	0.206188	0.360176
192.756	39.1501	0.17948	0.457371
660.983	44.3067	0.161092	0.336945
369.683	57.5294	0.153385	0.590909
324.512	37.8372	0.134404	0.386820
240.938	38.1933	0.147762	0.337569
416.067	60.4943	0.164158	0.744464
612.942	40.0063	0.203424	0.205457
164.571	38.1548	0.128974	0.696752
454.098	39.556	0.160787	0.269843
515.12	41.8667	0.125538	0.434232
599.196	37.8001	0.245778	0.160674
337.995	45.0386	0.141427	0.413496
595.845	38.2709	0.155272	0.229206
440.221	58.805	0.184392	0.504948
470.087	38.6067	0.134035	0.367990
787.37	53.5144	0.177577	0.320895
329.747	37.703	0.240267	0.218295
326.001	44.7073	0.221666	0.282848
415.069	48.5046	0.125252	0.506948
538.716	41.75	0.146699	0.291641
544.057	46.4103	0.168539	0.333555
347.569	49.9083	0.177892	0.415263
205.801	36.8925	0.230217	0.286203
632.15	41.5735	0.200161	0.205719
223.495	50.8914	0.153866	0.822872
376.518	38.2377	0.196841	0.271696
595.762	53.9676	0.156718	0.443313
759.778	52.4563	0.132951	0.383248
488.583	55.6921	0.195923	0.421893
283.326	45.2589	0.15126	0.555039
290.186	42.9076	0.149817	0.486235
543.416	37.0956	0.152002	0.237927
267.901	55.5948	0.158567	0.871226
600.444	39.3613	0.201288	0.195877
425.492	49.3541	0.153172	0.392026
697.556	46.2971	0.146851	0.334011
308.53	41.1136	0.209256	0.267867
297.904	52.5185	0.176721	0.490949
490.013	49.8913	0.142569	0.489758
313.244	50.5154	0.131228	0.660589
466.355	38.6172	0.246818	0.173661
278.855	40.6855	0.232156	0.247812
632.566	42.6762	0.154026	0.267303
548.445	59.6695	0.144545	0.649721
206.698	46.9516	0.19857	0.572649
360.683	39.0627	0.132911	0.362806
415.735	46.4365	0.151998	0.399862
838.159	53.8572	0.179104	0.299806
445.336	44.3673	0.234092	0.222777
528.807	53.317	0.173281	0.327404
751.821	47.4574	0.207176	0.226965
463.584	47.2299	0.200267	0.290981
482.973	40.7943	0.230833	0.200816
219.358	51.5372	0.210933	0.539256
408.145	39.6932	0.149442	0.305611
318.253	43.5333	0.127864	0.426683
594.373	37.7933	0.181331	0.206935
304.374	41.0381	0.170324	0.372748
205.982	48.1147	0.185018	0.608248
607.924	56.423	0.134488	0.521150
305.734	41.922	0.210567	0.272217
239.748	45.067	0.130223	0.645595
673.987	51.8134	0.195495	0.295098
491.052	41.0286	0.128832	0.400139
677.325	48.4417	0.163227	0.350160
383.72	41.0474	0.140855	0.399345
294.753	42.2374	0.138627	0.465525
686.104	47.2175	0.217311	0.223827
327.424	39.7359	0.247334	0.193338
468.866	37.8785	0.156867	0.221689
210.154	38.2501	0.149961	0.499624
358.756	54.0085	0.127762	0.760778
576.243	42.2504	0.126917	0.347441
794.836	59.8783	0.24514	0.281379
258.634	44.1511	0.173131	0.456578
257.765	58.8567	0.176274	0.868576
257.714	41.0008	0.200082	0.283978
490.554	38.6906	0.151836	0.276444
550.387	48.7364	0.12803	0.468258
503.182	56.0601	0.178037	0.438834
425.944	48.247	0.135171	0.362439
578.358	41.0788	0.182959	0.250267
393.556	51.2673	0.163201	0.417404
268.225	41.8671	0.217547	0.249748
618.158	51.1746	0.145321	0.466179
318.717	36.7375	0.18159	0.235540
464.668	55.5843	0.130259	0.775705
213.357	37.0661	0.155408	0.380046
285.648	36.6601	0.147235	0.370166
375.796	54.5848	0.151206	0.645085
374.865	45.5777	0.131792	0.474645
283.243	50.6701	0.149822	0.810248
577.616	49.6451	0.165428	0.328345
344.422	39.1962	0.240223	0.227121
282.597	38.0639	0.127762	0.482654
644.913	45.7116	0.177394	0.263343
506.67	49.0619	0.235456	0.231354
358.361	54.6302	0.144236	0.698117
712.484	48.2034	0.125462	0.456033
301.436	38.8305	0.145221	0.454624
379.996	41.13	0.232373	0.188419
676.632	57.6442	0.140886	0.628879
688.349	45.2704	0.132672	0.397361
573.214	59.779	0.225671	0.347031
442.027	39.864	0.159895	0.300110
401.824	38.2868	0.132665	0.331690
188.943	38.738	0.173289	0.383898
214.009	41.8664	0.188202	0.386604
409.618	48.7604	0.220938	0.221098
283.522	40.4909	0.137732	0.473278
183.003	38.1823	0.194141	0.429085
509.154	41.3804	0.152625	0.276422
612.086	39.1379	0.127745	0.349146
885.742	58.353	0.203847	0.287754
488.412	47.5822	0.125173	0.458699
387.366	36.9128	0.183006	0.243792
714.274	44.6455	0.161168	0.278114
323.112	58.2828	0.216163	0.477147
620.654	45.3209	0.201411	0.234634
473.426	49.1733	0.137266	0.455333
462.755	60.8273	0.181831	0.433849
438.581	37.5641	0.186643	0.201637
362.849	53.6093	0.175023	0.553824
437.561	37.8573	0.150685	0.284475
667.667	44.8571	0.232912	0.213616
377.179	44.2185	0.15327	0.447244
473.068	39.0653	0.233495	0.179303
348.636	46.9532	0.133662	0.456026
316.74	41.0969	0.155179	0.397799
658.808	60.5426	0.188299	0.452239
239.362	49.7203	0.184432	0.463866
805.434	53.4072	0.248146	0.212274
469.164	37.6188	0.246591	0.145543
517.546	41.7457	0.162768	0.291597
476.761	56.7892	0.235319	0.324271
505.527	45.4904	0.167999	0.334110
231.94	43.9676	0.13597	0.541553
202.615	48.6057	0.153704	0.651502
327.715	41.4161	0.242748	0.253674
628.336	55.7053	0.14233	0.470284
441.559	54.0016	0.139902	0.590380
437.519	38.9535	0.214779	0.200240
509.68	54.6244	0.177767	0.420856
689.863	43.3309	0.134523	0.296414
465.227	46.4157	0.138211	0.429042
260.21	49.5497	0.130243	0.715269
508.878	59.406	0.199721	0.444625
612.243	58.0265	0.151165	0.588180
440.778	41.136	0.198465	0.248667
622.611	47.7791	0.248507	0.218258
451.418	43.8536	0.182537	0.343025
747.406	56.8785	0.151986	0.360114
524.397	50.1947	0.145994	0.445995
815.713	58.9267	0.125197	0.669786
520.892	46.8433	0.126315	0.468847
530.021	36.8976	0.22771	0.161549
369.81	44.9713	0.163372	0.419132
286.319	57.5994	0.145291	0.658665
509.322	51.4549	0.206773	0.311896
281.144	37.378	0.177511	0.320547
664.151	50.6543	0.178806	0.291810
370.651	56.4901	0.197741	0.478890
245.446	52.6837	0.182582	0.555752
375.838	41.4352	0.169036	0.289375
258.841	36.878	0.189249	0.225308
806.826	51.563	0.21941	0.222138
726.184	53.3423	0.126711	0.508933
168.66	39.2905	0.219664	0.314728
225.891	45.4317	0.168912	0.435362
500.893	58.3532	0.199179	0.384820
380.145	39.3685	0.139803	0.311349
473.512	36.5129	0.190921	0.189250
448.596	48.2271	0.227415	0.310458
863.336	54.3228	0.14038	0.360066
388.703	39.5987	0.156343	0.319592
630.781	50.0401	0.188333	0.312862
253.351	55.8607	0.163894	0.934211
536.116	52.4272	0.156009	0.491405
439.811	38.784	0.145621	0.323167
521.521	42.0147	0.156199	0.319154
442.226	42.929	0.191979	0.256098
335.456	41.4343	0.129131	0.462968
229.006	51.5997	0.144129	0.597495
534.598	45.4677	0.20544	0.286534
246.427	41.2381	0.129369	0.626211
707.074	45.2162	0.229042	0.165310
336.938	36.9702	0.148942	0.353751
536.29	56.747	0.194857	0.318640
811.456	51.8958	0.14607	0.372658
231.984	51.8379	0.235675	0.394536
738.776	48.3498	0.168042	0.253956
420.433	40.4406	0.136208	0.329090
268.349	43.8743	0.168986	0.364339
587.528	52.602	0.191983	0.335045
575.843	52.2501	0.176433	0.396665
347.759	47.9684	0.133078	0.494379
690.749	50.8411	0.137391	0.460337
343.724	47.8261	0.200385	0.365961
583.786	51.1582	0.175441	0.344580
726.994	48.3513	0.150608	0.364527
549.973	42.5479	0.214973	0.206900
257.266	37.6286	0.12679	0.390858
406.892	46.3351	0.162928	0.440850
482.276	51.4518	0.17318	0.383979
240.925	56.965	0.182024	0.558635
649.926	41.2804	0.152922	0.262269
485.972	37.0109	0.126814	0.334940
456.709	37.8091	0.151047	0.306743
272.91	48.7046	0.138123	0.651852
308.635	38.446	0.168588	0.304186
566.795	39.9118	0.194247	0.192759
611.441	39.6875	0.155744	0.257033
542.539	55.5666	0.1619	0.403684
291.888	58.2244	0.162346	0.683004
279.346	50.0105	0.156782	0.440484
207.478	39.5579	0.201334	0.273450
167.359	39.5744	0.165692	0.600377
437.809	41.6631	0.143166	0.391737
588.869	42.2307	0.157049	0.266783
507.424	41.9427	0.23293	0.215949
526.913	37.2857	0.131059	0.250400
299.802	47.0821	0.135681	0.628902
571.705	39.1616	0.181407	0.254215
589.492	48.1825	0.130881	0.420434
215.399	45.1918	0.152918	0.701051
195.111	42.3119	0.150896	0.572682
462.156	55.4912	0.160347	0.605367
382.406	37.4439	0.136365	0.314670
249.381	37.1602	0.248321	0.276381
313.253	43.6174	0.133743	0.530798
504.296	42.3671	0.145183	0.330754
509.187	40.8182	0.176477	0.263365
154.652	37.252	0.139891	0.533451
522.446	41.2585	0.185255	0.249514
277.142	40.5076	0.126456	0.522590
578.773	44.5575	0.131913	0.463877
251.235	43.7241	0.232015	0.407618
595.232	50.0939	0.242213	0.238039
379.832	55.8114	0.225658	0.391905
288.662	51.7895	0.197108	0.491576
673.674	47.2784	0.185152	0.271594
338.278	46.0009	0.179966	0.341474
602.91	53.2245	0.195028	0.362200
582.841	43.9797	0.175068	0.281059
207.512	36.8536	0.180218	0.317991
593.478	54.9595	0.135415	0.553005
432.746	53.803	0.128349	0.802690
760.887	57.8472	0.182756	0.369120
463.947	40.1344	0.138045	0.352843
574.366	48.4299	0.232737	0.207127
359.926	45.6917	0.197719	0.354096
531.492	36.9799	0.237897	0.140027
220.619	40.8605	0.154159	0.449445
414.866	55.7363	0.134452	0.682805
330.753	37.3552	0.249608	0.201121
314.783	38.1494	0.227984	0.213142
594.662	49.4004	0.168963	0.352049
285.821	41.8068	0.130792	0.519083
419.035	39.4976	0.248711	0.179386
460.423	39.4863	0.184674	0.278937
200.38	48.9012	0.130896	0.957185
876.005	59.0843	0.142009	0.435689
219.99	37.1776	0.201401	0.318856
459.919	52.8855	0.183365	0.370812
514.007	42.877	0.147588	0.285305
606.072	38.2692	0.128281	0.305563
540.691	39.5666	0.171516	0.260550
801.148	53.4501	0.194081	0.268898
693.626	51.0394	0.248019	0.192143
355.48	51.8743	0.212415	0.401034
697.616	49.6632	0.206464	0.246462
257.255	48.596	0.186842	0.475789
509.813	44.0601	0.214962	0.245737
557.935	47.0729	0.177539	0.299419
734.357	56.9522	0.153375	0.411632
272.328	54.885	0.1506	0.823901
584.504	39.4756	0.193333	0.201364
281.06	41.7594	0.197624	0.337955
189.6	45.8326	0.159919	0.713657
685.804	52.7215	0.212889	0.262823
440.57	41.6239	0.223055	0.207460
472.158	38.4335	0.21434	0.230271
602.615	39.4649	0.214288	0.211732
274.53	40.1768	0.169741	0.339944
210.714	37.1244	0.127324	0.619545
430.922	44.7529	0.16163	0.301923
455.038	48.0947	0.132235	0.438336
247.666	41.6613	0.12618	0.590996
703.045	43.9942	0.194388	0.232411
266.278	40.2821	0.214631	0.267452
350.321	42.4377	0.174968	0.376552
675.891	54.91	0.143927	0.475333
202.355	40.6537	0.230776	0.313215
514.419	58.4997	0.161265	0.551314
455.088	39.5859	0.247282	0.175679
694.363	59.2972	0.236443	0.260408
736.191	60.0648	0.134177	0.677126
152.803	36.9844	0.188473	0.439198
483.715	41.541	0.142715	0.387596
479.587	38.0519	0.131644	0.310082
587.411	42.572	0.172251	0.269914
258.001	55.9085	0.165235	0.676603
415.268	53.0006	0.135267	0.572973
684.403	43.9738	0.192695	0.218373
377.392	36.7598	0.176648	0.236330
812.535	52.762	0.172953	0.395940
708.076	44.9673	0.133603	0.329128
281.834	46.8968	0.210275	0.325430
408.525	46.8183	0.227748	0.261503
577.64	38.0669	0.155476	0.309057
206.378	49.3274	0.156282	0.604580
295.575	43.2886	0.129793	0.690431
448.213	56.9017	0.211688	0.399567
299.008	56.78	0.196469	0.542407
396.216	36.7321	0.226683	0.203199
290.574	51.0477	0.224915	0.379038
371.632	46.3017	0.13412	0.492405
227.279	50.0183	0.133778	0.558365
591.718	56.4986	0.144565	0.570711
546.506	59.8859	0.142078	0.573029
418.716	41.2573	0.14071	0.313969
579.904	50.0861	0.238989	0.251729
181.158	40.5613	0.162779	0.547260
638.495	60.6035	0.220469	0.288841
561.256	44.1525	0.125036	0.400538
529.41	54.1054	0.146579	0.397360
387.324	47.7639	0.167879	0.436743
189.469	43.014	0.142956	0.760625
349.532	40.0014	0.191362	0.282543
225.697	36.5711	0.155833	0.386550
690.427	51.6844	0.143334	0.491712
238.579	56.6312	0.168848	0.832039
692.238	44.4188	0.125826	0.370401
561.453	44.6477	0.158402	0.288384
605.648	57.663	0.173217	0.384564
386.014	37.6985	0.140791	0.370679
262.058	53.1309	0.137775	0.730747
329.333	52.4322	0.174581	0.460215
621.309	40.9835	0.154244	0.279555
277.342	55.1767	0.125862	0.921515
514.299	39.4505	0.208146	0.216928
185.805	41.8168	0.18512	0.424605
290.795	47.8645	0.1323	0.609904
254.726	39.5896	0.166321	0.345923
273.076	39.2174	0.140529	0.521924
720.064	53.5325	0.161953	0.310753
614.394	39.0853	0.211921	0.180705
707.545	54.3933	0.190307	0.316905
419.451	42.8002	0.183639	0.247289
578.339	36.7076	0.128048	0.290412
785.008	51.8243	0.171369	0.290708
249.034	37.8097	0.177972	0.359315
508.737	47.9327	0.206409	0.327357
225.959	52.1013	0.211558	0.480579
759.314	59.9221	0.200241	0.329158
692.558	47.1526	0.133165	0.316387
225.594	44.1775	0.196645	0.349579
875.218	59.8485	0.132112	0.504195
592.92	49.4613	0.15128	0.407731
453.858	45.3391	0.184192	0.271868
189.454	40.8284	0.166907	0.460150
562.912	42.8532	0.183433	0.220884
364.882	43.3205	0.192998	0.256397
198.744	37.2641	0.175363	0.302787
460.552	42.2646	0.148974	0.382257
208.62	39.8313	0.147128	0.499664
768.738	48.4739	0.162664	0.302618
221.863	44.9741	0.176586	0.466196
208.913	39.9441	0.159794	0.432899
421.948	37.7544	0.171157	0.297614
812.042	59.4443	0.129729	0.582755
180.394	40.7295	0.156889	0.429899
277.683	40.2837	0.170612	0.315316
474.926	41.9392	0.137553	0.354430
458.644	36.6886	0.248982	0.156774
583.987	48.3152	0.14548	0.405814
418.932	38.1079	0.148253	0.319875
497.229	36.7715	0.160814	0.237302
595.15	42.2568	0.245931	0.216264
179.503	39.2916	0.164963	0.504167
359.817	41.5498	0.13579	0.372639
339.28	44.1265	0.136583	0.506334
173.073	39.9905	0.1974	0.365307
451.719	44.0842	0.208211	0.249694
459.472	37.4858	0.224129	0.203041
875.018	55.4563	0.129952	0.437477
489.277	45.8495	0.141632	0.421505
540.926	48.0538	0.13295	0.580653
214.93	40.0597	0.129787	0.531912
499.024	51.9621	0.225324	0.247518
483.25	38.5588	0.191393	0.226320
562.473	46.5691	0.129779	0.461224
270.762	52.0767	0.147388	0.761018
259.13	46.1014	0.14116	0.532855
194.416	47.5086	0.177397	0.481352
702.141	47.3569	0.188401	0.247482
467.399	38.0823	0.248625	0.176293
480.392	56.1016	0.177545	0.433094
471.666	59.6611	0.140956	0.663363
230.338	43.5129	0.191355	0.356563
413.689	47.2207	0.145202	0.530509
663.941	60.7125	0.156114	0.448841
542.79	48.1479	0.221902	0.331770
590.591	52.4345	0.185386	0.363365
723.706	47.274	0.188595	0.271498
471.802	42.428	0.150511	0.327798
211.11	44.44	0.130933	0.728991
408.496	42.2271	0.233366	0.234348
429.398	40.5675	0.193109	0.287832
311.443	47.8644	0.162289	0.539958
330.554	37.7385	0.139878	0.333456
341.876	42.4906	0.202432	0.296628
295.762	45.0902	0.15025	0.450320
611.84	47.5335	0.157159	0.283410
564.608	60.3421	0.185935	0.345004
372.014	57.1312	0.169836	0.475199
584.321	45.5725	0.201622	0.280493
592.314	58.9578	0.137105	0.582184
507.819	45.6084	0.163275	0.353974
296.923	50.3458	0.144163	0.583629
811.734	52.9655	0.171367	0.295620
655.552	42.1951	0.139362	0.303701
498.112	59.5711	0.137194	0.732245
763.479	54.0993	0.147187	0.435556
580.281	40.3701	0.200984	0.189974
323.214	49.1355	0.143019	0.650406
393.332	40.8374	0.194922	0.286795
754.254	57.9555	0.165601	0.420913
390.494	47.3326	0.150492	0.445259
803.972	56.2848	0.17228	0.399506
261.813	48.1759	0.173725	0.481433
699.507	51.4103	0.135961	0.465602
567.547	36.6977	0.165675	0.219419
359.585	51.5347	0.127702	0.636011
609.916	45.9529	0.125031	0.496332
377.048	37.722	0.226849	0.176720
307.253	50.8104	0.127795	0.907553
278.5	48.2337	0.185008	0.518493
152.169	36.6956	0.215849	0.320379
414.321	59.9911	0.169967	0.683775
434.649	40.6939	0.137602	0.365946
169.06	37.0915	0.164011	0.406054
334.174	43.3695	0.129505	0.500077
366.425	53.8065	0.17151	0.459926
223.823	54.0146	0.136534	0.832113
197.201	36.7183	0.137015	0.588228
282.042	53.5927	0.147269	0.672588
269.539	51.303	0.215767	0.438348
304.921	43.9529	0.136258	0.556203
576.945	58.6514	0.146158	0.555018
389.485	40.2304	0.193601	0.235678
463.522	44.1035	0.140259	0.436192
454.04	55.7482	0.134793	0.520341
411.093	47.3928	0.130972	0.490484
271.872	42.5441	0.154946	0.512680
409.366	47.8952	0.125396	0.511198
289.974	51.5761	0.218948	0.441508
721.406	54.2419	0.146645	0.435634
330.777	54.3638	0.162694	0.613162
669.477	43.0964	0.173636	0.248269
564.08	43.4569	0.137869	0.405003
274.564	54.0047	0.129994	0.885788
370.349	37.7859	0.174014	0.278037
294.472	54.7111	0.216596	0.352648
731.406	56.7498	0.126387	0.534863
383.518	42.7787	0.214539	0.235966
772.409	56.8143	0.181338	0.278547
544.936	44.2635	0.196045	0.248148
553.379	42.5124	0.184839	0.251201
529.827	51.5838	0.163734	0.368838
355.467	50.5935	0.125617	0.727119
582.158	46.8355	0.212725	0.281376
716.192	47.3551	0.242676	0.191681
673.968	45.8071	0.13099	0.382681
179.735	41.5373	0.149282	0.663881
230.88	39.77	0.131861	0.454279
273.915	50.9627	0.156669	0.547474
324.357	42.9351	0.158879	0.417448
254.64	55.8237	0.1623	0.788064
500.74	55.3931	0.23458	0.321653
466.263	56.5231	0.152552	0.487648
288.353	36.6586	0.150011	0.401294
577.9	38.2159	0.185941	0.209956
435.376	57.1095	0.142169	0.732096
930.672	59.873	0.143622	0.490706
229.693	45.9372	0.170479	0.511299
211.645	47.6964	0.173217	0.592077
517.29	44.9127	0.163727	0.331062
222.009	55.3497	0.139375	1.161147
555.82	54.3918	0.197528	0.335233
448.627	38.9688	0.156105	0.308237
347.164	41.9221	0.138474	0.411887
659.023	47.0067	0.176924	0.291097
549.044	41.5658	0.166675	0.278862
673.601	55.8051	0.162799	0.340960
307.674	46.8564	0.203802	0.390354
689.111	43.6882	0.170623	0.314772
512.622	42.6408	0.1661	0.271878
277.289	48.69	0.240141	0.354968
692.354	47.0318	0.154974	0.369281
575.639	50.9355	0.155108	0.406508
463.029	60.4847	0.217098	0.503024
214.517	40.0145	0.167586	0.448172
273.047	43.194	0.125033	0.677512
645.162	48.4671	0.14029	0.412819
721.886	46.8922	0.147556	0.352524
508.569	38.5605	0.170029	0.265286
575.556	40.1418	0.12737	0.382053
551.905	47.4611	0.146407	0.373025
230.515	37.1447	0.220404	0.290825
532.634	46.8427	0.146037	0.438673
545.582	51.6131	0.190531	0.301201
207.005	43.5468	0.154364	0.562841
422.888	39.0033	0.181437	0.286435
460.636	50.1124	0.154224	0.522531
621.444	58.0466	0.190846	0.376364
202.129	37.2222	0.1851	0.340585
444.922	44.4912	0.161646	0.357520
566.133	53.952	0.171054	0.395941
565.585	46.1973	0.154234	0.333661
354.198	37.2127	0.204269	0.213759
268.38	37.2126	0.194461	0.330608
658.781	47.766	0.179763	0.296433
296.591	53.053	0.208194	0.393205
218.619	41.7055	0.1275	0.706002
294.085	49.4051	0.17063	0.487701
225.543	51.5148	0.167178	0.585004
248.107	43.0291	0.166304	0.407920
957.58	60.2024	0.134763	0.418642
515.821	37.6461	0.161659	0.245179
774.695	51.3781	0.159272	0.324549
542.802	45.4717	0.180327	0.291929
557.701	38.3544	0.205525	0.188956
217.47	39.9031	0.241537	0.242223
235.404	53.1184	0.128449	1.130654
431.492	40.5737	0.141184	0.382293
459.606	57.979	0.188578	0.544209
306.552	38.9257	0.172955	0.360466
298.918	43.0765	0.197478	0.328996
244.675	53.09	0.166465	0.423385
274.761	43.9658	0.183275	0.358061
253.73	49.5986	0.18199	0.508503
899.54	56.6621	0.13577	0.407685
439.172	46.7988	0.186748	0.286479
570.36	43.2495	0.191402	0.256560
349.619	37.0207	0.219814	0.221721
599.159	56.596	0.196457	0.412963
623.204	60.3509	0.172397	0.490980
298.046	38.7741	0.160101	0.397539
511.749	52.2101	0.137937	0.458749
280.914	56.4773	0.194048	0.596781
537.918	37.2114	0.163216	0.238484
350.589	45.0355	0.135001	0.435638
402.041	40.6799	0.139008	0.440392
258.692	46.1067	0.164229	0.460219
543.815	39.8873	0.179714	0.262705
776.343	56.6169	0.132971	0.548619
283.405	43.8644	0.237982	0.240614
376.133	42.7887	0.140478	0.389034
510.826	46.0707	0.134007	0.477710
338.991	39.3842	0.125135	0.530093
705.505	44.9891	0.149569	0.331399
196.451	38.7596	0.126704	0.604514
718.005	46.4852	0.157973	0.300442
624.172	55.8403	0.176819	0.366458
289.829	48.3338	0.146135	0.587888
630.872	41.6045	0.153686	0.256461
335.66	45.6176	0.152023	0.526760
443.504	50.2342	0.157115	0.389146
567.676	58.4959	0.132038	0.678614
642.424	58.9997	0.1924	0.369153
406.427	56.3278	0.144495	0.699093
488.951	38.3476	0.160114	0.253159
291.039	50.4061	0.228838	0.317024
716.202	47.2363	0.238014	0.187270
425.421	54.454	0.147935	0.407959
648.937	49.606	0.129913	0.544361
435.513	44.0062	0.160149	0.389810
300.273	48.0854	0.147869	0.405828
541.492	47.6959	0.145072	0.387844
466.739	38.5099	0.217014	0.214786
403.416	46.7136	0.139817	0.523882
690.571	48.7542	0.23946	0.217349
640.049	40.9158	0.132132	0.307636
479.92	39.9427	0.189556	0.219400
485.559	55.6971	0.195661	0.389477
545.231	43.965	0.133927	0.378940
355.631	38.1391	0.15695	0.327009
820.239	56.3975	0.240531	0.223622
413.053	51.92	0.234759	0.315608
361.502	59.8799	0.143338	0.599699
760.916	52.7895	0.183368	0.293913
561.171	47.0672	0.156253	0.394257
223.297	53.2278	0.146533	0.588134
422.294	38.2574	0.144871	0.314286
510.454	58.6773	0.192573	0.502903
454.868	40.6481	0.127828	0.455781
697.693	44.3427	0.160672	0.286746
790.016	56.4563	0.2009	0.279162
473.013	45.2063	0.152564	0.430309
705.31	47.4243	0.14663	0.333125
813.735	56.3833	0.161897	0.397447
291.094	49.1945	0.153812	0.586641
540.044	39.4219	0.127947	0.321214
322.91	58.6167	0.132832	0.813297
670.878	45.506	0.228061	0.199570
359.109	49.602	0.134585	0.478988
246.104	37.0363	0.167451	0.304814
761.337	57.1698	0.206065	0.311626
866.647	59.7395	0.24364	0.247460
455.407	46.3259	0.23504	0.260918
563.07	45.3524	0.245559	0.173131
474.757	43.5362	0.143602	0.390958
579.389	46.4256	0.133011	0.455065
418.764	41.641	0.156812	0.376969
308.656	46.5615	0.146985	0.444611
251.536	36.733	0.201486	0.236067
521.875	57.8499	0.237043	0.347960
646.553	42.3168	0.226891	0.180859
551.465	36.7309	0.228993	0.147285
677.075	44.266	0.142184	0.313302
497.874	39.067	0.203358	0.217267
552.215	41.1464	0.160792	0.296113
253.711	37.4905	0.160405	0.335758
247.263	43.3984	0.139088	0.552736
616.959	41.5923	0.206967	0.216854
511.379	56.8457	0.234965	0.291252
310.057	56.3646	0.170584	0.450810
339.931	39.6463	0.135784	0.423424
219.105	40.4407	0.189703	0.352023
287.294	38.3451	0.220469	0.239216
615.785	39.5388	0.125116	0.278780
329.461	44.2255	0.216282	0.331529
483.233	41.6783	0.217334	0.245021
222.968	38.2199	0.179876	0.419588
478.116	38.6615	0.198565	0.235605
195.847	38.7837	0.202298	0.277163
618.658	58.2929	0.198358	0.376743
545.316	57.4816	0.168654	0.454205
518.085	55.4548	0.14888	0.416485
546.34	47.4149	0.187315	0.272105
578.774	39.5431	0.157107	0.264135
680.481	46.4507	0.162268	0.294386
586.113	56.9203	0.132711	0.545429
783.176	49.3053	0.154792	0.310778
513.087	40.5249	0.158262	0.276270
775.157	48.5239	0.152128	0.292077
567.869	41.1766	0.195838	0.237175
355.569	51.4279	0.163986	0.476012
298.089	37.2191	0.183436	0.280336
304.316	39.0598	0.185684	0.301406
347.262	41.7072	0.127049	0.446781
357.643	52.5799	0.128984	0.698658
422.151	38.0915	0.192892	0.211305
438.395	43.089	0.174269	0.311068
696.233	54.6487	0.152262	0.407500
496.306	45.2343	0.198804	0.273994
164.995	37.4838	0.150545	0.509191
440.866	46.0989	0.130941	0.417429
498.92	53.6273	0.195866	0.389526
263.51	52.5588	0.248205	0.346571
540.365	38.8811	0.14084	0.323178
341.734	40.2216	0.133668	0.496783
466.879	36.7226	0.232308	0.173713
621.677	47.0468	0.130118	0.394270
460.796	57.5768	0.129576	0.701833
372.28	54.2391	0.142663	0.633036
218.259	53.0909	0.21386	0.551910
699.618	54.0259	0.142596	0.416392
255.039	46.2633	0.150645	0.553991
637.54	47.1013	0.154314	0.323611
607.936	55.1462	0.169919	0.423352
699.673	46.0858	0.140279	0.362385
193.376	37.2932	0.133686	0.503678
400.241	36.6281	0.128558	0.317884
385.586	54.9921	0.212926	0.358984
611.498	40.8531	0.170381	0.247135
295.362	39.5515	0.248644	0.191017
276.78	38.8707	0.138404	0.422900
368.03	37.79	0.191691	0.264134
268.528	42.1521	0.202395	0.311768
196.346	40.917	0.169331	0.537400
315.897	42.1678	0.156133	0.375907
272.896	37.3041	0.163488	0.346309
454	47.2576	0.172082	0.363938
645.393	57.4604	0.248159	0.328396
254.288	44.4978	0.130841	0.588916
257.22	42.7192	0.159671	0.408247
591.949	49.2436	0.217165	0.246869
574.193	39.5955	0.21667	0.162021
246.46	48.9531	0.135301	0.802355
256.058	42.7939	0.190385	0.432972
262.353	36.8738	0.126185	0.340273
777.509	56.8892	0.146563	0.527311
238.091	41.2706	0.242302	0.267786
375.215	44.4969	0.154831	0.449935
809.612	51.0954	0.126326	0.458009
604.269	47.4618	0.244293	0.195591
254.643	40.7243	0.159158	0.426850
252.091	39.3778	0.157075	0.382458
832.306	55.9958	0.241162	0.251776
647.826	44.0772	0.222546	0.248590
376.691	47.1015	0.127526	0.550212
275.028	47.3384	0.127507	0.560396
444.469	39.8894	0.14104	0.335309
532.197	43.8837	0.23099	0.203289
210.544	39.3958	0.232853	0.266625
422.456	41.2261	0.236543	0.212626
640.97	43.9312	0.127818	0.374833
411.769	46.3715	0.125639	0.530885
623.918	52.1659	0.20867	0.326356
929.971	59.9733	0.190927	0.323652
528.046	45.5179	0.13031	0.341411
445.437	48.3468	0.126117	0.546592
490.741	40.0671	0.205798	0.239344
271.727	45.29	0.144082	0.493565
647.889	48.1735	0.164571	0.323429
436.045	43.1168	0.1577	0.305911
706.993	55.6568	0.19941	0.321290
567.328	52.574	0.149733	0.452795
400.82	42.0765	0.187963	0.275377
501.122	58.2975	0.13175	0.599900
298.457	45.0167	0.169771	0.346771
661.62	54.9283	0.154338	0.545171
369.101	41.2455	0.128563	0.368841
563.519	43.4445	0.193964	0.243686
758.999	58.8309	0.161591	0.430483
246.543	43.8055	0.128925	0.671891
587.088	42.2249	0.221935	0.204122
607.156	41.8053	0.15454	0.255951
561.706	51.2792	0.178129	0.340394
798.192	54.9003	0.147127	0.386817
835.235	58.9369	0.160358	0.506190
426.943	54.1357	0.148266	0.477349
210.095	40.6788	0.130246	0.463686
386.481	40.2262	0.167694	0.316460
290.466	38.0197	0.13498	0.403774
187.636	40.9977	0.136666	0.519954
429.798	54.4315	0.134377	0.629116
605.64	48.73	0.138337	0.413374
513.11	39.4712	0.154647	0.266185
670.182	60.5126	0.202485	0.428826
768.753	59.411	0.147768	0.525699
279.517	38.3193	0.150624	0.343931
608.09	41.7703	0.147346	0.307274
401.507	41.764	0.210747	0.254202
527.153	41.6909	0.2442	0.186013
304.595	56.7401	0.185083	0.530787
359.933	36.7361	0.151395	0.325624
691.447	46.8782	0.160265	0.311587
445.653	45.1126	0.170741	0.304782
685.477	57.5402	0.188504	0.324281
766.133	53.0464	0.137658	0.352907
171.606	42.339	0.129223	0.741012
360.54	39.2166	0.146243	0.316133
371.815	49.4793	0.136838	0.545858
202.419	41.6732	0.15018	0.690667
824.193	53.6418	0.162498	0.353579
519.443	38.695	0.141333	0.347981
780.716	56.1816	0.223199	0.344553
623.646	43.6642	0.20264	0.222067
500.891	42.5939	0.133746	0.423673
493.483	52.1033	0.125302	0.503358
913.589	58.7925	0.163475	0.370008
456.842	57.2285	0.178589	0.525074
397.674	56.1133	0.225161	0.345221
498.994	44.1494	0.149543	0.360338
555.813	52.8154	0.136563	0.493654
435.777	47.5255	0.126672	0.551605
729.295	45.9953	0.137949	0.363929
611.849	44.1448	0.15207	0.311935
619.996	57.0712	0.159949	0.482413
481.023	36.5853	0.127733	0.331238
659.944	54.9166	0.193594	0.361988
663.046	52.4059	0.190424	0.342112
371.555	38.1385	0.224394	0.171913
298.184	42.3102	0.208182	0.272571
316.752	39.2122	0.226191	0.218352
199.595	47.4297	0.151061	0.545372
526.129	49.097	0.137671	0.467877
413.783	42.0794	0.205102	0.278558
573.547	44.5372	0.162841	0.296488
530.71	46.5412	0.147631	0.355132
310.991	38.8793	0.131837	0.447835
474.343	37.7704	0.156796	0.272135
309.124	51.1657	0.14892	0.499091
729.808	49.8565	0.170873	0.340541
169.596	37.4242	0.202024	0.329159
785.404	53.8404	0.164257	0.356780
220.051	50.5705	0.206852	0.391135
357.686	57.4556	0.130858	0.906925
227.021	37.5614	0.187059	0.373682
632.04	42.5957	0.243446	0.171348
403.112	37.9061	0.243805	0.185591
469.623	37.8886	0.153031	0.250406
498.083	41.36	0.172186	0.264000
394.834	57.7277	0.248837	0.371179
501.661	37.0367	0.135048	0.326635
224.677	40.7619	0.126604	0.585083
575.616	42.9663	0.236807	0.188722
247.935	42.943	0.170704	0.418765
530.576	40.1472	0.2189	0.181963
725.235	51.4617	0.181242	0.337607
609.812	42.6761	0.184089	0.214772
410.305	37.6908	0.129126	0.376000
856.439	54.4571	0.137036	0.486809
471.69	40.1884	0.127614	0.411057
497.254	54.6527	0.18907	0.459126
450.274	57.1982	0.190705	0.340966
763.206	53.4002	0.170781	0.323347
418.097	41.8204	0.144846	0.384868
524.288	56.0348	0.136396	0.628137
456.776	60.4108	0.154859	0.497656
768.248	55.8101	0.139867	0.496462
349.654	42.8047	0.168227	0.315026
359.605	42.0389	0.151126	0.397976
174.377	38.2295	0.176951	0.356563
562.153	44.5365	0.126602	0.418927
550.826	41.913	0.16267	0.259440
227.36	45.8239	0.200516	0.447039
611.175	47.1065	0.177689	0.261130
888.772	60.4651	0.144484	0.470541
483.508	51.211	0.144338	0.436226
316.641	51.8455	0.171594	0.526976
644.921	57.4397	0.172744	0.400220
656.396	42.8243	0.23599	0.163608
655.946	57.2519	0.134998	0.665983
169.073	37.5627	0.133078	0.635568
814.809	57.1993	0.159081	0.407292
246.775	54.109	0.140998	1.115976
617.341	39.0644	0.238118	0.167430
551.869	41.3398	0.177752	0.263535
913.34	59.2459	0.156209	0.417982
737.288	60.1227	0.21103	0.284745
480.106	43.8697	0.174814	0.302163
451.807	51.7899	0.239765	0.342157
319.373	40.0649	0.169124	0.360773
429.472	55.3992	0.126127	0.836400
341.82	48.484	0.133833	0.553429
327.23	37.5167	0.177669	0.273106
692.126	59.5587	0.243472	0.261022
939.42	59.1319	0.191542	0.318849
342.982	37.5984	0.234842	0.200543
167.764	40.0252	0.188259	0.322615
737.024	47.6038	0.231434	0.200265
407.398	42.8358	0.188387	0.306023
619.341	48.7087	0.196761	0.292661
314.178	45.6993	0.16697	0.464244
661.575	44.0119	0.154995	0.290593
784.128	52.3404	0.175655	0.376090
322.753	37.4531	0.204865	0.255158
599.996	59.2519	0.16852	0.422710
328.099	41.2557	0.240902	0.219787
314.699	44.87	0.151472	0.498058
848.812	55.0898	0.180237	0.308333
200.831	37.2853	0.17071	0.420108
348.425	57.3859	0.172659	0.593610
549.854	43.2666	0.14049	0.294161
708.285	58.5763	0.218816	0.262896
415.637	42.0422	0.17164	0.298084
528.706	42.5886	0.132478	0.406035
236.213	54.0016	0.157113	0.879696
385.307	37.0412	0.150016	0.343359
476.133	37.2859	0.125736	0.336111
601.746	55.2852	0.238234	0.373819
256.396	44.7121	0.128414	0.776734
502.533	39.5628	0.140622	0.340159
363.952	45.0689	0.177626	0.318674
373.541	49.0072	0.139086	0.532059
313.844	39.0676	0.232904	0.216461
470.554	36.7116	0.188401	0.206757
631.059	43.2504	0.234641	0.176482
654.076	49.5642	0.227054	0.232748
499.567	51.0796	0.207226	0.355709
311.757	44.3878	0.20317	0.322478
402.028	43.5787	0.15271	0.403470
410.948	38.0976	0.131867	0.394437
395.247	49.0211	0.226869	0.314675
465.001	43.8925	0.150436	0.417917
516.673	56.2948	0.214581	0.328090
524.365	43.1316	0.200595	0.227166
734.084	49.438	0.132767	0.435016
759.943	59.1611	0.174907	0.411920
225.848	52.931	0.216232	0.562042
734.715	46.374	0.137553	0.370036
393.392	44.5488	0.188158	0.259925
818.766	54.7742	0.146518	0.455064
771.09	49.3972	0.134949	0.403689
318.908	57.0126	0.163554	0.565503
511.571	45.3897	0.140882	0.475656
544.339	38.3013	0.14661	0.237190
228.369	38.3523	0.163668	0.371703
480.038	42.7627	0.13551	0.336231
769.843	52.1553	0.141131	0.377804
578.367	60.701	0.170716	0.469960
562.599	55.9099	0.146679	0.557725
290.867	45.3969	0.148097	0.475292
162.194	36.7435	0.193301	0.382996
279.457	53.3964	0.141719	0.838972
420.009	43.3715	0.21945	0.222729
521.282	40.3648	0.189742	0.257229
626.248	51.7347	0.212696	0.281257
255.444	37.9369	0.185857	0.282169
415.121	39.5408	0.125578	0.433450
307.083	43.365	0.145336	0.505021
797.783	56.5225	0.203079	0.282201
285.575	42.4252	0.21852	0.452178
778.12	52.5605	0.158677	0.369423
543.845	39.5598	0.181662	0.269939
476.231	37.0682	0.248359	0.157432
431.548	45.0906	0.15591	0.357588
434.516	58.461	0.181672	0.467985
689.32	48.851	0.190452	0.239412
545.176	42.5505	0.216288	0.202059
545.102	42.7052	0.164492	0.325848
448.22	46.9265	0.16866	0.374236
815.337	57.2716	0.168463	0.404916
243.284	49.9868	0.24059	0.353891
480.194	38.4601	0.217574	0.181948
526.398	41.0231	0.14592	0.284088
495.118	52.1696	0.164027	0.403566
415.037	46.933	0.175457	0.383283
344.656	39.481	0.181793	0.218728
339.566	37.9885	0.178638	0.266939
793.042	58.0972	0.205603	0.304406
326.333	38.3177	0.134018	0.359818
705.325	54.4451	0.134042	0.497440
513.266	38.0113	0.235152	0.156992
600.199	40.4559	0.175773	0.253892
241.858	41.7687	0.147938	0.486840
291.502	37.7492	0.142221	0.436436
569.003	41.1123	0.220106	0.211700
627.872	41.7784	0.234231	0.182437
636.606	44.7851	0.2064	0.238508
309.983	44.4454	0.182001	0.400229
325.063	43.276	0.179519	0.363464
526.14	58.0454	0.175883	0.433358
338.17	46.069	0.16343	0.424312
724.068	50.6097	0.129207	0.490203
519.086	38.1566	0.221934	0.161725
441.474	58.7922	0.249715	0.315548
568.221	41.4133	0.154279	0.283372
193.785	36.7502	0.195382	0.245752
653.918	43.6651	0.185658	0.226937
580.968	46.6385	0.170541	0.309075
274.286	40.7556	0.160868	0.410520
265.9	41.4409	0.194738	0.310385
646.93	45.9458	0.180251	0.241873
531.211	43.9588	0.161411	0.253965
605.261	44.076	0.172583	0.283739
584.562	38.8789	0.155652	0.233960
679.929	52.4789	0.174385	0.346270
361.21	37.7941	0.176232	0.310929
317.053	54.373	0.138661	0.640931
594.995	38.1946	0.158656	0.267494
430.821	50.9359	0.140471	0.490759
628.387	51.0871	0.217013	0.268708
460.527	44.7918	0.170301	0.307256
755.086	53.7865	0.138869	0.398912
485.027	44.2587	0.167079	0.329274
302.578	49.0226	0.22111	0.349654
675.352	46.095	0.131231	0.361498
359.127	38.2625	0.193945	0.298845
622.156	39.4726	0.154393	0.276919
377.944	43.3698	0.136248	0.409019
568.1	42.8659	0.141792	0.308005
531.491	56.135	0.157913	0.464354
618.384	43.2502	0.223287	0.185553
636.403	58.3599	0.132609	0.615743
448.929	39.5498	0.131268	0.384218
245.994	50.4909	0.127678	0.896607
269.56	37.5026	0.159651	0.297697
637.108	42.3431	0.174548	0.219990
761.009	60.321	0.207228	0.368782
169.83	39.094	0.182562	0.416993
899.825	56.5502	0.152922	0.396516
634.739	50.937	0.179484	0.374102
582.494	39.1373	0.169168	0.244395
219.565	43.5817	0.175684	0.473027
422.255	38.4803	0.178841	0.290343
685.263	48.2938	0.141085	0.376866
449.367	44.5318	0.136392	0.402691
414.716	52.0807	0.19351	0.424537
660.839	41.9908	0.171657	0.228646
567.62	36.6602	0.16838	0.212067
613.117	43.3129	0.128947	0.314721
647.532	41.3982	0.206049	0.170220
469.67	37.4343	0.149321	0.328173
872.745	58.3552	0.170226	0.367354
608.923	50.8442	0.128493	0.467965
507.201	47.9157	0.129461	0.435738
262.884	43.7305	0.126888	0.556100
392.323	39.489	0.145478	0.391697
379.371	37.4794	0.133501	0.291807
465.838	42.933	0.194676	0.250098
671.077	42.3692	0.15061	0.317963
481.013	40.7891	0.162794	0.283947
211.936	47.3076	0.1286	0.832224
597.137	47.6981	0.130408	0.371372
790.661	49.6372	0.192461	0.215755
227.455	38.2693	0.145639	0.559708
313.006	46.9707	0.202724	0.359419
501.96	45.3138	0.249669	0.195787
202.131	43.5326	0.140513	0.618859
233.639	54.5744	0.176843	0.675424
729.788	51.1073	0.139154	0.425515
195.083	48.6637	0.204928	0.493198
475.26	47.371	0.184273	0.272821
363.304	60.1997	0.150446	0.751396
330.9	41.3629	0.22874	0.244181
507.393	40.7263	0.192623	0.242468
428.17	37.0857	0.20752	0.176623
257.203	45.7747	0.149789	0.556492
770.681	60.3287	0.133565	0.546071
354.692	50.0162	0.214426	0.353301
671.854	52.115	0.130891	0.397403
670.531	60.6674	0.14536	0.532935
305.609	40.4122	0.158709	0.415734
721.982	56.216	0.125907	0.642816
306.955	37.2139	0.185734	0.304812
271.338	41.2691	0.177133	0.342739
222.697	50.693	0.166934	0.612944
475.622	42.0067	0.143303	0.382698
568.051	50.2545	0.129146	0.494521
624.694	40.7806	0.208468	0.182576
366.403	42.3675	0.194787	0.265398
566.005	50.1064	0.172267	0.298463
562.365	46.5031	0.187854	0.264824
676.26	45.5166	0.155516	0.323503
177.674	44.374	0.18816	0.405812
489.812	42.688	0.13921	0.369251
207.763	44.3488	0.21123	0.371513
328.35	38.7803	0.161023	0.402907
290.215	36.6152	0.17498	0.266506
528.975	36.7879	0.161157	0.226368
357.007	43.8834	0.165096	0.339379
529.005	48.1538	0.246775	0.215839
473.411	52.3933	0.129171	0.649588
378.98	41.5235	0.219145	0.225717
461.635	49.8666	0.135389	0.510770
564.71	56.1014	0.229659	0.318583
344.378	37.9175	0.14731	0.329750
833.131	60.29	0.160205	0.468755
603.957	49.3023	0.228444	0.266037
731.274	50.1334	0.151321	0.408137
711.754	48.7452	0.158915	0.330271
552.013	42.8349	0.234031	0.189864
675.283	42.2169	0.149672	0.302175
312.754	43.418	0.20768	0.278575
393.757	42.8461	0.169397	0.322007
515.533	45.7215	0.133033	0.440878
737.305	55.0097	0.140665	0.436949
529.515	60.4411	0.143806	0.650238
380.016	47.3339	0.134044	0.570469
598.108	41.347	0.154337	0.308266
439.006	37.0598	0.211125	0.229850
234.931	51.7492	0.138413	0.642637
208.967	41.7143	0.147218	0.653376
310.038	39.4973	0.155999	0.312005
520.217	51.4389	0.188179	0.326188
449.278	58.1285	0.229604	0.338201
601.263	44.2474	0.218862	0.214787
697.895	47.1186	0.17148	0.322071
568.546	53.7591	0.169469	0.397890
567.157	53.2143	0.160759	0.477273
334.758	46.3068	0.1449	0.494267
715.719	46.0655	0.131521	0.439594
376.949	43.8378	0.223578	0.233274
256.954	46.4174	0.215969	0.352504
268.693	52.7725	0.139686	0.611604
729.016	55.7661	0.140766	0.516093
184.801	37.2817	0.212056	0.316881
298.295	50.3883	0.212908	0.337128
555.532	38.496	0.126121	0.284200
637.422	43.6811	0.243252	0.214967
249.244	43.8446	0.182645	0.365711
491.179	45.2642	0.242648	0.221901
703.148	54.3053	0.136802	0.492062
386.384	41.4209	0.214966	0.257335
378.958	45.9254	0.12975	0.480356
352.115	49.8669	0.130904	0.641051
210.924	45.6215	0.154527	0.497050
599.803	38.6422	0.178675	0.227078
436.171	37.5108	0.229751	0.172717
319.067	50.3795	0.147037	0.531837
326.339	36.9604	0.177728	0.275059
186.476	40.069	0.174603	0.400705
212.775	48.2795	0.137099	0.891225
224.275	40.9449	0.131491	0.561391
731.848	51.1297	0.186961	0.299941
387.103	45.2998	0.145841	0.411794
337.293	42.5076	0.164719	0.433867
449.988	53.5021	0.180895	0.392453
775.453	48.7803	0.173159	0.248884
391.672	36.8329	0.135957	0.325105
454.897	40.0771	0.158291	0.317959
392.905	38.1584	0.138674	0.362240
594.119	45.7906	0.157429	0.464832
662.357	48.6197	0.143829	0.440849
437.517	43.5302	0.194934	0.372446
582.865	60.2931	0.148808	0.692566
388.918	54.5888	0.137634	0.799074
708.28	60.3672	0.137033	0.531401
391.847	43.3771	0.152213	0.407722
322.926	59.6025	0.175603	0.580033
481.833	50.4035	0.201179	0.307307
566.519	37.0679	0.236743	0.142159
608.688	54.9126	0.14057	0.521619
371.409	47.2066	0.222488	0.272399
610.564	52.0989	0.211695	0.304216
803.113	60.0796	0.246288	0.287394
674.718	49.0434	0.144696	0.380117
284.896	56.1174	0.126759	1.012721
555.263	48.2179	0.189836	0.298101
450.952	40.3091	0.142664	0.318006
788.719	50.2595	0.164982	0.290921
559.518	43.3812	0.240568	0.218246
464.044	36.8694	0.172763	0.202749
734.824	49.4373	0.173955	0.300306
306.721	41.1645	0.184296	0.303214
425.417	37.4348	0.149979	0.273282
654.461	41.3894	0.180414	0.206841
606.775	42.1181	0.130296	0.346862
589.389	43.1132	0.174446	0.260953
633.907	41.9012	0.125877	0.346495
608.552	40.3836	0.12538	0.394598
470.498	42.9682	0.144353	0.409073
245.227	51.8735	0.127244	1.088071
291.134	39.178	0.137075	0.402785
457.029	46.5805	0.177458	0.293779
293.355	50.0382	0.135698	0.671365
516.626	48.8176	0.196029	0.279005
606.444	59.6713	0.189329	0.335018
572.013	58.3273	0.248093	0.321988
483.79	48.8769	0.125475	0.579826
771.997	55.9941	0.180588	0.372483
694.232	54.6448	0.194745	0.327462
500.497	38.8255	0.128387	0.366184
163.958	36.9442	0.129113	0.464021
223.349	40.8516	0.195856	0.356337
852.682	55.55	0.151279	0.372577
566.941	50.605	0.175213	0.348186
418.631	48.0409	0.169317	0.361583
858.97	57.068	0.155177	0.343241
601.968	56.0137	0.188115	0.368029
413.259	43.9497	0.159786	0.311372
568.937	54.3262	0.196041	0.378352
219.432	43.6725	0.22817	0.386160
733.77	48.5062	0.241761	0.196760
567.506	48.2817	0.158409	0.329097
355.364	42.3273	0.232958	0.239046
246.574	52.2002	0.228127	0.526064
615.158	53.2426	0.177799	0.339605
664.617	48.787	0.142411	0.364466
228.267	43.5594	0.231357	0.266589
661.966	44.9464	0.150914	0.313342
367.219	37.9733	0.209202	0.212174
454.107	41.3622	0.16739	0.311415
344.814	46.7559	0.129489	0.591618
364.049	53.9161	0.191914	0.503907
260.366	51.8941	0.156326	0.699501
296.382	47.9229	0.146256	0.625490
672.233	56.5201	0.205359	0.323899
446.245	45.6182	0.169141	0.378468
911.454	59.5779	0.224384	0.287963
334.095	59.5346	0.134409	0.928757
246.59	42.8417	0.131485	0.523101
800.319	59.7921	0.135129	0.602972
383.652	38.9727	0.182131	0.268310
410.377	60.8018	0.2322	0.425556
240.246	41.6022	0.195244	0.384930
484.289	56.6634	0.169327	0.473308
463.163	39.8082	0.16885	0.253057
250.657	39.1504	0.126854	0.564611
156.119	37.768	0.190425	0.339348
311.869	48.3819	0.136886	0.763980
948.557	60.6861	0.230816	0.266441
464.868	60.3561	0.126506	0.751538
575.118	44.7994	0.167697	0.304596
485.594	53.4851	0.129759	0.675558
689.429	53.9079	0.168905	0.408061
196.578	36.9101	0.210628	0.287543
239.717	47.9344	0.225461	0.348130
305.986	53.0556	0.152873	0.720303
677.42	47.8923	0.140873	0.335389
401.934	54.4764	0.218846	0.318623
503.345	39.6383	0.186803	0.262269
208.995	50.8154	0.197077	0.646954
681.401	60.5066	0.218084	0.341259
497.241	55.9952	0.233432	0.348941
439.329	38.4266	0.128289	0.309684
237.313	45.8854	0.161912	0.533498
485.362	56.1428	0.131804	0.601932
280.615	38.9038	0.15871	0.358548
534.307	39.5945	0.190181	0.187935
237.16	37.9066	0.166465	0.372059
818.607	55.655	0.142293	0.417761
336.436	41.8005	0.2108	0.312608
601.168	40.529	0.168008	0.255925
337.575	58.1865	0.12715	1.024058
687.76	50.4196	0.242744	0.212928
537.004	41.9013	0.128223	0.404339
636.986	46.9109	0.172002	0.274882
639.886	56.8478	0.161475	0.435504
201.758	40.5518	0.160424	0.382211
572.504	41.1027	0.14036	0.330399
507.192	41.3488	0.163091	0.281098
234.763	41.8711	0.146468	0.511522
390.391	52.2723	0.125431	0.948552
360.55	38.0843	0.199208	0.245099
233.551	49.9405	0.176449	0.537744
869.118	56.6484	0.189263	0.376864
333.587	45.064	0.131024	0.513807
602.852	40.0587	0.147763	0.265248
211.584	41.8091	0.137617	0.457219
668.144	44.3224	0.174385	0.242646
667.078	44.2337	0.168838	0.273972
368.101	58.2738	0.186565	0.538124
648.342	54.2823	0.178805	0.352261
610.813	43.3013	0.198221	0.254348
309.944	40.9583	0.136349	0.464906
304.984	44.8519	0.187931	0.356492
595.883	47.4107	0.21116	0.265735
264.089	40.7107	0.211393	0.278984
646.719	52.6782	0.18236	0.339773
443.539	39.3373	0.162744	0.260522
316.376	48.5492	0.163685	0.459634
349.248	41.0511	0.145335	0.519537
659.831	50.6422	0.146683	0.363466
361.931	38.2317	0.184976	0.263632
326.343	44.7466	0.136444	0.494813
581.814	36.5791	0.153262	0.228184
171.31	40.0844	0.172494	0.465448
562.104	36.6337	0.13023	0.339819
274.25	43.772	0.166148	0.449685
424.952	42.4139	0.240843	0.201299
760.895	52.2716	0.243984	0.227693
529.479	57.3885	0.214605	0.437530
478.929	41.5541	0.153103	0.319511
299.863	43.7713	0.136881	0.453794
357.521	44.5506	0.246012	0.268706
628.07	40.6857	0.146452	0.282469
401.143	53.1114	0.229083	0.358293
399.36	44.6959	0.162146	0.323489
367.569	38.9266	0.19462	0.237202
834.363	52.6223	0.125185	0.421242
594.131	46.2796	0.245979	0.210464
444.282	39.2935	0.202834	0.213547
663.088	44.2276	0.175948	0.246890
896.156	57.5204	0.128215	0.571731
742.286	56.2431	0.127692	0.554685
