0.633502	0.545525
0.612264	0.586711
0.805686	0.291148
1.506963	0.641961
0.585626	0.527255
0.793348	0.532040
0.579081	0.273023
0.597311	0.371734
0.878326	0.547686
0.634375	0.461725
0.625205	0.169018
0.841843	0.313204
0.919743	0.562107
0.991892	0.523835
0.792677	0.487419
0.910159	0.371003
1.068820	0.762241
1.119550	0.498336
0.911008	0.363723
1.037330	0.779523
0.691749	0.328634
1.318128	0.431062
0.599668	0.327920
0.496883	0.217959
1.187237	0.538746
0.716009	0.240217
0.621225	0.266389
0.824344	0.472389
0.873245	0.419653
0.929121	0.723035
0.724185	0.326917
0.921418	0.360541
0.799049	0.642842
0.955196	0.346869
1.095349	0.533722
0.622856	0.474333
1.032507	0.493480
0.772489	0.305731
0.659450	0.320658
0.490636	0.164932
0.924847	0.341347
0.722141	0.396533
1.291009	0.387827
1.088558	0.493365
0.656691	0.225596
0.630747	0.291958
0.978945	0.465138
0.721099	0.568479
0.619295	0.228956
0.721811	0.379241
0.667816	0.384383
1.118145	0.457435
0.575516	0.357880
1.059314	0.507184
0.769100	0.247637
0.731576	0.250481
0.495206	0.256933
0.774701	0.328337
1.056699	0.270112
0.704272	0.276528
1.179834	0.437712
0.615289	0.363380
1.112267	0.396421
0.684300	0.309726
0.814287	0.295561
0.939895	0.326220
0.681616	0.258032
0.676174	0.250972
0.551390	0.237193
0.732347	0.323367
0.739784	0.359971
0.973101	0.680236
1.198997	0.441205
0.665174	0.469759
0.716489	0.376615
0.801552	0.242977
1.148439	0.442652
0.844210	0.351261
0.776465	0.276481
0.550805	0.252755
1.281411	0.748709
0.862697	0.371737
0.755244	0.515706
0.700338	0.269321
0.878774	0.513063
0.593722	0.267497
0.550268	0.242449
1.240420	0.704189
0.676311	0.329860
0.513860	0.335055
0.939163	0.288295
0.586829	0.148855
0.800166	0.597711
0.733002	0.310482
0.613444	0.299380
1.144149	0.801816
0.762576	0.375356
0.671486	0.310183
0.673024	0.315026
0.583337	0.342119
0.915691	0.523071
0.647691	0.217273
0.730369	0.291810
0.755574	0.319628
0.678619	0.292391
0.891643	0.444427
0.952666	0.507029
0.741561	0.241198
0.528496	0.352318
0.728521	0.284037
0.806050	0.356788
0.741477	0.484929
0.913140	0.640056
0.696622	0.313596
0.683607	0.577756
0.736421	0.296749
1.092057	0.771987
0.801086	0.435509
0.752351	0.231379
0.724081	0.391613
0.870391	0.254226
1.235187	0.319463
0.690148	0.205390
0.748679	0.495455
1.255978	0.692566
1.079659	0.427980
0.528717	0.329538
0.796623	0.347062
0.715964	0.315325
0.742723	0.284137
0.573793	0.383663
0.704786	0.223940
0.492094	0.306046
0.811773	0.392685
0.747407	0.230872
0.810842	0.325459
0.593811	0.426214
0.704323	0.505486
0.589812	0.419334
0.605893	0.307823
0.966414	0.402430
0.776874	0.227957
0.891210	0.558120
0.488384	0.300796
0.744480	0.758473
0.761820	0.322950
1.334838	0.380321
0.646699	0.273032
0.707697	0.253177
0.621930	0.298846
0.920290	0.534599
0.977938	0.702442
0.694703	0.194232
0.728125	0.383724
0.542324	0.437490
0.709947	0.466903
0.649440	0.225713
0.735550	0.340442
1.080968	0.351758
0.813273	0.332557
0.754788	0.432000
0.667896	0.174028
1.400092	0.840230
0.782723	0.490567
0.633898	0.489335
0.705295	0.267916
0.999870	0.277605
0.749201	0.433518
0.681039	0.368648
0.882236	0.269214
0.819383	0.371516
1.265431	0.768417
1.025288	0.356212
0.586964	0.201313
0.859023	0.332955
0.852191	0.246890
0.588959	0.237763
0.967584	0.333182
0.475295	0.238533
0.890576	0.335391
0.966991	0.757032
0.981527	0.440291
0.664298	0.249397
0.877896	0.478910
0.699949	0.271118
0.577701	0.208796
0.681480	0.321946
0.713580	0.271157
0.712116	0.466900
0.780534	0.281621
0.858811	0.214772
0.879950	0.302823
0.628148	0.533430
0.758407	0.271864
1.180928	0.534262
0.556409	0.292256
0.820350	0.317289
0.771718	0.266681
0.832676	0.468999
0.750320	0.435168
0.597623	0.368733
1.333966	0.582081
0.621791	0.206524
0.817863	0.480926
0.716170	0.327014
0.862765	0.408295
0.709522	0.368624
0.687779	0.259327
0.743930	0.413094
1.134833	0.465739
0.682024	0.471016
0.569283	0.227906
0.598916	0.205251
1.100734	0.461997
0.563835	0.271036
0.488397	0.235093
0.530102	0.256829
0.950232	0.387735
0.615078	0.376193
0.706368	0.503326
0.721585	0.447564
0.735889	0.580048
0.915853	0.519454
0.612472	0.304413
1.102548	0.483416
0.922200	0.518633
0.550168	0.207574
0.454648	0.283749
1.104100	0.342452
0.670391	0.186857
0.717523	0.434451
0.693774	0.532630
0.935828	0.221615
0.451985	0.246057
0.754497	0.287789
0.534299	0.217136
0.487667	0.303057
0.639292	0.283157
0.929438	0.381606
0.587253	0.236114
0.616752	0.262173
0.682242	0.274379
1.113079	0.451997
0.970534	0.407317
0.883489	0.631943
0.766352	0.390936
1.365124	0.477862
0.788686	0.378442
0.966731	0.362327
1.281904	0.769116
0.895783	0.533359
0.762513	0.347985
0.826966	0.353426
0.488944	0.234816
0.786496	0.311313
0.995639	0.570930
0.684559	0.627673
0.852479	0.248968
0.731921	0.243359
0.699988	0.513601
1.038131	0.301251
0.859327	0.344669
0.791429	0.350198
0.743313	0.324380
1.241934	0.420392
0.581975	0.312789
1.015131	0.260635
1.227053	0.402846
0.713851	0.278567
1.141001	0.251635
1.044310	0.571485
0.745814	0.351151
0.815958	0.373454
0.615919	0.220568
0.788629	0.265827
0.672175	0.371953
1.474037	0.469530
0.776494	0.311413
0.776766	0.398842
1.027992	0.432455
0.726525	0.222620
0.669683	0.257525
0.768978	0.523260
1.103485	0.533167
0.887235	0.425241
0.912376	0.285209
0.583672	0.236790
1.510781	0.540395
0.674204	0.277129
0.677919	0.316111
0.847415	0.496681
0.911335	0.499730
0.696181	0.292184
1.122857	0.483214
0.788530	0.613123
0.635227	0.236932
0.921942	0.665827
0.761975	0.298814
0.719058	0.289708
1.209493	0.506332
1.098610	0.643500
0.712714	0.325423
0.956518	0.543594
0.612417	0.376622
1.361586	0.618206
0.901050	0.329917
0.981785	0.445000
0.934776	0.305624
0.846202	0.321581
0.830024	0.382557
0.684765	0.210178
1.246461	0.672799
1.255789	0.494485
0.613163	0.273856
0.910034	0.426610
0.662460	0.253813
0.897152	0.580586
0.829476	0.718407
0.745697	0.440679
0.636412	0.435289
0.573576	0.219581
0.797637	0.362308
0.905695	0.271143
0.510622	0.282565
0.705872	0.331362
0.696522	0.247572
0.522814	0.209701
0.738015	0.426222
1.011814	0.397439
1.390869	0.564198
0.796882	0.303607
0.855258	0.301670
0.671900	0.352526
0.742732	0.261436
1.066437	0.782476
1.067754	0.756664
0.494019	0.214743
1.299141	0.636565
0.773105	0.483115
0.736561	0.259934
0.656990	0.307846
0.695876	0.253872
1.004502	0.389988
0.687579	0.318487
0.726580	0.227768
0.558052	0.206160
0.792552	0.258091
1.175925	0.448132
0.765291	0.366060
0.861304	0.348138
1.055038	0.254549
0.729143	0.329573
0.491765	0.232540
0.641494	0.323628
1.094350	0.336206
0.850456	0.414855
0.726631	0.534704
1.325278	0.772878
0.903771	0.365337
0.758672	0.325882
1.110035	0.523290
1.094532	0.368588
0.604729	0.227607
1.056961	0.322592
0.757754	0.448376
0.754536	0.226596
1.258308	0.459591
0.561310	0.218242
0.635409	0.363925
0.743218	0.256037
0.661421	0.242326
0.946256	0.467892
0.673801	0.309764
0.864558	0.360938
0.798913	0.405878
0.660387	0.179042
1.081665	0.365876
0.945972	0.494944
0.769606	0.325161
0.640202	0.443812
0.713759	0.391476
0.434576	0.221130
1.129793	0.470714
0.711240	0.693294
1.066918	0.552184
0.662577	0.522119
0.492168	0.248993
1.231180	0.354611
1.211916	0.619181
0.751165	0.300455
1.131570	0.608340
1.238869	0.420228
0.584693	0.167205
0.906577	0.276028
0.812539	0.579473
0.867030	0.536232
0.713619	0.330346
0.806893	0.377778
0.785432	0.567974
0.977681	0.340411
0.507176	0.295084
1.025612	0.484357
0.709081	0.250360
0.945251	0.524248
1.219043	0.576952
0.652147	0.350612
1.218766	0.353747
0.809817	0.279384
1.009392	0.676067
0.654188	0.376287
0.786287	0.310645
0.583807	0.193105
0.624163	0.419176
1.329783	0.711166
0.660041	0.258834
0.560212	0.150722
0.658622	0.255423
0.945679	0.671269
1.305809	0.653648
0.860723	0.366385
0.831496	0.263517
1.206448	0.339888
0.740982	0.263214
0.880082	0.316209
0.489828	0.210862
0.763138	0.407297
0.904967	0.355934
0.614432	0.252358
1.261501	0.586607
0.655303	0.263782
1.232259	0.752589
0.874805	0.370329
0.555251	0.452730
0.866543	0.382686
1.221876	0.440490
0.629239	0.203585
0.906292	0.511264
0.766060	0.246302
0.842545	0.292898
0.779142	0.405243
0.505771	0.197756
0.708477	0.236927
0.983177	0.380039
0.927243	0.300078
1.209658	0.498321
0.595676	0.211953
1.029825	0.435572
1.148151	0.398407
0.622855	0.180179
0.564253	0.208229
0.967979	0.289199
0.602648	0.393191
0.931846	0.289442
0.818919	0.452603
0.878417	0.332768
0.515011	0.321560
0.855566	0.521099
0.589186	0.318412
0.738959	0.400960
0.959931	0.681442
0.851834	0.416986
0.930614	0.294740
0.764366	0.668822
0.602106	0.485182
0.835563	0.350634
0.996449	0.485589
0.746565	0.348063
1.032489	0.741092
0.586620	0.198695
0.915543	0.450385
1.444189	0.434949
0.790771	0.265448
0.662142	0.206432
0.723264	0.423001
0.808233	0.318054
0.803176	0.421384
1.300420	0.414878
0.759573	0.334794
0.823416	0.530280
1.095648	0.404228
0.538343	0.141165
1.118029	0.686849
1.208443	0.405935
1.012519	0.960983
0.984196	0.569947
0.923006	0.471045
0.782008	0.549232
0.575679	0.292453
0.857119	0.631458
0.634013	0.357060
0.587878	0.184577
0.520728	0.295121
0.743880	0.397568
0.707727	0.331947
1.159959	0.336318
1.012398	0.587464
0.846648	0.337717
0.660141	0.398094
1.412629	0.584567
0.958529	0.480952
0.652470	0.224980
0.573755	0.310032
0.675228	0.267580
0.615166	0.311621
0.651799	0.238599
0.586498	0.163787
0.547531	0.196468
0.822503	0.286962
0.730289	0.233097
0.587068	0.265296
0.745602	0.209001
0.622904	0.257026
1.256009	0.476067
0.782951	0.266786
0.722106	0.275258
0.787940	0.337091
0.960571	0.271151
0.860504	0.386942
0.606317	0.394236
0.903415	0.275564
0.747580	0.233945
1.004699	0.383071
0.594823	0.215416
0.896298	0.367677
0.731157	0.480816
1.200238	0.674325
0.763584	0.643487
0.795960	0.528772
1.174873	0.801469
1.041803	0.333691
1.122373	0.448549
0.597038	0.275106
0.786156	0.282937
0.705452	0.264695
0.897006	0.306179
0.849389	0.248014
0.564616	0.163668
0.732465	0.263453
0.625098	0.268681
0.564548	0.339096
0.948280	0.261899
1.037019	0.306439
0.676397	0.281308
0.834444	0.451068
0.589460	0.159560
0.750246	0.242512
1.028400	0.545753
0.813302	0.249585
0.561276	0.289129
0.857541	0.322892
0.708710	0.256144
0.464604	0.286394
0.985925	0.361378
0.587519	0.219451
0.630847	0.338330
0.590610	0.202945
0.902302	0.267337
0.857592	0.284271
0.606887	0.307152
0.829016	0.418095
0.775015	0.467948
0.544352	0.296262
0.847571	0.420148
1.273664	0.422635
1.145006	0.475331
0.645460	0.499916
0.615027	0.544802
0.683054	0.342407
0.584551	0.244484
0.632645	0.364241
0.576163	0.371622
0.700596	0.181744
0.529067	0.340570
0.880671	0.522699
0.697647	0.529242
0.849680	0.387874
0.745556	0.210310
0.938867	0.381502
0.537117	0.208337
0.706095	0.274191
1.123868	0.830275
0.798869	0.229486
0.761282	0.339190
1.066188	0.493428
0.646161	0.390340
0.615292	0.202433
1.046697	0.499413
0.619519	0.278283
1.236778	0.857530
0.588718	0.460877
0.802559	0.263488
0.569963	0.431391
1.151846	0.380337
0.605417	0.329084
0.645352	0.231367
0.596990	0.221489
0.886907	0.319039
0.648242	0.287158
1.095912	0.290026
0.684899	0.287781
0.917508	0.367325
0.762989	0.420487
0.678073	0.389758
0.614356	0.245507
0.594024	0.391137
0.797471	0.260601
0.668386	0.234015
1.211038	0.375877
0.944842	0.631009
0.625901	0.272234
0.452368	0.274812
0.974891	0.454653
0.873771	0.358040
0.851959	0.379962
1.018072	0.242420
1.260266	0.493308
0.685864	0.516461
0.598363	0.164471
0.740427	0.307706
0.662949	0.297631
0.579302	0.205627
0.590745	0.424400
0.537460	0.177873
0.763450	0.492270
0.678774	0.388854
1.153441	0.375041
0.722566	0.247133
0.565745	0.171342
0.717504	0.432388
0.685760	0.355541
1.162020	0.570956
0.559397	0.305516
0.838854	0.329481
0.671699	0.465885
0.678305	0.225196
0.572936	0.429791
0.571206	0.299780
0.807692	0.306551
0.715285	0.280046
0.914678	0.387304
0.651922	0.430290
0.794683	0.275620
1.520151	0.463691
0.675005	0.215381
0.453880	0.246423
1.042574	0.639354
0.647697	0.273396
0.757507	0.285890
1.065715	0.581875
0.767354	0.371742
1.009200	0.536604
0.913478	0.405655
0.592670	0.238932
0.526787	0.286648
0.486479	0.207394
0.582382	0.447968
1.080582	0.412215
0.676741	0.231942
0.689562	0.435157
0.659678	0.281116
0.650880	0.597056
0.583781	0.318810
0.682064	0.395789
1.038079	0.639439
0.793377	0.553253
0.815241	0.501580
0.941621	0.364531
0.984210	0.493682
0.847506	0.379019
0.924105	0.502683
0.726274	0.290389
1.012495	0.494027
0.829975	0.362208
1.314485	0.592020
0.751978	0.312264
1.163397	0.538405
0.944379	0.449187
1.248337	0.433241
0.658422	0.508500
0.643326	0.229471
1.005916	0.728586
1.075751	0.435466
0.548435	0.165189
0.485887	0.345524
0.780375	0.312970
1.313402	0.759910
0.952941	0.614812
0.627825	0.202016
0.641324	0.317537
0.739701	0.292559
0.911558	0.648580
0.525016	0.260234
0.566039	0.344945
0.567577	0.276753
0.682958	0.594928
0.697239	0.421242
1.087821	0.405741
1.221695	0.362124
0.693493	0.339259
1.292422	1.055804
0.768642	0.383276
1.050454	1.030404
1.162027	0.561686
1.011839	0.579313
0.819429	0.223907
0.761553	0.417214
1.128230	0.435926
0.717968	0.375032
1.103622	0.310140
0.474875	0.298111
1.188390	0.461170
1.314115	0.431699
0.549502	0.256275
0.851224	0.342796
0.464556	0.231247
0.812896	0.295745
1.025342	0.430387
0.959328	0.316127
0.913290	0.336839
0.852089	0.376262
0.502074	0.248557
1.143809	0.277026
0.625662	0.450844
0.560802	0.287481
0.623727	0.452045
0.523125	0.284952
0.858095	0.332264
0.749649	0.372572
0.701880	0.208351
1.313688	0.916680
0.651160	0.298464
1.081211	0.759657
0.644210	0.247469
0.632707	0.274555
0.568622	0.194831
1.004313	0.387850
0.758120	0.537243
0.896232	0.280361
0.714342	0.222344
0.894561	0.233478
0.566332	0.365506
1.308095	0.412546
0.755255	0.288279
0.620508	0.353638
0.850797	0.457498
0.585722	0.198554
0.650916	0.508080
0.602235	0.173573
0.574248	0.360176
1.196653	0.457371
0.630397	0.336945
0.908039	0.590909
1.012230	0.386820
1.147950	0.337569
0.822402	0.744464
0.582003	0.205457
1.556067	0.696752
0.769609	0.269843
0.815164	0.434232
0.534901	0.160674
0.976142	0.413496
0.675277	0.229206
0.749220	0.504948
0.826210	0.367990
0.550404	0.320895
0.750083	0.218295
0.795702	0.282848
0.927284	0.506948
0.735874	0.291641
0.686070	0.333555
0.863458	0.415263
1.007594	0.286203
0.577899	0.205719
1.219226	0.822872
0.769989	0.271696
0.681873	0.443313
0.647926	0.383248
0.682257	0.421893
1.047051	0.555039
1.032302	0.486235
0.716214	0.237927
1.082910	0.871226
0.591232	0.195877
0.827782	0.392026
0.642487	0.334011
0.839937	0.267867
0.954139	0.490949
0.793198	0.489758
1.070070	0.660589
0.611509	0.173661
0.844981	0.247812
0.659170	0.267303
0.747521	0.649721
1.115598	0.572649
0.961009	0.362806
0.838634	0.399862
0.530134	0.299806
0.648532	0.222777
0.692203	0.327404
0.520130	0.226965
0.688088	0.290981
0.621916	0.200816
1.056051	0.539256
0.846747	0.305611
1.060132	0.426683
0.625432	0.206935
0.938183	0.372748
1.162591	0.608248
0.729567	0.521150
0.843019	0.272217
1.247883	0.645595
0.569713	0.295098
0.825184	0.400139
0.620152	0.350160
0.904386	0.399345
1.061968	0.465525
0.533246	0.223827
0.744864	0.193338
0.764157	0.221689
1.237509	0.499624
1.006952	0.760778
0.763225	0.347441
0.468103	0.281379
1.031087	0.456578
1.061108	0.868576
0.954185	0.283978
0.758557	0.276444
0.784014	0.468258
0.704225	0.438834
0.879360	0.362439
0.633727	0.250267
0.840663	0.417404
0.895376	0.249748
0.692198	0.466179
0.878062	0.235540
0.860737	0.775705
1.200405	0.380046
1.037733	0.370166
0.901573	0.645085
0.953778	0.474645
1.064417	0.810248
0.672312	0.328345
0.733774	0.227121
1.124114	0.482654
0.609430	0.263343
0.605310	0.231354
0.949290	0.698117
0.688252	0.456033
1.017450	0.454624
0.708064	0.188419
0.672828	0.628879
0.680233	0.397361
0.583713	0.347031
0.783541	0.300110
0.904745	0.331690
1.231550	0.383898
1.103884	0.386604
0.703683	0.221098
1.086003	0.473278
1.184966	0.429085
0.743617	0.276422
0.734430	0.349146
0.483807	0.287754
0.845842	0.458699
0.784571	0.243792
0.604817	0.278114
0.830435	0.477147
0.583685	0.234634
0.823353	0.455333
0.734975	0.433849
0.726260	0.201637
0.854053	0.553824
0.809610	0.284475
0.521682	0.213616
0.879537	0.447244
0.624159	0.179303
0.989467	0.456026
0.960704	0.397799
0.591982	0.452239
1.062415	0.463866
0.459949	0.212274
0.609085	0.145543
0.713976	0.291597
0.632035	0.324271
0.714710	0.334110
1.242830	0.541553
1.291407	0.651502
0.753689	0.253674
0.695976	0.470284
0.853297	0.590380
0.679100	0.200240
0.698589	0.420856
0.673732	0.296414
0.825845	0.429042
1.199528	0.715269
0.663157	0.444625
0.686460	0.588180
0.705508	0.248667
0.525703	0.218258
0.728461	0.343025
0.613322	0.360114
0.755144	0.445995
0.645501	0.669786
0.811971	0.468847
0.592940	0.161549
0.862497	0.419132
1.089955	0.658665
0.645749	0.311896
0.955171	0.320547
0.599905	0.291810
0.797179	0.478890
1.059106	0.555752
0.835709	0.289375
0.969443	0.225308
0.488093	0.222138
0.680482	0.508933
1.178650	0.314728
1.138045	0.435362
0.669240	0.384820
0.910306	0.311349
0.687880	0.189250
0.658476	0.310458
0.589589	0.360066
0.850477	0.319592
0.600793	0.312862
1.104398	0.934211
0.723307	0.491405
0.822208	0.323167
0.726012	0.319154
0.717638	0.256098
1.019707	0.462968
1.242568	0.597495
0.626794	0.286534
1.219519	0.626211
0.510317	0.165310
0.940013	0.353751
0.649992	0.318640
0.596510	0.372658
0.964296	0.394536
0.583327	0.253956
0.873356	0.329090
1.020165	0.364339
0.620014	0.335045
0.653721	0.396665
0.994757	0.494379
0.670103	0.460337
0.815974	0.365961
0.649983	0.344580
0.621491	0.364527
0.601592	0.206900
1.190650	0.390858
0.819775	0.440850
0.727414	0.383979
1.085809	0.558635
0.651273	0.262269
0.832705	0.334940
0.789893	0.306743
1.129076	0.651852
0.930963	0.304186
0.621078	0.192759
0.665839	0.257033
0.707627	0.403684
1.020150	0.683004
1.047843	0.440484
1.080614	0.273450
1.365493	0.600377
0.834318	0.391737
0.678130	0.266783
0.603415	0.215949
0.784357	0.250400
1.073002	0.628902
0.639256	0.254215
0.746480	0.420434
1.231577	0.701051
1.308521	0.572682
0.778091	0.605367
0.916100	0.314670
0.865525	0.276381
1.046298	0.530798
0.767245	0.330754
0.691101	0.263365
1.550425	0.533451
0.665484	0.249514
1.148604	0.522590
0.748477	0.463877
0.905526	0.407618
0.546799	0.238039
0.734798	0.391905
0.919539	0.491576
0.583434	0.271594
0.866338	0.341474
0.606840	0.362200
0.646901	0.281059
1.132966	0.317991
0.735776	0.553005
0.900940	0.802690
0.554311	0.369120
0.821452	0.352843
0.567912	0.207127
0.797129	0.354096
0.579291	0.140027
1.193577	0.449445
0.904213	0.682805
0.734213	0.201121
0.791180	0.213142
0.654608	0.352049
1.112198	0.519083
0.646703	0.179386
0.712638	0.278937
1.411045	0.957185
0.583354	0.435689
1.035492	0.318856
0.727288	0.370812
0.753502	0.285305
0.736207	0.305563
0.677727	0.260550
0.521585	0.268898
0.497704	0.192143
0.782407	0.401034
0.543232	0.246462
1.006292	0.475789
0.627945	0.245737
0.659751	0.299419
0.616422	0.411632
1.097979	0.823901
0.612093	0.201364
0.913666	0.337955
1.310388	0.713657
0.541219	0.262823
0.666065	0.207460
0.651660	0.230271
0.571964	0.211732
0.996209	0.339944
1.336484	0.619545
0.795297	0.301923
0.856524	0.438336
1.232383	0.590996
0.555118	0.232411
0.902160	0.267452
0.856066	0.376552
0.664613	0.475333
1.028555	0.313215
0.732767	0.551314
0.619864	0.175679
0.512752	0.260408
0.659670	0.677126
1.344826	0.439198
0.790948	0.387596
0.824132	0.310082
0.648582	0.269914
1.087312	0.676603
0.897573	0.572973
0.565600	0.218373
0.809996	0.236330
0.548118	0.395940
0.667545	0.329128
0.893944	0.325430
0.692267	0.261503
0.685997	0.309057
1.268252	0.604580
1.098014	0.690431
0.690352	0.399567
0.910796	0.542407
0.696034	0.203199
0.856040	0.379038
0.951198	0.492405
1.290269	0.558365
0.714304	0.570711
0.755650	0.573029
0.862150	0.313969
0.558377	0.251729
1.313391	0.547260
0.556651	0.288841
0.781400	0.400538
0.752762	0.397360
0.832192	0.436743
1.373178	0.760625
0.816394	0.282543
1.157377	0.386550
0.656663	0.491712
1.133598	0.832039
0.695933	0.370401
0.694441	0.288384
0.644911	0.384564
0.897235	0.370679
1.171106	0.730747
0.903690	0.460215
0.664109	0.279555
1.188215	0.921515
0.632002	0.216928
1.216998	0.424605
1.108302	0.609904
1.050389	0.345923
1.096024	0.521924
0.604749	0.310753
0.569039	0.180705
0.563568	0.316905
0.755489	0.247289
0.754470	0.290412
0.560540	0.290708
1.024783	0.359315
0.644255	0.327357
1.036021	0.480579
0.530938	0.329158
0.677749	0.316387
1.051962	0.349579
0.605385	0.504195
0.692957	0.407731
0.724334	0.271868
1.261528	0.460150
0.643302	0.220884
0.797574	0.256397
1.180732	0.302787
0.795952	0.382257
1.260841	0.499664
0.580481	0.302618
1.124218	0.466196
1.209195	0.432899
0.774831	0.297614
0.635887	0.582755
1.342268	0.429899
0.987269	0.315316
0.814155	0.354430
0.613003	0.156774
0.711753	0.405814
0.836212	0.319875
0.730169	0.237302
0.538831	0.216264
1.306454	0.504167
0.955761	0.372639
0.989593	0.506334
1.225876	0.365307
0.682012	0.249694
0.646073	0.203041
0.608833	0.437477
0.792843	0.421505
0.776191	0.580653
1.318885	0.531912
0.626026	0.247518
0.681064	0.226320
0.767879	0.461224
1.106725	0.761018
1.145791	0.532855
1.230792	0.481352
0.565704	0.247482
0.608160	0.176293
0.723926	0.433094
0.824493	0.663363
1.050852	0.356563
0.861341	0.530509
0.647468	0.448841
0.599727	0.331770
0.629052	0.363365
0.556292	0.271498
0.781588	0.327798
1.345015	0.728991
0.679611	0.234348
0.725100	0.287832
0.960682	0.539958
0.981768	0.333456
0.807095	0.296628
1.023810	0.450320
0.667194	0.283410
0.648888	0.345004
0.859194	0.475199
0.602862	0.280493
0.734758	0.582184
0.723269	0.353974
1.053844	0.583629
0.551012	0.295620
0.679596	0.303701
0.810043	0.732245
0.614903	0.435556
0.603167	0.189974
1.003563	0.650406
0.758006	0.286795
0.585128	0.420913
0.874326	0.445259
0.553608	0.399506
1.031360	0.481433
0.669350	0.465602
0.669985	0.219419
1.001774	0.636011
0.748247	0.496332
0.716148	0.176720
1.097558	0.907553
0.962653	0.518493
1.258528	0.320379
0.809643	0.683775
0.853383	0.365946
1.350545	0.406054
1.023850	0.500077
0.858080	0.459926
1.304907	0.832113
1.339929	0.588228
1.083252	0.672588
0.915637	0.438348
1.053670	0.556203
0.721907	0.555018
0.764109	0.235678
0.819201	0.436192
0.857524	0.520341
0.910370	0.490484
1.054049	0.512680
0.933256	0.511198
0.869677	0.441508
0.635228	0.435634
0.936948	0.613162
0.602477	0.248269
0.741625	0.405003
1.173427	0.885788
0.825946	0.278037
0.871897	0.352648
0.680437	0.534863
0.734879	0.235966
0.551571	0.278547
0.634199	0.248148
0.646590	0.251201
0.710045	0.368838
1.015304	0.727119
0.588793	0.281376
0.493181	0.191681
0.692669	0.382681
1.383331	0.663881
1.251639	0.454279
1.063123	0.547474
0.939652	0.417448
1.106101	0.788064
0.614732	0.321653
0.794725	0.487648
1.022542	0.401294
0.627223	0.209956
0.856799	0.732096
0.561837	0.490706
1.122596	0.511299
1.179045	0.592077
0.714456	0.331062
1.303687	1.161147
0.631337	0.335233
0.785706	0.308237
0.966437	0.411887
0.603816	0.291097
0.683181	0.278862
0.626516	0.340960
0.861802	0.390354
0.598741	0.314772
0.711139	0.271878
0.848026	0.354968
0.628293	0.369281
0.696475	0.406508
0.672117	0.503024
1.161877	0.448172
1.172040	0.677512
0.686737	0.412819
0.629580	0.352524
0.702855	0.265286
0.760855	0.382053
0.731126	0.373025
0.962442	0.290825
0.745975	0.438673
0.647660	0.301201
1.250845	0.562841
0.752865	0.286435
0.789650	0.522531
0.605942	0.376364
1.137253	0.340585
0.780967	0.357520
0.671277	0.395941
0.702010	0.333661
0.780834	0.213759
0.937130	0.330608
0.599521	0.296433
0.882393	0.393205
1.322951	0.706002
0.972420	0.487701
1.164876	0.585004
1.075894	0.407920
0.571356	0.418642
0.714640	0.245179
0.585391	0.324549
0.663478	0.291929
0.608161	0.188956
0.959415	0.242223
1.298488	1.130654
0.845754	0.382293
0.721975	0.544209
0.923525	0.360466
0.883963	0.328996
1.112597	0.423385
0.966083	0.358061
1.030865	0.508503
0.587347	0.407685
0.734011	0.286479
0.625541	0.256560
0.757982	0.221721
0.608584	0.412963
0.637848	0.490980
0.975224	0.397539
0.789184	0.458749
0.952090	0.596781
0.695035	0.238484
0.978290	0.435638
0.886522	0.440392
1.063379	0.460219
0.660245	0.262705
0.642270	0.548619
0.832181	0.240614
0.918181	0.389034
0.796166	0.477710
1.026160	0.530093
0.632147	0.331399
1.405658	0.604514
0.610041	0.300442
0.626779	0.366458
1.057666	0.587888
0.660247	0.256461
0.946227	0.526760
0.799329	0.389146
0.766293	0.678614
0.593041	0.369153
0.883401	0.699093
0.739721	0.253159
0.846717	0.317024
0.497939	0.187270
0.848157	0.407959
0.712065	0.544361
0.793503	0.389810
1.028917	0.405828
0.742358	0.387844
0.651774	0.214786
0.889707	0.523882
0.506825	0.217349
0.706179	0.307636
0.688012	0.219400
0.685116	0.389477
0.766851	0.378940
0.890088	0.327009
0.463546	0.223622
0.682394	0.315608
0.955583	0.599699
0.551395	0.293913
0.701036	0.394257
1.258634	0.588134
0.842369	0.314286
0.673628	0.502903
0.863478	0.455781
0.613248	0.286746
0.517574	0.279162
0.777733	0.430309
0.639725	0.333125
0.567429	0.397447
1.030072	0.586641
0.785073	0.321214
1.060437	0.813297
0.526120	0.199570
0.973523	0.478988
1.061923	0.304814
0.521603	0.311626
0.448120	0.247460
0.640773	0.260918
0.557257	0.173131
0.798454	0.390958
0.746256	0.455065
0.817051	0.376969
1.012310	0.444611
0.955075	0.236067
0.599095	0.347960
0.536622	0.180859
0.578731	0.147285
0.662398	0.313302
0.650480	0.217267
0.693119	0.296113
1.066896	0.335758
1.179953	0.552736
0.575780	0.216854
0.607989	0.291252
0.955118	0.450810
0.983985	0.423424
1.079256	0.352023
0.848108	0.239216
0.739979	0.278780
0.799958	0.331529
0.641392	0.245021
1.089943	0.419588
0.672623	0.235605
1.114671	0.277163
0.595964	0.376743
0.692701	0.454205
0.757086	0.416485
0.649944	0.272105
0.682644	0.264135
0.619453	0.294386
0.749755	0.545429
0.589515	0.310778
0.726544	0.276270
0.597610	0.292077
0.618662	0.237175
0.889691	0.476012
0.908291	0.280336
0.895281	0.301406
1.008440	0.446781
1.001654	0.698658
0.730002	0.211305
0.757013	0.311068
0.635707	0.407500
0.663506	0.273994
1.434074	0.509191
0.873918	0.417429
0.672788	0.389526
0.868327	0.346571
0.747634	0.323178
0.989721	0.496783
0.628543	0.173713
0.726637	0.394270
0.869255	0.701833
0.932788	0.633036
1.057188	0.551910
0.654858	0.416392
1.120372	0.553991
0.658248	0.323611
0.648305	0.423352
0.656193	0.362385
1.375496	0.503678
0.918989	0.317884
0.748890	0.358984
0.637216	0.247135
0.787828	0.191017
1.094966	0.422900
0.789704	0.264134
0.928251	0.311768
1.224743	0.537400
0.961109	0.375907
1.012409	0.346309
0.751022	0.363938
0.520177	0.328396
1.199266	0.588916
1.073624	0.408247
0.578766	0.246869
0.583804	0.162021
1.215454	0.802355
0.986064	0.432972
1.177940	0.340273
0.611386	0.527311
0.909842	0.267786
0.878056	0.449935
0.641877	0.458009
0.538731	0.195591
1.076816	0.426850
1.086998	0.382458
0.459206	0.251776
0.542053	0.248590
0.969156	0.550212
1.166115	0.560396
0.831777	0.335309
0.591608	0.203289
0.995297	0.266625
0.661655	0.212626
0.719254	0.374833
0.927330	0.530885
0.575236	0.326356
0.487514	0.323652
0.792373	0.341411
0.887866	0.546592
0.652422	0.239344
1.100023	0.493565
0.632457	0.323429
0.798192	0.305911
0.551320	0.321290
0.715684	0.452795
0.765159	0.275377
0.822601	0.599900
0.957876	0.346771
0.649321	0.545171
0.967789	0.368841
0.625585	0.243686
0.590704	0.430483
1.228978	0.671891
0.571377	0.204122
0.672202	0.255951
0.658941	0.340394
0.600834	0.386817
0.563144	0.506190
0.845115	0.477349
1.337581	0.463686
0.824563	0.316460
1.076367	0.403774
1.403545	0.519954
0.884686	0.629116
0.715845	0.413374
0.734150	0.266185
0.565504	0.428826
0.613709	0.525699
1.042427	0.343931
0.687828	0.307274
0.721611	0.254202
0.577071	0.186013
0.927680	0.530787
0.898237	0.325624
0.618195	0.311587
0.759779	0.304782
0.577513	0.324281
0.634174	0.352907
1.537328	0.741012
0.916582	0.316133
0.946066	0.545858
1.278802	0.690667
0.561508	0.353579
0.762252	0.347981
0.494088	0.344553
0.579575	0.222067
0.802538	0.423673
0.844880	0.503358
0.531524	0.370008
0.743759	0.525074
0.716472	0.345221
0.761842	0.360338
0.758106	0.493654
0.895947	0.551605
0.647166	0.363929
0.676234	0.311935
0.662162	0.482413
0.833917	0.331238
0.580558	0.361988
0.582675	0.342112
0.726409	0.171913
0.860886	0.272571
0.793012	0.218352
1.310528	0.545372
0.775326	0.467877
0.719608	0.278558
0.676965	0.296488
0.743179	0.355132
1.049030	0.447835
0.759424	0.272135
1.013743	0.499091
0.582913	0.340541
1.215931	0.329159
0.573181	0.356780
1.061183	0.391135
1.002426	0.906925
1.055437	0.373682
0.524514	0.171348
0.665870	0.185591
0.773005	0.250406
0.708523	0.264000
0.686024	0.371179
0.793205	0.326635
1.302112	0.585083
0.559451	0.188722
1.062158	0.418765
0.606413	0.181963
0.568583	0.337607
0.614926	0.214772
0.905824	0.376000
0.599349	0.486809
0.846718	0.411057
0.686850	0.459126
0.725706	0.340966
0.570676	0.323347
0.851084	0.384868
0.786211	0.628137
0.801979	0.497656
0.629432	0.496462
0.874520	0.315026
0.906971	0.397976
1.280116	0.356563
0.776169	0.418927
0.690565	0.259440
1.041414	0.447039
0.627601	0.261130
0.574347	0.470541
0.795423	0.436226
0.932125	0.526976
0.623709	0.400220
0.522156	0.163608
0.698896	0.665983
1.501916	0.635568
0.572333	0.407292
1.205509	1.115976
0.535447	0.167430
0.659572	0.263535
0.543968	0.417982
0.525607	0.284745
0.719500	0.302163
0.641575	0.342157
0.914188	0.360773
0.914740	0.836400
1.002803	0.553429
0.875770	0.273106
0.506293	0.261022
0.483877	0.318849
0.741941	0.200543
1.281272	0.322615
0.497421	0.200265
0.758174	0.306023
0.592970	0.292661
0.938437	0.464244
0.642216	0.290593
0.554187	0.376090
0.821856	0.255158
0.658201	0.422710
0.755853	0.219787
0.982809	0.498058
0.525320	0.308333
1.189136	0.420108
0.886360	0.593610
0.744784	0.294161
0.526964	0.262896
0.784639	0.298084
0.782955	0.406035
1.174318	0.879696
0.869272	0.343359
0.845849	0.336111
0.550679	0.373819
1.205117	0.776734
0.778713	0.340159
0.834855	0.318674
0.935207	0.532059
0.785420	0.216461
0.694981	0.206757
0.535008	0.176482
0.536306	0.232748
0.651752	0.355709
0.852499	0.322478
0.849244	0.403470
0.896074	0.394437
0.708944	0.314675
0.789419	0.417917
0.632161	0.328090
0.639503	0.227166
0.659024	0.435016
0.567524	0.411920
1.027545	0.562042
0.645718	0.370036
0.775538	0.259925
0.593868	0.455064
0.636676	0.403689
0.960033	0.565503
0.775308	0.475656
0.729469	0.237190
1.126684	0.371703
0.816239	0.336231
0.624310	0.377804
0.668371	0.469960
0.728827	0.557725
1.042096	0.475292
1.275928	0.382996
1.110079	0.838972
0.691114	0.222729
0.657753	0.257229
0.568395	0.281257
0.988220	0.282169
0.914896	0.433450
1.014901	0.505021
0.512108	0.282201
0.861982	0.452178
0.585581	0.369423
0.656463	0.269939
0.601627	0.157432
0.809454	0.357588
0.760170	0.467985
0.568903	0.239412
0.602617	0.202059
0.691169	0.325848
0.763734	0.374236
0.555999	0.404916
0.921358	0.353891
0.640909	0.181948
0.746592	0.284088
0.737131	0.403566
0.781823	0.383283
0.843562	0.218728
0.856038	0.266939
0.511138	0.304406
1.011326	0.359818
0.672682	0.497440
0.594350	0.156992
0.633445	0.253892
1.154857	0.486840
1.045907	0.436436
0.582897	0.211700
0.536259	0.182437
0.568500	0.238508
0.903815	0.400229
0.883414	0.363464
0.692471	0.433358
0.909384	0.424312
0.673569	0.490203
0.608174	0.161725
0.642745	0.315548
0.696948	0.283372
1.134330	0.245752
0.590293	0.226937
0.658205	0.309075
1.025116	0.410520
0.950354	0.310385
0.603684	0.241873
0.708495	0.253965
0.638451	0.283739
0.681762	0.233960
0.600670	0.346270
0.832255	0.310929
1.041092	0.640931
0.668500	0.267494
0.860122	0.490759
0.561353	0.268708
0.746729	0.307256
0.636687	0.398912
0.732172	0.329274
0.839149	0.349654
0.691430	0.361498
0.796490	0.298845
0.662445	0.276919
0.930612	0.409019
0.728079	0.308005
0.725205	0.464354
0.554451	0.185553
0.717651	0.615743
0.857113	0.384218
1.257606	0.896607
1.032279	0.297697
0.616666	0.219990
0.521427	0.368782
1.286103	0.416993
0.553299	0.396516
0.613811	0.374102
0.655357	0.244395
1.129998	0.473027
0.758417	0.290343
0.662795	0.376866
0.845565	0.402691
0.750056	0.424537
0.609617	0.228646
0.664514	0.212067
0.733012	0.314721
0.562225	0.170220
0.782094	0.328173
0.533643	0.367354
0.741981	0.467965
0.814833	0.435738
1.191504	0.556100
0.876993	0.391697
0.930023	0.291807
0.692472	0.250098
0.645697	0.317963
0.742204	0.283947
1.365548	0.832224
0.742282	0.371372
0.526129	0.215755
1.197007	0.559708
0.855574	0.359419
0.588448	0.195787
1.330984	0.618859
1.116560	0.675424
0.646546	0.425515
1.147041	0.493198
0.707593	0.272821
0.930452	0.751396
0.772070	0.244181
0.662709	0.242468
0.697452	0.176623
1.116499	0.556492
0.645055	0.546071
0.777360	0.353301
0.697623	0.397403
0.667330	0.532935
0.968491	0.415734
0.686268	0.642816
0.887689	0.304812
0.984240	0.342739
1.172570	0.612944
0.797078	0.382698
0.768351	0.494521
0.569490	0.182576
0.790869	0.265398
0.666495	0.298463
0.638268	0.264824
0.634404	0.323503
1.254587	0.405812
0.796399	0.369251
1.069441	0.371513
0.920153	0.402907
0.943214	0.266506
0.705489	0.226368
0.873883	0.339379
0.576798	0.215839
0.852016	0.649588
0.730643	0.225717
0.841514	0.510770
0.581361	0.318583
0.935139	0.329750
0.564672	0.468755
0.558186	0.266037
0.618888	0.408137
0.612122	0.330271
0.575583	0.189864
0.645484	0.302175
0.840108	0.278575
0.814947	0.322007
0.794764	0.440878
0.641357	0.436949
0.765015	0.650238
0.940895	0.570469
0.677813	0.308266
0.682065	0.229850
1.247816	0.642637
1.266228	0.653376
0.967169	0.312005
0.668977	0.326188
0.663008	0.338201
0.569064	0.214787
0.594782	0.322071
0.672699	0.397890
0.691248	0.477273
0.971871	0.494267
0.669510	0.439594
0.728066	0.233274
0.931794	0.352504
1.144079	0.611604
0.645422	0.516093
1.123387	0.316881
0.864847	0.337128
0.778083	0.284200
0.522821	0.214967
1.025833	0.365711
0.604040	0.221901
0.666905	0.492062
0.729641	0.257335
0.955837	0.480356
0.998900	0.641051
1.243193	0.497050
0.627486	0.227078
0.656523	0.172717
0.999638	0.531837
0.876130	0.275059
1.242717	0.400705
1.323076	0.891225
1.279719	0.561391
0.556956	0.299941
0.889922	0.411794
0.901685	0.433867
0.741913	0.392453
0.560129	0.248884
0.904616	0.325105
0.775393	0.317959
0.895825	0.362240
0.676266	0.464832
0.668753	0.440849
0.716961	0.372446
0.712514	0.692566
0.926253	0.799074
0.666820	0.531401
0.862724	0.407722
0.923996	0.580033
0.674425	0.307307
0.561213	0.142159
0.712141	0.521619
0.739807	0.272399
0.577865	0.304216
0.464466	0.287394
0.660354	0.380117
1.166762	1.012721
0.640423	0.298101
0.820900	0.318006
0.569243	0.290921
0.563870	0.218246
0.731394	0.202749
0.575431	0.300306
0.898137	0.303214
0.823679	0.273282
0.597433	0.206841
0.732524	0.346862
0.643640	0.260953
0.727853	0.346495
0.744436	0.394598
0.799805	0.409073
1.266737	1.088071
1.069152	0.402785
0.736212	0.293779
1.093468	0.671365
0.656124	0.279005
0.617543	0.335018
0.556576	0.321988
0.850549	0.579826
0.552559	0.372483
0.562985	0.327462
0.816119	0.366184
1.551563	0.464021
1.050953	0.356337
0.572170	0.372577
0.660588	0.348186
0.793199	0.361583
0.563255	0.343241
0.619997	0.368029
0.817928	0.311372
0.625557	0.378352
0.992180	0.386160
0.488156	0.196760
0.692808	0.329097
0.735773	0.239046
0.943568	0.526064
0.628609	0.339605
0.670932	0.364466
0.961161	0.266589
0.651127	0.313342
0.757072	0.212174
0.755917	0.311415
1.011379	0.591618
0.814427	0.503907
1.100628	0.699501
1.042307	0.625490
0.558771	0.323899
0.763282	0.378468
0.454461	0.287963
1.034301	0.928757
1.213931	0.523101
0.628108	0.602972
0.793012	0.268310
0.697395	0.425556
1.008914	0.384930
0.738388	0.473308
0.743150	0.253057
1.213017	0.564611
1.323522	0.339348
1.046212	0.763980
0.438907	0.266441
0.878331	0.751538
0.666267	0.304596
0.839101	0.675558
0.606448	0.408061
1.083461	0.287543
0.955521	0.348130
1.010447	0.720303
0.667204	0.335389
0.720543	0.318623
0.675098	0.262269
1.125347	0.646954
0.539957	0.341259
0.619098	0.348941
0.876125	0.309684
1.128596	0.533498
0.835365	0.601932
1.014448	0.358548
0.647769	0.187935
1.090976	0.372059
0.603030	0.417761
0.797263	0.312608
0.647400	0.255925
1.054187	1.024058
0.505150	0.212928
0.788585	0.404339
0.623677	0.274882
0.647558	0.435504
1.235531	0.382211
0.727524	0.330399
0.720851	0.281098
1.182092	0.511522
0.964812	0.948552
0.783943	0.245099
1.103880	0.537744
0.506691	0.376864
1.021914	0.513807
0.689004	0.265248
1.299890	0.457219
0.602414	0.242646
0.612711	0.273972
0.826427	0.538124
0.609641	0.352261
0.592403	0.254348
1.037503	0.464906
0.898636	0.356492
0.583844	0.265735
0.914353	0.278984
0.603680	0.339773
0.774690	0.260522
0.948961	0.459634
0.938817	0.519537
0.664683	0.363466
0.811990	0.263632
1.013652	0.494813
0.687339	0.228184
1.320637	0.465448
0.759538	0.339819
1.015353	0.449685
0.654599	0.201299
0.477850	0.227693
0.624234	0.437530
0.767823	0.319511
1.061233	0.453794
0.716061	0.268706
0.677440	0.282469
0.703678	0.358293
0.828550	0.323489
0.785641	0.237202
0.635143	0.421242
0.541251	0.210464
0.693247	0.213547
0.602131	0.246890
0.605931	0.571731
0.671309	0.554685
