224.11	0.000145768
224.11	0.000145778
224.11	0.000145786
224.11	0.000145786
224.11	0.000145781
224.11	0.000145775
224.11	0.000145774
224.11	0.000145777
224.11	0.000145781
224.11	0.000145783
224.11	0.000145781
224.11	0.000145779
224.11	0.000145778
224.11	0.000145779
224.11	0.000145781
224.11	0.000145781
224.11	0.00014578
224.11	0.000145779
224.11	0.00014578
224.11	0.000145781
244.279	0.000151137
244.279	0.000151141
244.279	0.000151132
244.279	0.000151123
244.279	0.000151122
244.279	0.000151128
244.279	0.000151133
244.279	0.000151133
244.279	0.000151129
244.279	0.000151125
244.279	0.000151127
244.279	0.00015113
244.279	0.000151131
244.279	0.000151129
244.279	0.000151127
244.279	0.000151127
244.279	0.000151128
244.279	0.00015113
244.279	0.00015113
244.279	0.000151129
264.449	0.000155518
264.449	0.0001555
264.449	0.000155502
264.449	0.000155516
264.449	0.000155523
264.449	0.000155516
264.449	0.000155505
264.449	0.000155505
264.449	0.000155513
264.449	0.000155516
264.449	0.000155513
264.449	0.000155508
264.449	0.000155507
264.449	0.00015551
264.449	0.000155513
264.449	0.000155511
264.449	0.000155508
264.449	0.000155506
264.449	0.000155508
264.449	0.00015551
284.619	0.000159223
284.619	0.000159208
284.619	0.000159222
284.619	0.00015924
284.619	0.000159242
284.619	0.00015923
284.619	0.00015922
284.619	0.000159222
284.619	0.000159231
284.619	0.000159235
284.619	0.000159231
284.619	0.000159225
284.619	0.000159225
284.619	0.000159229
284.619	0.000159233
284.619	0.000159232
284.619	0.000159228
284.619	0.000159227
284.619	0.000159228
284.619	0.000159231
304.789	0.000162343
304.789	0.000162376
304.789	0.000162384
304.789	0.00016236
304.789	0.000162346
304.789	0.00016236
304.789	0.000162376
304.789	0.000162369
304.789	0.000162355
304.789	0.000162357
304.789	0.000162367
304.789	0.000162369
304.789	0.000162361
304.789	0.000162357
304.789	0.000162363
304.789	0.000162367
304.789	0.000162363
304.789	0.000162359
304.789	0.000162361
304.789	0.000162364
324.959	0.000165162
324.959	0.000165176
324.959	0.000165153
324.959	0.000165134
324.959	0.000165146
324.959	0.000165163
324.959	0.000165158
324.959	0.000165141
324.959	0.000165142
324.959	0.000165156
324.959	0.000165156
324.959	0.000165146
324.959	0.000165143
324.959	0.00016515
324.959	0.000165153
324.959	0.000165146
324.959	0.000165143
324.959	0.000165148
324.959	0.00016515
324.959	0.000165146
345.129	0.000167658
345.129	0.000167631
345.129	0.000167606
345.129	0.000167622
345.129	0.000167646
345.129	0.000167637
345.129	0.000167616
345.129	0.000167621
345.129	0.000167638
345.129	0.000167636
345.129	0.000167623
345.129	0.000167624
345.129	0.000167634
345.129	0.000167635
345.129	0.000167628
345.129	0.000167626
345.129	0.000167632
345.129	0.000167634
345.129	0.000167631
345.129	0.000167628
365.299	0.000169691
365.299	0.000169647
365.299	0.000169652
365.299	0.000169687
365.299	0.000169687
365.299	0.000169659
365.299	0.000169655
365.299	0.000169678
365.299	0.000169683
365.299	0.000169665
365.299	0.000169659
365.299	0.000169673
365.299	0.000169679
365.299	0.000169667
365.299	0.000169661
365.299	0.00016967
365.299	0.000169677
365.299	0.000169669
365.299	0.000169663
365.299	0.000169668
385.468	0.000171622
385.468	0.000171621
385.468	0.000171657
385.468	0.00017166
385.468	0.000171632
385.468	0.000171631
385.468	0.000171654
385.468	0.000171655
385.468	0.000171637
385.468	0.000171638
385.468	0.000171653
385.468	0.000171652
385.468	0.000171641
385.468	0.000171642
385.468	0.000171652
385.468	0.000171651
385.468	0.000171643
385.468	0.000171646
385.468	0.000171653
385.468	0.00017165
405.638	0.000173127
405.638	0.000173174
405.638	0.000173189
405.638	0.000173149
405.638	0.000173139
405.638	0.000173173
405.638	0.000173179
405.638	0.000173149
405.638	0.000173145
405.638	0.00017317
405.638	0.000173172
405.638	0.000173152
405.638	0.000173152
405.638	0.000173167
405.638	0.000173167
405.638	0.000173155
405.638	0.000173156
405.638	0.000173165
405.638	0.000173163
405.638	0.000173157
425.808	0.000174642
425.808	0.000174695
425.808	0.000174679
425.808	0.000174639
425.808	0.000174656
425.808	0.000174687
425.808	0.000174669
425.808	0.000174647
425.808	0.000174664
425.808	0.000174679
425.808	0.000174663
425.808	0.000174655
425.808	0.000174669
425.808	0.000174673
425.808	0.000174661
425.808	0.000174661
425.808	0.00017467
425.808	0.000174669
425.808	0.000174663
425.808	0.000174664
445.978	0.000175958
445.978	0.000175954
445.978	0.000175915
445.978	0.000175929
445.978	0.000175957
445.978	0.000175941
445.978	0.00017592
445.978	0.000175939
445.978	0.000175954
445.978	0.000175937
445.978	0.000175925
445.978	0.000175943
445.978	0.000175951
445.978	0.000175936
445.978	0.00017593
445.978	0.000175943
445.978	0.000175949
445.978	0.000175938
445.978	0.000175934
445.978	0.000175944
466.148	0.000177091
466.148	0.00017704
466.148	0.000177028
466.148	0.00017707
466.148	0.000177066
466.148	0.00017703
466.148	0.00017705
466.148	0.000177071
466.148	0.000177048
466.148	0.000177039
466.148	0.000177059
466.148	0.000177057
466.148	0.000177041
466.148	0.000177049
466.148	0.000177058
466.148	0.000177048
466.148	0.000177044
466.148	0.000177052
466.148	0.000177053
466.148	0.000177046
486.318	0.000178121
486.318	0.000178071
486.318	0.000178111
486.318	0.00017814
486.318	0.000178096
486.318	0.000178088
486.318	0.000178128
486.318	0.000178123
486.318	0.000178093
486.318	0.000178107
486.318	0.000178128
486.318	0.000178111
486.318	0.000178099
486.318	0.000178117
486.318	0.000178123
486.318	0.000178106
486.318	0.000178105
486.318	0.00017812
486.318	0.000178118
486.318	0.000178106
506.488	0.000178986
506.488	0.000178994
506.488	0.00017904
506.488	0.000179009
506.488	0.000178986
506.488	0.000179022
506.488	0.000179026
506.488	0.000178994
506.488	0.000179006
506.488	0.000179028
506.488	0.000179007
506.488	0.000179
506.488	0.00017902
506.488	0.000179015
506.488	0.000179
506.488	0.000179012
506.488	0.000179019
506.488	0.000179006
506.488	0.000179007
506.488	0.000179017
526.658	0.000179687
526.658	0.000179736
526.658	0.000179744
526.658	0.0001797
526.658	0.000179717
526.658	0.000179744
526.658	0.000179718
526.658	0.00017971
526.658	0.000179733
526.658	0.000179728
526.658	0.000179712
526.658	0.000179724
526.658	0.00017973
526.658	0.000179717
526.658	0.000179719
526.658	0.000179729
526.658	0.000179722
526.658	0.000179717
526.658	0.000179724
526.658	0.000179724
546.827	0.000180401
546.827	0.000180466
546.827	0.000180427
546.827	0.000180396
546.827	0.000180443
546.827	0.000180442
546.827	0.000180406
546.827	0.000180427
546.827	0.000180444
546.827	0.000180415
546.827	0.000180419
546.827	0.000180439
546.827	0.000180422
546.827	0.000180416
546.827	0.000180435
546.827	0.000180426
546.827	0.000180417
546.827	0.000180431
546.827	0.000180426
546.827	0.000180419
566.997	0.000181105
566.997	0.000181117
566.997	0.000181058
566.997	0.000181092
566.997	0.000181116
566.997	0.000181071
566.997	0.000181083
566.997	0.000181108
566.997	0.000181081
566.997	0.00018108
566.997	0.000181103
566.997	0.000181086
566.997	0.000181079
566.997	0.000181098
566.997	0.000181089
566.997	0.00018108
566.997	0.000181095
566.997	0.00018109
566.997	0.000181081
566.997	0.000181092
587.167	0.000181795
587.167	0.000181746
587.167	0.000181735
587.167	0.000181785
587.167	0.000181754
587.167	0.000181739
587.167	0.000181776
587.167	0.000181758
587.167	0.000181744
587.167	0.000181771
587.167	0.000181759
587.167	0.000181747
587.167	0.000181768
587.167	0.00018176
587.167	0.000181749
587.167	0.000181766
587.167	0.000181761
587.167	0.000181751
587.167	0.000181764
587.167	0.000181762
607.337	0.000182187
607.337	0.000182142
607.337	0.000182165
607.337	0.000182184
607.337	0.00018215
607.337	0.000182161
607.337	0.000182181
607.337	0.000182155
607.337	0.000182159
607.337	0.000182178
607.337	0.000182159
607.337	0.000182159
607.337	0.000182173
607.337	0.000182161
607.337	0.000182159
607.337	0.000182171
607.337	0.000182163
607.337	0.000182158
607.337	0.00018217
607.337	0.000182165
627.507	0.000182589
627.507	0.000182568
627.507	0.000182619
627.507	0.000182589
627.507	0.000182575
627.507	0.000182611
627.507	0.000182589
627.507	0.00018258
627.507	0.000182603
627.507	0.000182589
627.507	0.000182583
627.507	0.000182599
627.507	0.000182588
627.507	0.000182586
627.507	0.000182597
627.507	0.000182587
627.507	0.000182587
627.507	0.000182594
627.507	0.000182587
627.507	0.000182587
647.677	0.000182983
647.677	0.000183014
647.677	0.000183039
647.677	0.000182991
647.677	0.000183015
647.677	0.000183032
647.677	0.000182996
647.677	0.000183016
647.677	0.000183026
647.677	0.000183
647.677	0.000183014
647.677	0.000183025
647.677	0.000183004
647.677	0.000183012
647.677	0.000183022
647.677	0.000183007
647.677	0.000183012
647.677	0.000183019
647.677	0.000183007
647.677	0.000183011
667.847	0.000183389
667.847	0.000183443
667.847	0.000183427
667.847	0.000183399
667.847	0.00018344
667.847	0.000183422
667.847	0.000183405
667.847	0.000183437
667.847	0.000183418
667.847	0.000183411
667.847	0.000183434
667.847	0.000183419
667.847	0.000183414
667.847	0.00018343
667.847	0.000183419
667.847	0.000183418
667.847	0.000183429
667.847	0.000183419
667.847	0.000183419
667.847	0.000183428
688.016	0.000183781
688.016	0.00018383
688.016	0.000183785
688.016	0.000183792
688.016	0.00018382
688.016	0.000183784
688.016	0.0001838
688.016	0.000183814
688.016	0.000183787
688.016	0.000183805
688.016	0.000183809
688.016	0.000183792
688.016	0.000183807
688.016	0.000183803
688.016	0.000183796
688.016	0.000183807
688.016	0.0001838
688.016	0.000183801
688.016	0.000183805
688.016	0.000183799
708.186	0.000183954
708.186	0.000183952
708.186	0.000183918
708.186	0.000183958
708.186	0.000183941
708.186	0.000183925
708.186	0.000183957
708.186	0.000183936
708.186	0.000183934
708.186	0.000183952
708.186	0.000183933
708.186	0.000183942
708.186	0.000183946
708.186	0.000183935
708.186	0.000183946
708.186	0.00018394
708.186	0.000183938
708.186	0.000183946
708.186	0.000183938
708.186	0.000183941
728.356	0.000184185
728.356	0.00018415
728.356	0.000184147
728.356	0.000184178
728.356	0.000184147
728.356	0.000184157
728.356	0.000184169
728.356	0.000184147
728.356	0.000184162
728.356	0.000184162
728.356	0.000184149
728.356	0.000184166
728.356	0.000184158
728.356	0.000184152
728.356	0.000184164
728.356	0.000184156
728.356	0.000184155
728.356	0.000184162
728.356	0.000184155
728.356	0.000184157
748.526	0.000184373
748.526	0.00018432
748.526	0.000184348
748.526	0.000184358
748.526	0.000184324
748.526	0.000184357
748.526	0.000184347
748.526	0.000184331
748.526	0.000184357
748.526	0.000184339
748.526	0.00018434
748.526	0.000184355
748.526	0.000184337
748.526	0.000184346
748.526	0.00018435
748.526	0.000184337
748.526	0.000184348
748.526	0.000184347
748.526	0.000184339
748.526	0.000184348
768.696	0.000184594
768.696	0.000184556
768.696	0.000184607
768.696	0.000184574
768.696	0.000184575
768.696	0.0001846
768.696	0.000184568
768.696	0.000184589
768.696	0.000184587
768.696	0.000184571
768.696	0.000184592
768.696	0.000184579
768.696	0.000184578
768.696	0.000184589
768.696	0.000184576
768.696	0.000184584
768.696	0.000184583
768.696	0.000184577
768.696	0.000184585
768.696	0.00018458
788.866	0.000184654
788.866	0.000184663
788.866	0.000184687
788.866	0.000184648
788.866	0.000184675
788.866	0.000184675
788.866	0.000184654
788.866	0.000184677
788.866	0.000184666
788.866	0.000184661
788.866	0.000184677
788.866	0.00018466
788.866	0.000184668
788.866	0.000184675
788.866	0.000184661
788.866	0.00018467
788.866	0.00018467
788.866	0.000184665
788.866	0.000184671
788.866	0.000184667
809.036	0.000184673
809.036	0.000184719
809.036	0.000184695
809.036	0.000184695
809.036	0.000184714
809.036	0.000184685
809.036	0.000184708
809.036	0.000184701
809.036	0.000184693
809.036	0.000184707
809.036	0.000184693
809.036	0.000184702
809.036	0.000184701
809.036	0.000184696
809.036	0.000184703
809.036	0.000184698
809.036	0.0001847
809.036	0.000184701
809.036	0.000184697
809.036	0.000184701
829.205	0.000184711
829.205	0.000184756
829.205	0.000184719
829.205	0.000184732
829.205	0.000184744
829.205	0.000184716
829.205	0.000184741
829.205	0.000184728
829.205	0.000184725
829.205	0.000184739
829.205	0.000184722
829.205	0.000184733
829.205	0.000184729
829.205	0.000184726
829.205	0.000184733
829.205	0.000184724
829.205	0.000184731
829.205	0.000184727
829.205	0.000184726
829.205	0.00018473
849.375	0.000184798
849.375	0.000184802
849.375	0.000184783
849.375	0.00018481
849.375	0.000184783
849.375	0.0001848
849.375	0.000184796
849.375	0.000184789
849.375	0.000184804
849.375	0.000184786
849.375	0.0001848
849.375	0.000184793
849.375	0.000184792
849.375	0.0001848
849.375	0.00018479
849.375	0.000184799
849.375	0.000184791
849.375	0.000184796
849.375	0.000184795
849.375	0.000184793
869.545	0.000184931
869.545	0.000184897
869.545	0.000184913
869.545	0.000184916
869.545	0.000184903
869.545	0.000184921
869.545	0.000184902
869.545	0.000184917
869.545	0.000184908
869.545	0.000184912
869.545	0.000184913
869.545	0.000184909
869.545	0.000184915
869.545	0.000184909
869.545	0.000184914
869.545	0.000184912
869.545	0.000184912
869.545	0.000184913
869.545	0.000184912
869.545	0.000184913
889.715	0.000185019
889.715	0.000184979
889.715	0.000185003
889.715	0.000184998
889.715	0.000184988
889.715	0.000185009
889.715	0.000184986
889.715	0.000185003
889.715	0.000184993
889.715	0.000184995
889.715	0.000185002
889.715	0.00018499
889.715	0.000185002
889.715	0.000184994
889.715	0.000184996
889.715	0.000184999
889.715	0.000184992
889.715	0.000185
889.715	0.000184994
889.715	0.000184995
909.885	0.000184925
909.885	0.000184886
909.885	0.000184926
909.885	0.000184898
909.885	0.000184907
909.885	0.000184916
909.885	0.000184894
909.885	0.000184917
909.885	0.000184902
909.885	0.00018491
909.885	0.000184909
909.885	0.000184902
909.885	0.000184913
909.885	0.000184904
909.885	0.000184908
909.885	0.000184908
909.885	0.000184903
909.885	0.000184909
909.885	0.000184906
909.885	0.000184907
930.055	0.000184864
930.055	0.000184834
930.055	0.000184872
930.055	0.00018484
930.055	0.000184856
930.055	0.000184859
930.055	0.000184842
930.055	0.000184865
930.055	0.000184844
930.055	0.000184856
930.055	0.000184855
930.055	0.000184848
930.055	0.00018486
930.055	0.000184847
930.055	0.000184857
930.055	0.000184852
930.055	0.000184851
930.055	0.000184858
930.055	0.00018485
930.055	0.000184856
950.225	0.000184683
950.225	0.000184699
950.225	0.0001847
950.225	0.000184688
950.225	0.000184704
950.225	0.000184684
950.225	0.000184704
950.225	0.000184688
950.225	0.000184699
950.225	0.000184693
950.225	0.000184695
950.225	0.000184695
950.225	0.000184693
950.225	0.000184697
950.225	0.000184692
950.225	0.000184696
950.225	0.000184692
950.225	0.000184695
950.225	0.000184694
950.225	0.000184694
970.395	0.000184608
970.395	0.000184648
970.395	0.00018462
970.395	0.000184632
970.395	0.000184634
970.395	0.000184622
970.395	0.00018464
970.395	0.00018462
970.395	0.000184636
970.395	0.000184624
970.395	0.00018463
970.395	0.000184629
970.395	0.000184626
970.395	0.000184631
970.395	0.000184625
970.395	0.000184632
970.395	0.000184625
970.395	0.00018463
970.395	0.000184625
970.395	0.000184629
990.564	0.000184611
990.564	0.00018463
990.564	0.000184603
990.564	0.000184633
990.564	0.000184605
990.564	0.000184626
990.564	0.000184615
990.564	0.000184617
990.564	0.000184622
990.564	0.000184613
990.564	0.000184624
990.564	0.000184613
990.564	0.000184625
990.564	0.000184613
990.564	0.000184623
990.564	0.000184616
990.564	0.00018462
990.564	0.000184618
990.564	0.000184618
990.564	0.000184618
1010.73	0.000184544
1010.73	0.00018452
1010.73	0.000184533
1010.73	0.000184529
1010.73	0.000184526
1010.73	0.000184533
1010.73	0.000184523
1010.73	0.000184536
1010.73	0.000184522
1010.73	0.000184534
1010.73	0.000184524
1010.73	0.000184532
1010.73	0.000184527
1010.73	0.000184528
1010.73	0.000184531
1010.73	0.000184527
1010.73	0.000184532
1010.73	0.000184526
1010.73	0.000184531
1010.73	0.000184527
1030.9	0.000184434
1030.9	0.000184398
1030.9	0.000184429
1030.9	0.000184406
1030.9	0.000184421
1030.9	0.000184414
1030.9	0.000184415
1030.9	0.00018442
1030.9	0.000184411
1030.9	0.000184422
1030.9	0.000184411
1030.9	0.000184423
1030.9	0.000184412
1030.9	0.000184422
1030.9	0.000184416
1030.9	0.000184418
1030.9	0.000184418
1030.9	0.000184418
1030.9	0.000184419
1030.9	0.000184419
1051.07	0.000184302
1051.07	0.0001843
1051.07	0.000184307
1051.07	0.000184296
1051.07	0.00018431
1051.07	0.000184294
1051.07	0.00018431
1051.07	0.000184294
1051.07	0.000184309
1051.07	0.000184294
1051.07	0.000184308
1051.07	0.000184295
1051.07	0.000184306
1051.07	0.000184297
1051.07	0.000184304
1051.07	0.000184299
1051.07	0.000184302
1051.07	0.000184301
1051.07	0.000184301
1051.07	0.000184301
1071.24	0.000184112
1071.24	0.000184146
1071.24	0.000184119
1071.24	0.000184138
1071.24	0.000184124
1071.24	0.000184135
1071.24	0.000184128
1071.24	0.000184133
1071.24	0.00018413
1071.24	0.000184132
1071.24	0.000184129
1071.24	0.000184133
1071.24	0.000184128
1071.24	0.000184136
1071.24	0.000184127
1071.24	0.000184138
1071.24	0.000184126
1071.24	0.00018414
1071.24	0.000184127
1071.24	0.00018414
1091.41	0.000183907
1091.41	0.00018394
1091.41	0.000183906
1091.41	0.00018394
1091.41	0.00018391
1091.41	0.000183937
1091.41	0.000183914
1091.41	0.000183933
1091.41	0.000183917
1091.41	0.00018393
1091.41	0.000183921
1091.41	0.000183928
1091.41	0.000183922
1091.41	0.000183927
1091.41	0.000183924
1091.41	0.000183924
1091.41	0.000183927
1091.41	0.000183924
1091.41	0.000183928
1091.41	0.000183923
1111.58	0.000183866
1111.58	0.000183654
1111.58	0.000183848
1111.58	0.00018367
1111.58	0.000183835
1111.58	0.00018368
1111.58	0.00018383
1111.58	0.000183689
1111.58	0.000183824
1111.58	0.000183693
1111.58	0.000183822
1111.58	0.000183695
1111.58	0.000183818
1111.58	0.000183701
1111.58	0.000183811
1111.58	0.000183707
1111.58	0.000183807
1111.58	0.000183714
1111.58	0.0001838
1111.58	0.000183721
1131.75	0.000164035
1131.75	0.000198768
1131.75	0.000164028
1131.75	0.00019877
1131.75	0.000164023
1131.75	0.000198771
1131.75	0.000164017
1131.75	0.000198776
1131.75	0.000164011
1131.75	0.000198777
1131.75	0.000164006
1131.75	0.00019878
1131.75	0.000164003
1131.75	0.000198782
1131.75	0.000163997
1131.75	0.000198786
1131.75	0.000163989
1131.75	0.000198789
1131.75	0.000163981
1131.75	0.00019879
1151.92	0.000208163
1151.92	0.000143078
1151.92	0.000208167
1151.92	0.000143074
1151.92	0.000208166
1151.92	0.000143072
1151.92	0.000208166
1151.92	0.000143071
1151.92	0.000208165
1151.92	0.000143069
1151.92	0.000208165
1151.92	0.00014307
1151.92	0.000208164
1151.92	0.00014307
1151.92	0.000208164
1151.92	0.00014307
1151.92	0.000208164
1151.92	0.000143071
1151.92	0.000208163
1151.92	0.000143072
1172.09	0.000211607
1172.09	0.000128694
1172.09	0.000211601
1172.09	0.000128693
1172.09	0.000211597
1172.09	0.000128693
1172.09	0.000211593
1172.09	0.000128695
1172.09	0.000211591
1172.09	0.000128696
1172.09	0.00021159
1172.09	0.000128697
1172.09	0.000211589
1172.09	0.000128699
1172.09	0.00021159
1172.09	0.000128699
1172.09	0.000211591
1172.09	0.000128697
1172.09	0.000211591
1172.09	0.000128697
1192.26	0.000212835
1192.26	0.000117089
1192.26	0.000212832
1192.26	0.000117092
1192.26	0.000212831
1192.26	0.000117094
1192.26	0.00021283
1192.26	0.000117096
1192.26	0.000212831
1192.26	0.000117097
1192.26	0.000212833
1192.26	0.000117098
1192.26	0.000212833
1192.26	0.000117099
1192.26	0.000212835
1192.26	0.000117099
1192.26	0.000212836
1192.26	0.0001171
1192.26	0.000212836
1192.26	0.0001171
1212.43	0.000107268
1212.43	0.000213018
1212.43	0.000107258
1212.43	0.000213018
1212.43	0.000107253
1212.43	0.000213012
1212.43	0.000107253
1212.43	0.000213005
1212.43	0.000107257
1212.43	0.000213003
1212.43	0.00010726
1212.43	0.000213004
1212.43	0.000107261
1212.43	0.000213007
1212.43	0.000107262
1212.43	0.000213008
1212.43	0.000107262
1212.43	0.00021301
1212.43	0.000107261
1212.43	0.00021301
1232.6	9.85629e-05
1232.6	0.000212314
1232.6	9.8559e-05
1232.6	0.000212307
1232.6	9.85582e-05
1232.6	0.000212301
1232.6	9.85605e-05
1232.6	0.000212299
1232.6	9.85628e-05
1232.6	0.000212299
1232.6	9.85643e-05
1232.6	0.000212301
1232.6	9.85636e-05
1232.6	0.000212303
1232.6	9.85621e-05
1232.6	0.000212302
1232.6	9.85625e-05
1232.6	0.000212301
1232.6	9.85634e-05
1232.6	0.000212302
1252.77	9.09028e-05
1252.77	0.000211328
1252.77	9.09005e-05
1252.77	0.000211318
1252.77	9.09025e-05
1252.77	0.000211312
1252.77	9.0906e-05
1252.77	0.000211312
1252.77	9.0909e-05
1252.77	0.000211316
1252.77	9.09089e-05
1252.77	0.000211321
1252.77	9.0908e-05
1252.77	0.000211322
1252.77	9.09077e-05
1252.77	0.000211322
1252.77	9.09078e-05
1252.77	0.000211322
1252.77	9.0908e-05
1252.77	0.000211322
1272.94	8.40067e-05
1272.94	0.000210057
1272.94	8.40116e-05
1272.94	0.000210053
1272.94	8.40154e-05
1272.94	0.000210055
1272.94	8.40171e-05
1272.94	0.000210061
1272.94	8.4015e-05
1272.94	0.000210062
1272.94	8.40135e-05
1272.94	0.000210062
1272.94	8.40122e-05
1272.94	0.00021006
1272.94	8.4012e-05
1272.94	0.000210057
1272.94	8.40128e-05
1272.94	0.000210057
1272.94	8.4013e-05
1272.94	0.000210057
1293.11	0.000208759
1293.11	7.7797e-05
1293.11	0.000208753
1293.11	7.77978e-05
1293.11	0.000208751
1293.11	7.77987e-05
1293.11	0.000208753
1293.11	7.77976e-05
1293.11	0.000208752
1293.11	7.77972e-05
1293.11	0.000208751
1293.11	7.77972e-05
1293.11	0.000208751
1293.11	7.77966e-05
1293.11	0.000208751
1293.11	7.77961e-05
1293.11	0.00020875
1293.11	7.7796e-05
1293.11	0.000208749
1293.11	7.7796e-05
1313.28	0.000207397
1313.28	7.2123e-05
1313.28	0.000207392
1313.28	7.21234e-05
1313.28	0.00020739
1313.28	7.21237e-05
1313.28	0.000207389
1313.28	7.21237e-05
1313.28	0.000207389
1313.28	7.21231e-05
1313.28	0.000207388
1313.28	7.21225e-05
1313.28	0.000207387
1313.28	7.21224e-05
1313.28	0.000207387
1313.28	7.21222e-05
1313.28	0.000207386
1313.28	7.21219e-05
1313.28	0.000207384
1313.28	7.21217e-05
1333.45	0.000206429
1333.45	6.70616e-05
1333.45	0.000206426
1333.45	6.70631e-05
1333.45	0.000206425
1333.45	6.70644e-05
1333.45	0.000206427
1333.45	6.70651e-05
1333.45	0.00020643
1333.45	6.70655e-05
1333.45	0.000206433
1333.45	6.70658e-05
1333.45	0.000206436
1333.45	6.70652e-05
1333.45	0.000206434
1333.45	6.70662e-05
1333.45	0.000206434
1333.45	6.70667e-05
1333.45	0.000206434
1333.45	6.70675e-05
1353.62	0.00020494
1353.62	6.21916e-05
1353.62	0.000204939
1353.62	6.21917e-05
1353.62	0.000204939
1353.62	6.21915e-05
1353.62	0.000204941
1353.62	6.21903e-05
1353.62	0.00020494
1353.62	6.21896e-05
1353.62	0.000204937
1353.62	6.21895e-05
1353.62	0.000204934
1353.62	6.21896e-05
1353.62	0.000204933
1353.62	6.21891e-05
1353.62	0.000204932
1353.62	6.2189e-05
1353.62	0.00020493
1353.62	6.2189e-05
1373.79	0.000204392
1373.79	5.79353e-05
1373.79	0.000204389
1373.79	5.79359e-05
1373.79	0.000204387
1373.79	5.79365e-05
1373.79	0.000204387
1373.79	5.79365e-05
1373.79	0.000204387
1373.79	5.79366e-05
1373.79	0.000204389
1373.79	5.79359e-05
1373.79	0.000204388
1373.79	5.79356e-05
1373.79	0.000204386
1373.79	5.79361e-05
1373.79	0.000204386
1373.79	5.7936e-05
1373.79	0.000204387
1373.79	5.79359e-05
1393.96	0.000203236
1393.96	5.37703e-05
1393.96	0.000203234
1393.96	5.37703e-05
1393.96	0.000203233
1393.96	5.37698e-05
1393.96	0.000203231
1393.96	5.37697e-05
1393.96	0.000203228
1393.96	5.37696e-05
1393.96	0.000203227
1393.96	5.37699e-05
1393.96	0.000203228
1393.96	5.37695e-05
1393.96	0.000203228
1393.96	5.37687e-05
1393.96	0.000203227
1393.96	5.3768e-05
1393.96	0.000203224
1393.96	5.37677e-05
1414.13	0.000203476
1414.13	5.02066e-05
1414.13	0.000203477
1414.13	5.02075e-05
1414.13	0.000203479
1414.13	5.02081e-05
1414.13	0.000203482
1414.13	5.02089e-05
1414.13	0.000203485
1414.13	5.0209e-05
1414.13	0.000203489
1414.13	5.0209e-05
1414.13	0.000203487
1414.13	5.02103e-05
1414.13	0.00020349
1414.13	5.02111e-05
1414.13	0.000203495
1414.13	5.02109e-05
1414.13	0.000203496
1414.13	5.02113e-05
1434.3	0.000202791
1434.3	4.65787e-05
1434.3	0.000202792
1434.3	4.65784e-05
1434.3	0.000202794
1434.3	4.65771e-05
1434.3	0.000202789
1434.3	4.65773e-05
1434.3	0.000202787
1434.3	4.6577e-05
1434.3	0.000202786
1434.3	4.65765e-05
1434.3	0.000202786
1434.3	4.65758e-05
1434.3	0.000202782
1434.3	4.65758e-05
1434.3	0.000202781
1434.3	4.65759e-05
1434.3	0.000202782
1434.3	4.65751e-05
1454.47	0.000203221
1454.47	4.33797e-05
1454.47	0.000203222
1454.47	4.33798e-05
1454.47	0.000203223
1454.47	4.33796e-05
1454.47	0.000203223
1454.47	4.33797e-05
1454.47	0.000203224
1454.47	4.33795e-05
1454.47	0.000203223
1454.47	4.33794e-05
1454.47	0.000203223
1454.47	4.33793e-05
1454.47	0.000203222
1454.47	4.33791e-05
1454.47	0.000203222
1454.47	4.33789e-05
1454.47	0.000203222
1454.47	4.33786e-05
1474.64	0.000204056
1474.64	4.0384e-05
1474.64	0.00020405
1474.64	4.03851e-05
1474.64	0.000204049
1474.64	4.03855e-05
1474.64	0.000204049
1474.64	4.03857e-05
1474.64	0.000204052
1474.64	4.0385e-05
1474.64	0.000204051
1474.64	4.03846e-05
1474.64	0.000204049
1474.64	4.03846e-05
1474.64	0.000204047
1474.64	4.03848e-05
1474.64	0.000204047
1474.64	4.03847e-05
1474.64	0.000204045
1474.64	4.03848e-05
1494.81	0.000205575
1494.81	3.76261e-05
1494.81	0.000205581
1494.81	3.7626e-05
1494.81	0.000205585
1494.81	3.76253e-05
1494.81	0.000205582
1494.81	3.76258e-05
1494.81	0.000205583
1494.81	3.76259e-05
1494.81	0.000205583
1494.81	3.7626e-05
1494.81	0.000205584
1494.81	3.76262e-05
1494.81	0.000205589
1494.81	3.76257e-05
1494.81	0.00020559
1494.81	3.76255e-05
1494.81	0.000205588
1494.81	3.76261e-05
1514.98	0.000207501
1514.98	3.5003e-05
1514.98	0.0002075
1514.98	3.5003e-05
1514.98	0.000207498
1514.98	3.50031e-05
1514.98	0.000207495
1514.98	3.50035e-05
1514.98	0.000207496
1514.98	3.50038e-05
1514.98	0.000207497
1514.98	3.50041e-05
1514.98	0.000207499
1514.98	3.5004e-05
1514.98	0.0002075
1514.98	3.5004e-05
1514.98	0.000207501
1514.98	3.50041e-05
1514.98	0.000207501
1514.98	3.50042e-05
1535.15	0.000210134
1535.15	3.25547e-05
1535.15	0.000210135
1535.15	3.2555e-05
1535.15	0.000210137
1535.15	3.25551e-05
1535.15	0.00021014
1535.15	3.25548e-05
1535.15	0.000210141
1535.15	3.25545e-05
1535.15	0.000210138
1535.15	3.25548e-05
1535.15	0.000210138
1535.15	3.2555e-05
1535.15	0.000210138
1535.15	3.25552e-05
1535.15	0.000210139
1535.15	3.25552e-05
1535.15	0.000210141
1535.15	3.2555e-05
1555.32	0.0002136
1555.32	3.02722e-05
1555.32	0.000213601
1555.32	3.02727e-05
1555.32	0.000213604
1555.32	3.02724e-05
1555.32	0.000213605
1555.32	3.02723e-05
1555.32	0.000213604
1555.32	3.02724e-05
1555.32	0.000213604
1555.32	3.02725e-05
1555.32	0.000213602
1555.32	3.02727e-05
1555.32	0.000213603
1555.32	3.02728e-05
1555.32	0.000213604
1555.32	3.02728e-05
1555.32	0.000213604
1555.32	3.02726e-05
1575.49	0.000217794
1575.49	2.81106e-05
1575.49	0.00021779
1575.49	2.81111e-05
1575.49	0.000217791
1575.49	2.81113e-05
1575.49	0.000217793
1575.49	2.81115e-05
1575.49	0.000217796
1575.49	2.81109e-05
1575.49	0.000217795
1575.49	2.81109e-05
1575.49	0.000217794
1575.49	2.81111e-05
1575.49	0.000217794
1575.49	2.81112e-05
1575.49	0.000217793
1575.49	2.81113e-05
1575.49	0.000217794
1575.49	2.81111e-05
1595.66	0.000222971
1595.66	2.60935e-05
1595.66	0.000222971
1595.66	2.60932e-05
1595.66	0.000222969
1595.66	2.60935e-05
1595.66	0.000222971
1595.66	2.60932e-05
1595.66	0.00022297
1595.66	2.60931e-05
1595.66	0.000222968
1595.66	2.60932e-05
1595.66	0.000222967
1595.66	2.60935e-05
1595.66	0.000222969
1595.66	2.60935e-05
1595.66	0.00022297
1595.66	2.60932e-05
1595.66	0.000222969
1595.66	2.60933e-05
1615.83	2.42118e-05
1615.83	0.00022932
1615.83	2.4212e-05
1615.83	0.000229318
1615.83	2.42118e-05
1615.83	0.000229314
1615.83	2.42118e-05
1615.83	0.000229311
1615.83	2.42119e-05
1615.83	0.00022931
1615.83	2.42119e-05
1615.83	0.000229309
1615.83	2.42119e-05
1615.83	0.000229309
1615.83	2.42118e-05
1615.83	0.000229309
1615.83	2.42118e-05
1615.83	0.000229311
1615.83	2.42116e-05
1615.83	0.000229309
1636	2.2491e-05
1636	0.000237173
1636	2.24915e-05
1636	0.000237176
1636	2.24914e-05
1636	0.000237178
1636	2.24913e-05
1636	0.000237181
1636	2.24911e-05
1636	0.000237182
1636	2.24908e-05
1636	0.000237178
1636	2.2491e-05
1636	0.000237178
1636	2.2491e-05
1636	0.000237178
1636	2.2491e-05
1636	0.000237176
1636	2.24909e-05
1636	0.000237175
1656.17	2.08289e-05
1656.17	0.000245694
1656.17	2.08293e-05
1656.17	0.00024569
1656.17	2.08298e-05
1656.17	0.000245692
1656.17	2.083e-05
1656.17	0.000245697
1656.17	2.08295e-05
1656.17	0.000245695
1656.17	2.08297e-05
1656.17	0.000245695
1656.17	2.08296e-05
1656.17	0.000245694
1656.17	2.08299e-05
1656.17	0.000245697
1656.17	2.08297e-05
1656.17	0.000245697
1656.17	2.08297e-05
1656.17	0.000245697
1676.34	1.92868e-05
1676.34	0.000255593
1676.34	1.92869e-05
1676.34	0.000255596
1676.34	1.92865e-05
1676.34	0.000255593
1676.34	1.92866e-05
1676.34	0.00025559
1676.34	1.92867e-05
1676.34	0.000255588
1676.34	1.92869e-05
1676.34	0.000255589
1676.34	1.92869e-05
1676.34	0.000255594
1676.34	1.92864e-05
1676.34	0.000255591
1676.34	1.92864e-05
1676.34	0.000255589
1676.34	1.92864e-05
1676.34	0.000255587
1696.51	1.78921e-05
1696.51	0.000267299
1696.51	1.78921e-05
1696.51	0.000267298
1696.51	1.78922e-05
1696.51	0.000267298
1696.51	1.78922e-05
1696.51	0.000267297
1696.51	1.78922e-05
1696.51	0.000267298
1696.51	1.78922e-05
1696.51	0.000267298
1696.51	1.78923e-05
1696.51	0.000267299
1696.51	1.78924e-05
1696.51	0.000267303
1696.51	1.78923e-05
1696.51	0.000267307
1696.51	1.78923e-05
1696.51	0.000267312
1716.68	1.65321e-05
1716.68	0.000279389
1716.68	1.65324e-05
1716.68	0.000279394
1716.68	1.65321e-05
1716.68	0.000279395
1716.68	1.6532e-05
1716.68	0.000279392
1716.68	1.65319e-05
1716.68	0.000279388
1716.68	1.65319e-05
1716.68	0.000279385
1716.68	1.65321e-05
1716.68	0.000279388
1716.68	1.65319e-05
1716.68	0.000279389
1716.68	1.65317e-05
1716.68	0.000279385
1716.68	1.65318e-05
1716.68	0.000279386
1736.85	1.53373e-05
1736.85	0.000293796
1736.85	1.53373e-05
1736.85	0.000293793
1736.85	1.53375e-05
1736.85	0.000293795
1736.85	1.53375e-05
1736.85	0.000293796
1736.85	1.53374e-05
1736.85	0.000293796
1736.85	1.53374e-05
1736.85	0.000293796
1736.85	1.53373e-05
1736.85	0.000293794
1736.85	1.53373e-05
1736.85	0.000293794
1736.85	1.53373e-05
1736.85	0.000293795
1736.85	1.53373e-05
1736.85	0.000293795
1757.02	1.41846e-05
1757.02	0.000308633
1757.02	1.41846e-05
1757.02	0.000308628
1757.02	1.41846e-05
1757.02	0.000308627
1757.02	1.41846e-05
1757.02	0.000308626
1757.02	1.41846e-05
1757.02	0.000308627
1757.02	1.41844e-05
1757.02	0.000308626
1757.02	1.41842e-05
1757.02	0.000308623
1757.02	1.41842e-05
1757.02	0.000308618
1757.02	1.41843e-05
1757.02	0.000308618
1757.02	1.41842e-05
1757.02	0.000308617
1777.19	1.31805e-05
1777.19	0.000326099
1777.19	1.31807e-05
1777.19	0.000326101
1777.19	1.31806e-05
1777.19	0.0003261
1777.19	1.31806e-05
1777.19	0.000326098
1777.19	1.31806e-05
1777.19	0.000326095
1777.19	1.31807e-05
1777.19	0.000326097
1777.19	1.31805e-05
1777.19	0.000326096
1777.19	1.31804e-05
1777.19	0.000326093
1777.19	1.31805e-05
1777.19	0.00032609
1777.19	1.31806e-05
1777.19	0.000326093
1797.36	1.21968e-05
1797.36	0.000343474
1797.36	1.21969e-05
1797.36	0.000343477
1797.36	1.21967e-05
1797.36	0.000343474
1797.36	1.21965e-05
1797.36	0.000343469
1797.36	1.21965e-05
1797.36	0.000343465
1797.36	1.21964e-05
1797.36	0.000343468
1797.36	1.21963e-05
1797.36	0.000343472
1797.36	1.21958e-05
1797.36	0.000343461
1797.36	1.21957e-05
1797.36	0.000343453
1797.36	1.21955e-05
1797.36	0.000343445
1817.53	1.13809e-05
1817.53	0.000364746
1817.53	1.13811e-05
1817.53	0.000364746
1817.53	1.13813e-05
1817.53	0.000364752
1817.53	1.13814e-05
1817.53	0.000364772
1817.53	1.13814e-05
1817.53	0.000364792
1817.53	1.13812e-05
1817.53	0.000364808
1817.53	1.1381e-05
1817.53	0.000364812
1817.53	1.1381e-05
1817.53	0.000364816
1817.53	1.13811e-05
1817.53	0.00036482
1817.53	1.13812e-05
1817.53	0.000364826
1837.7	1.05543e-05
1837.7	0.000385614
1837.7	1.05543e-05
1837.7	0.000385612
1837.7	1.05543e-05
1837.7	0.00038561
1837.7	1.05544e-05
1837.7	0.00038561
1837.7	1.05544e-05
1837.7	0.000385612
1837.7	1.05544e-05
1837.7	0.000385612
1837.7	1.05544e-05
1837.7	0.000385611
1837.7	1.05544e-05
1837.7	0.000385608
1837.7	1.05544e-05
1837.7	0.000385607
1837.7	1.05543e-05
1837.7	0.000385606
1857.87	9.83247e-06
1857.87	0.000409568
1857.87	9.83245e-06
1857.87	0.000409565
1857.87	9.83246e-06
1857.87	0.000409565
1857.87	9.83241e-06
1857.87	0.000409566
1857.87	9.83232e-06
1857.87	0.000409567
1857.87	9.8322e-06
1857.87	0.00040956
1857.87	9.8322e-06
1857.87	0.000409557
1857.87	9.83212e-06
1857.87	0.00040956
1857.87	9.83197e-06
1857.87	0.000409558
1857.87	9.83187e-06
1857.87	0.000409556
1878.04	9.20609e-06
1878.04	0.000437471
1878.04	9.20615e-06
1878.04	0.000437472
1878.04	9.20621e-06
1878.04	0.000437478
1878.04	9.20623e-06
1878.04	0.000437487
1878.04	9.20636e-06
1878.04	0.000437498
1878.04	9.20627e-06
1878.04	0.000437498
1878.04	9.20629e-06
1878.04	0.000437498
1878.04	9.20622e-06
1878.04	0.000437491
1878.04	9.20635e-06
1878.04	0.000437494
1878.04	9.20639e-06
1878.04	0.0004375
1898.21	8.62697e-06
1898.21	0.000468386
1898.21	8.62704e-06
1898.21	0.000468389
1898.21	8.62701e-06
1898.21	0.00046839
1898.21	8.62693e-06
1898.21	0.000468386
1898.21	8.62693e-06
1898.21	0.000468385
1898.21	8.62694e-06
1898.21	0.000468382
1898.21	8.62696e-06
1898.21	0.000468381
1898.21	8.62696e-06
1898.21	0.000468382
1898.21	8.62691e-06
1898.21	0.000468382
1898.21	8.62686e-06
1898.21	0.00046838
1918.38	8.09596e-06
1918.38	0.000503173
1918.38	8.09582e-06
1918.38	0.000503163
1918.38	8.09583e-06
1918.38	0.000503162
1918.38	8.09574e-06
1918.38	0.000503162
1918.38	8.09558e-06
1918.38	0.00050315
1918.38	8.09559e-06
1918.38	0.000503141
1918.38	8.09556e-06
1918.38	0.000503129
1918.38	8.09562e-06
1918.38	0.000503129
1918.38	8.09556e-06
1918.38	0.000503123
1918.38	8.09554e-06
1918.38	0.000503116
1938.55	7.66708e-06
1938.55	0.000546908
1938.55	7.6671e-06
1938.55	0.000546911
1938.55	7.66711e-06
1938.55	0.000546913
1938.55	7.66713e-06
1938.55	0.000546916
1938.55	7.66717e-06
1938.55	0.000546921
1938.55	7.66713e-06
1938.55	0.000546921
1938.55	7.6671e-06
1938.55	0.000546917
1938.55	7.66713e-06
1938.55	0.000546917
1938.55	7.66716e-06
1938.55	0.000546919
1938.55	7.66713e-06
1938.55	0.000546919
1958.72	7.32751e-06
1958.72	0.000602996
1958.72	7.32758e-06
1958.72	0.000602996
1958.72	7.32765e-06
1958.72	0.000602997
1958.72	7.32772e-06
1958.72	0.000603001
1958.72	7.32779e-06
1958.72	0.00060301
1958.72	7.32782e-06
1958.72	0.000603017
1958.72	7.32789e-06
1958.72	0.000603024
1958.72	7.32788e-06
1958.72	0.000603028
1958.72	7.32789e-06
1958.72	0.000603029
1958.72	7.32792e-06
1958.72	0.000603035
1978.89	7.11437e-06
1978.89	0.000683028
1978.89	7.11449e-06
1978.89	0.000683056
1978.89	7.11468e-06
1978.89	0.000683086
1978.89	7.11463e-06
1978.89	0.000683102
1978.89	7.11463e-06
1978.89	0.000683107
1978.89	7.11463e-06
1978.89	0.000683106
1978.89	7.11463e-06
1978.89	0.000683108
1978.89	7.11467e-06
1978.89	0.000683104
1978.89	7.11475e-06
1978.89	0.000683105
1978.89	7.11484e-06
1978.89	0.000683103
1999.06	0.000167855
1999.06	0.000167858
1999.06	0.000167856
1999.06	0.000167856
1999.06	0.000167857
1999.06	0.000167856
1999.06	0.000167855
1999.06	0.000167856
1999.06	0.000167855
1999.06	0.000167855
1999.06	0.000167855
1999.06	0.000167854
1999.06	0.000167855
1999.06	0.000167855
1999.06	0.000167854
1999.06	0.000167854
1999.06	0.000167854
1999.06	0.000167853
1999.06	0.000167853
1999.06	0.000167854
2019.23	0.000167355
2019.23	0.000167346
2019.23	0.000167353
2019.23	0.000167345
2019.23	0.000167354
2019.23	0.000167344
2019.23	0.000167354
2019.23	0.000167342
2019.23	0.000167355
2019.23	0.000167341
2019.23	0.000167355
2019.23	0.000167341
2019.23	0.000167355
2019.23	0.000167341
2019.23	0.000167355
2019.23	0.00016734
2019.23	0.000167355
2019.23	0.00016734
2019.23	0.000167354
2019.23	0.00016734
2039.4	0.000166905
2039.4	0.000166916
2039.4	0.000166905
2039.4	0.000166916
2039.4	0.000166905
2039.4	0.000166916
2039.4	0.000166905
2039.4	0.000166916
2039.4	0.000166905
2039.4	0.000166916
2039.4	0.000166906
2039.4	0.000166916
2039.4	0.000166905
2039.4	0.000166916
2039.4	0.000166905
2039.4	0.000166916
2039.4	0.000166905
2039.4	0.000166917
2039.4	0.000166905
2039.4	0.000166917
2059.57	0.000166396
2059.57	0.000166393
2059.57	0.000166396
2059.57	0.000166394
2059.57	0.000166395
2059.57	0.000166395
2059.57	0.000166395
2059.57	0.000166396
2059.57	0.000166395
2059.57	0.000166396
2059.57	0.000166395
2059.57	0.000166396
2059.57	0.000166395
2059.57	0.000166396
2059.57	0.000166395
2059.57	0.000166396
2059.57	0.000166395
2059.57	0.000166396
2059.57	0.000166395
2059.57	0.000166396
2079.74	0.000165884
2079.74	0.000165886
2079.74	0.000165885
2079.74	0.000165885
2079.74	0.000165885
2079.74	0.000165886
2079.74	0.000165886
2079.74	0.000165886
2079.74	0.000165886
2079.74	0.000165886
2079.74	0.000165886
2079.74	0.000165886
2079.74	0.000165886
2079.74	0.000165886
2079.74	0.000165887
2079.74	0.000165887
2079.74	0.000165887
2079.74	0.000165887
2079.74	0.000165887
2079.74	0.000165888
2099.91	0.000165344
2099.91	0.000165347
2099.91	0.000165344
2099.91	0.000165347
2099.91	0.000165345
2099.91	0.000165346
2099.91	0.000165346
2099.91	0.000165346
2099.91	0.000165347
2099.91	0.000165346
2099.91	0.000165347
2099.91	0.000165347
2099.91	0.000165346
2099.91	0.000165348
2099.91	0.000165347
2099.91	0.000165347
2099.91	0.000165348
2099.91	0.000165347
2099.91	0.000165347
2099.91	0.000165348
2120.08	0.000164827
2120.08	0.000164834
2120.08	0.000164828
2120.08	0.000164834
2120.08	0.000164829
2120.08	0.000164832
2120.08	0.00016483
2120.08	0.000164831
2120.08	0.000164831
2120.08	0.00016483
2120.08	0.000164831
2120.08	0.000164831
2120.08	0.000164831
2120.08	0.000164832
2120.08	0.00016483
2120.08	0.000164831
2120.08	0.000164831
2120.08	0.000164831
2120.08	0.000164831
2120.08	0.00016483
2140.25	0.00016432
2140.25	0.000164321
2140.25	0.00016432
2140.25	0.000164322
2140.25	0.000164319
2140.25	0.000164322
2140.25	0.000164319
2140.25	0.000164322
2140.25	0.000164319
2140.25	0.000164321
2140.25	0.00016432
2140.25	0.000164321
2140.25	0.000164319
2140.25	0.000164322
2140.25	0.000164319
2140.25	0.000164321
2140.25	0.00016432
2140.25	0.000164321
2140.25	0.000164319
2140.25	0.000164322
2160.42	0.000163758
2160.42	0.000163751
2160.42	0.000163756
2160.42	0.000163753
2160.42	0.000163755
2160.42	0.000163754
2160.42	0.000163754
2160.42	0.000163754
2160.42	0.000163754
2160.42	0.000163754
2160.42	0.000163753
2160.42	0.000163754
2160.42	0.000163753
2160.42	0.000163754
2160.42	0.000163752
2160.42	0.000163754
2160.42	0.000163752
2160.42	0.000163755
2160.42	0.000163751
2160.42	0.000163755
2180.59	0.000163198
2180.59	0.000163197
2180.59	0.000163196
2180.59	0.000163199
2180.59	0.000163194
2180.59	0.000163198
2180.59	0.000163196
2180.59	0.000163196
2180.59	0.000163197
2180.59	0.000163195
2180.59	0.000163198
2180.59	0.000163195
2180.59	0.000163197
2180.59	0.000163195
2180.59	0.000163196
2180.59	0.000163196
2180.59	0.000163195
2180.59	0.000163196
2180.59	0.000163195
2180.59	0.000163196
2200.76	0.000162618
2200.76	0.000162621
2200.76	0.000162619
2200.76	0.000162619
2200.76	0.00016262
2200.76	0.000162619
2200.76	0.00016262
2200.76	0.00016262
2200.76	0.000162619
2200.76	0.00016262
2200.76	0.00016262
2200.76	0.000162619
2200.76	0.000162619
2200.76	0.00016262
2200.76	0.000162619
2200.76	0.00016262
2200.76	0.000162619
2200.76	0.000162619
2200.76	0.000162619
2200.76	0.000162619
2220.93	0.000162079
2220.93	0.000162081
2220.93	0.000162077
2220.93	0.000162082
2220.93	0.000162077
2220.93	0.000162081
2220.93	0.000162078
2220.93	0.000162079
2220.93	0.000162078
2220.93	0.000162079
2220.93	0.000162078
2220.93	0.000162078
2220.93	0.000162077
2220.93	0.000162078
2220.93	0.000162077
2220.93	0.000162077
2220.93	0.000162077
2220.93	0.000162077
2220.93	0.000162076
2220.93	0.000162076
