632.749	56.9278	0.125701	0.305518
578.09	37.3879	0.140494	0.137073
703.277	57.9804	0.159579	0.240519
274.298	36.6486	0.214991	0.131342
683.646	49.4665	0.171143	0.138865
370.795	40.1046	0.166726	0.151366
261.385	50.5026	0.240552	0.164864
459.997	50.8943	0.20832	0.155019
553.738	48.7931	0.132062	0.225718
285.831	48.8702	0.180143	0.152740
344.366	42.3064	0.14152	0.120864
182.45	42.3306	0.137571	0.241580
389.454	56.3714	0.174715	0.230523
643.855	47.7884	0.2282	0.107905
640.795	40.955	0.148059	0.155840
597.867	38.1458	0.143022	0.127129
554.455	42.3799	0.194026	0.115929
377.994	41.4301	0.143062	0.130204
337.638	40.1625	0.174623	0.123105
593.169	57.0926	0.154317	0.225302
339.285	38.5718	0.165486	0.093475
429.394	37.5367	0.136266	0.163490
851.653	53.7157	0.144126	0.182369
511.341	50.6265	0.222255	0.152691
299.477	40.4505	0.147631	0.253690
236.582	44.6869	0.17307	0.471069
320.284	44.7777	0.173176	0.164885
205.972	40.7507	0.157647	0.146960
638.758	56.0217	0.244649	0.135396
290.118	37.6432	0.148241	0.072181
708.378	49.4099	0.23964	0.108832
598.105	44.1414	0.201418	0.137871
579.999	39.5679	0.177769	0.096423
538.892	36.5165	0.140431	0.124428
572.065	37.2118	0.127578	0.142642
152.98	38.0097	0.248691	0.074161
184.791	41.55	0.233612	0.106968
483.836	39.0669	0.140534	0.152858
694.012	52.7504	0.139909	0.239178
676.762	55.6687	0.144358	0.194681
593.215	48.7671	0.14685	0.202422
254.708	39.7636	0.171191	0.132161
166.154	37.3437	0.15126	0.163349
678.404	42.8695	0.186623	0.104794
610.678	41.7835	0.188232	0.106298
267.548	51.2012	0.131944	0.143505
428.749	45.293	0.208468	0.124073
297.937	58.41	0.130454	1.171099
382.375	52.38	0.125973	0.207581
531.031	37.5396	0.125345	0.121165
299.875	46.5791	0.211908	0.179927
364.749	39.7887	0.162032	0.127715
605.569	46.6785	0.127492	0.204599
788.206	50.0894	0.148773	0.180155
230.387	54.7196	0.199166	1.663293
631.333	55.6032	0.130154	0.228308
247.543	44.0076	0.164529	0.240704
540.899	46.6827	0.187927	0.145612
767.84	60.0691	0.24896	0.113737
240.764	41.6044	0.155021	0.282475
563.319	42.4974	0.241941	0.071435
586.659	49.6467	0.244742	0.111196
492.566	60.3649	0.181809	0.261206
728.165	56.755	0.154713	0.194892
388.314	45.1999	0.147791	0.201534
189.814	38.7868	0.206995	0.112718
804.816	58.9479	0.126765	0.280949
322.258	37.4411	0.211009	0.094256
425.875	44.8116	0.133653	0.248817
488.336	39.4191	0.142571	0.116474
182.841	37.3907	0.235739	0.077065
206.876	39.767	0.167684	0.087796
407.813	53.3613	0.145882	0.307787
612.254	38.0137	0.203304	0.083935
389.823	36.7742	0.234894	0.099461
613.38	52.7837	0.202693	0.119707
568.758	50.842	0.245099	0.112981
436.612	44.9367	0.178402	0.143732
429.159	37.6613	0.23029	0.091162
541.898	37.0101	0.143889	0.134961
630.192	58.3048	0.224288	0.125457
179.941	42.3165	0.129892	0.159846
349.323	53.0113	0.12863	2.336260
388.242	44.8658	0.211639	0.127003
262.562	55.1069	0.201922	0.157571
420.756	51.1595	0.20367	0.152699
305.893	59.6855	0.161428	8.560660
506.363	58.4855	0.140402	0.337955
347.917	36.7129	0.127989	0.121117
361.955	36.6086	0.192915	0.115674
554.052	58.0847	0.171699	0.215181
166.134	38.3915	0.234422	0.136777
407.999	54.5932	0.234343	0.177268
573.205	40.9971	0.17772	0.106135
779.527	51.7867	0.17602	0.146657
508.01	39.2925	0.174402	0.111241
476.933	40.872	0.206737	0.126249
220.504	45.1417	0.137042	0.145590
193.905	42.3276	0.15822	0.173358
312.613	38.3882	0.243567	0.107870
441.378	37.2358	0.152734	0.188114
600.511	44.2886	0.212508	0.104452
632.412	55.2001	0.157893	0.224765
240.584	50.0865	0.141541	0.192472
416.606	42.0522	0.130578	0.221832
523.417	42.0794	0.128282	0.171858
504.681	57.679	0.169508	0.247687
416.687	53.851	0.180792	0.211492
430.404	49.3842	0.163588	0.208273
310.353	51.0803	0.214282	0.216233
495.329	54.0928	0.197276	0.177517
318.155	50.1877	0.19015	0.227730
465.07	36.5077	0.14296	0.139092
285.604	41.2572	0.14168	0.339100
652.828	50.1929	0.207243	0.130858
614.766	41.9773	0.165801	0.099309
242.605	50.9854	0.235845	0.128721
615.89	45.7403	0.171274	0.146222
360.492	39.1427	0.200671	0.121743
436.042	38.8284	0.129974	0.183375
221.393	37.6025	0.224787	0.089676
330.217	53.6174	0.142584	0.235188
285.691	45.3623	0.166165	0.132889
478.593	38.6181	0.165278	0.122032
247.071	52.8282	0.219014	0.210566
280.299	54.715	0.163682	0.175157
527.695	47.1015	0.205934	0.128260
506.279	58.9895	0.240532	0.152799
306.062	46.9114	0.14683	0.136447
487.278	52.0697	0.205101	0.178404
201.307	37.9747	0.141847	0.108308
496.899	39.4389	0.143055	0.124878
321.067	37.7817	0.226052	0.123127
246.774	44.8095	0.128947	0.214718
552.475	48.6755	0.245957	0.105808
208.47	46.7239	0.184861	0.204708
209.958	51.6901	0.237797	0.183343
606.815	40.7774	0.136883	0.132479
222.64	45.73	0.192392	0.646697
608.12	42.6021	0.193465	0.120452
586.566	53.6277	0.13974	0.246976
515.867	55.1829	0.14826	0.236815
495.611	40.5016	0.192903	0.113277
352.463	50.9184	0.148978	0.207321
944.872	58.9669	0.20582	0.125071
465.791	41.8957	0.204644	0.118243
707.795	47.6931	0.13282	0.177345
445.995	36.6235	0.138638	0.128624
439.294	41.0556	0.205711	0.153689
718.342	50.7967	0.209803	0.107940
551.885	50.3129	0.143722	0.208622
320.635	52.9749	0.156952	0.375335
620.803	50.2614	0.14709	0.204595
301.091	39.0981	0.131954	0.336340
545.832	44.5325	0.201499	0.114336
590.807	53.9989	0.147411	0.184523
206.888	41.042	0.14312	0.181064
461.783	39.455	0.134371	0.162882
229.068	43.6093	0.204673	0.370421
304.386	51.6169	0.246158	0.174021
491.204	58.2892	0.13301	0.408329
257.428	42.7645	0.198594	0.143008
452.167	39.1474	0.173221	0.139012
365.743	47.1244	0.197212	0.183397
374.642	56.3643	0.141178	0.324450
924.665	59.6011	0.249714	0.092061
728.642	58.2332	0.125774	0.261918
230.168	46.6974	0.137516	0.155066
404.717	45.2089	0.152203	0.190804
369.579	45.2572	0.130242	0.171955
400.215	36.7034	0.152085	0.128405
359.193	50.6546	0.221266	0.184785
397.844	43.4774	0.172312	0.170095
267.232	37.6018	0.179103	0.115368
226.639	48.6329	0.149407	0.189941
466.577	50.3697	0.161267	0.196454
271.672	50.5116	0.189354	0.216641
568.476	46.9316	0.126587	0.254606
695.262	49.0818	0.138059	0.175515
725.709	53.4354	0.191177	0.161775
223.417	38.6269	0.193426	0.249011
608.478	42.8684	0.169356	0.137811
259.376	38.1957	0.192348	0.109287
361.234	42.9086	0.130411	0.178876
280.353	46.8042	0.19089	0.205736
266.992	36.6375	0.169387	0.062443
634.761	50.5344	0.174892	0.165408
337.641	49.8683	0.180693	0.171406
441.932	54.113	0.149507	0.247080
420.867	56.0692	0.125204	0.277689
319.774	43.438	0.13481	0.464011
554.654	50.3284	0.16564	0.179643
619.713	43.1792	0.202332	0.109630
400.237	41.4713	0.189593	0.129703
260.114	47.9501	0.1735	0.157465
487.301	44.5719	0.158466	0.187338
423.816	54.6604	0.246989	0.204423
605.524	49.2915	0.162097	0.172721
446.945	52.137	0.16102	0.193931
402.634	47.2505	0.244296	0.122418
608.141	44.1038	0.153693	0.148538
749.954	48.7313	0.225374	0.101557
588.92	52.0687	0.190337	0.163509
333.555	55.4003	0.139287	0.518345
307.059	39.0164	0.176755	0.159402
171.987	42.0225	0.186475	0.112056
678.937	42.9605	0.23354	0.067119
885.634	60.3542	0.156632	0.194620
372.091	37.7516	0.238138	0.113102
573.026	37.6419	0.192578	0.088361
599.538	44.1567	0.166449	0.115259
462.526	55.5858	0.129624	0.304344
354.947	42.281	0.154635	0.108517
511.692	42.785	0.192879	0.121931
366.076	46.9301	0.190369	0.184575
321.121	51.4367	0.134122	0.294653
262.955	43.1071	0.162715	0.136160
601.785	48.1945	0.180458	0.161509
862.612	53.9176	0.248303	0.096594
246.968	56.3688	0.12802	0.315507
235.284	44.103	0.144136	0.216779
463.071	38.7126	0.131166	0.177953
553.271	41.665	0.131374	0.165607
646.254	49.7812	0.129463	0.227451
515.177	57.8821	0.18756	0.183808
309.396	37.504	0.184911	0.090808
310.54	39.351	0.14927	0.165401
179.587	39.2213	0.196568	0.114625
462.986	53.2214	0.129073	0.296930
605.961	41.829	0.221605	0.091349
162.846	38.0286	0.13251	0.186819
875.236	60.1652	0.1355	0.193743
616.813	43.8219	0.169598	0.136809
210.326	38.4765	0.144457	0.118061
553.829	51.5596	0.204738	0.140318
356.877	42.9656	0.137481	0.111734
285.583	48.4434	0.168057	0.118881
306.152	37.658	0.196417	0.095152
375.276	46.791	0.137676	0.192490
418.22	37.2652	0.130727	0.160996
317.301	43.0486	0.20186	0.143874
199.291	50.6131	0.174649	0.216134
311.432	42.7291	0.184816	0.140147
224.222	37.2293	0.24029	0.091053
328.902	52.55	0.231202	0.131477
190.001	46.6718	0.195857	0.186238
646.882	55.6682	0.198737	0.148271
177.026	38.343	0.161627	0.083525
472.265	59.929	0.15095	0.282824
803.921	52.7526	0.188324	0.140186
237.967	38.8919	0.186613	0.081435
715.897	55.6261	0.209437	0.134002
486.382	38.2878	0.182323	0.121014
526.996	38.9066	0.129695	0.165341
448.551	38.0296	0.129569	0.114955
314.351	40.0004	0.182193	0.169017
342.719	41.5398	0.15899	0.113138
256.686	37.5651	0.210886	0.082738
523.433	43.9595	0.16131	0.150002
890.47	58.8489	0.147828	0.213365
456.893	38.2761	0.184638	0.110762
572.609	38.7422	0.210685	0.103510
380.566	46.5447	0.222499	0.147893
302.145	38.9517	0.132104	0.872322
617.018	51.5776	0.133943	0.209776
630.802	56.4387	0.193925	0.147345
434.132	40.5191	0.132752	0.173507
335.002	37.8115	0.179878	0.136872
455.169	40.8832	0.15785	0.144423
671.745	42.8147	0.190657	0.103143
562.287	39.5389	0.231152	0.091005
455.609	46.5952	0.147907	0.185615
488.254	38.3689	0.15562	0.120364
667.537	47.3258	0.196301	0.123470
706.776	50.3119	0.154485	0.166307
390.75	42.159	0.221014	0.148462
641.069	42.1144	0.146585	0.125673
320.58	44.0761	0.199112	0.165545
286.974	40.51	0.144475	0.342747
542.955	40.1514	0.128529	0.198001
358.436	51.4677	0.194292	0.176705
556.631	36.6822	0.228419	0.083928
232.01	36.8982	0.136721	0.138401
424.299	53.595	0.204408	0.202252
595.939	44.0792	0.175546	0.128368
504.228	37.3223	0.147276	0.149789
493.992	58.5736	0.171692	0.268539
471.347	58.57	0.181719	0.256231
250.864	43.8871	0.164051	0.439000
222.275	37.0629	0.158201	0.161099
368.715	57.4831	0.243751	0.197645
583.816	38.6745	0.165434	0.127215
308.14	41.7144	0.139778	0.152611
404.137	60.4908	0.186012	0.191545
823.332	56.7914	0.159739	0.160170
495.231	55.1188	0.143539	0.245178
616.03	51.9	0.187571	0.154649
569.596	43.6639	0.210593	0.120144
618.98	53.7623	0.125279	0.249555
451.678	43.6961	0.22524	0.129841
407.553	49.2498	0.126773	0.215995
758.404	57.8756	0.202316	0.141293
744.316	51.383	0.167764	0.153410
258.497	41.5848	0.199517	0.093478
354.654	45.4384	0.16489	0.181286
343.018	44.6899	0.247894	0.142223
302.501	56.9777	0.154342	0.641455
256.03	41.9681	0.213804	0.124478
330.807	55.0099	0.138847	1.669381
609.689	52.0964	0.175368	0.191472
446.86	46.8092	0.158075	0.197546
485.992	47.586	0.165991	0.177609
264.052	41.2451	0.244932	0.092583
319.107	39.7894	0.197721	0.142219
738.365	59.0377	0.1561	0.217195
622.241	51.1944	0.174252	0.154759
579.056	51.7921	0.15484	0.180220
228.911	38.7316	0.205095	0.218762
274.661	39.8867	0.141744	0.213482
401.727	41.8235	0.215394	0.125092
295.871	39.7637	0.143397	0.228507
713.469	49.5263	0.133049	0.194817
524.896	60.3549	0.194964	0.174601
202.062	40.3193	0.173925	0.107568
394.638	43.0275	0.162113	0.140502
648.221	56.6399	0.189034	0.148226
486.413	40.6446	0.21847	0.107115
679.518	45.1069	0.201018	0.115933
244.513	60.7659	0.12901	5.563540
255.461	41.3249	0.172315	0.149225
288.751	38.1415	0.127768	0.312145
367.702	38.5058	0.164973	0.114287
179.168	39.6921	0.132158	0.136597
244.094	38.0351	0.189149	0.095649
789.095	48.0118	0.203798	0.116887
349.883	45.8531	0.197984	0.112922
606.467	46.4773	0.130186	0.150012
622.887	52.0818	0.173603	0.157590
531.601	44.7701	0.224772	0.103162
479.659	43.641	0.202292	0.110454
798.511	58.8057	0.180429	0.174408
379.252	53.6467	0.218339	0.162261
558.598	55.6351	0.150727	0.251497
302.014	50.8639	0.135605	0.263532
525.483	50.6885	0.129707	0.277344
280.438	43.5861	0.131009	0.223400
734.67	48.8198	0.141725	0.182021
523.66	36.5374	0.15934	0.120549
790.685	55.8901	0.143149	0.178927
229.203	40.3322	0.14402	0.110123
438.864	44.2041	0.184514	0.156688
452.937	40.5715	0.200606	0.125737
476.031	37.3057	0.135194	0.142106
742.211	49.6445	0.171024	0.127921
281.481	45.8736	0.147472	0.742662
632.377	44.2917	0.205909	0.098494
228.232	40.1626	0.125064	0.173191
537.031	44.7097	0.153134	0.155784
687.326	49.9631	0.185867	0.117132
295.469	44.2322	0.133829	0.349934
499.372	53.1025	0.1838	0.156320
381.273	44.8654	0.236158	0.147674
229.443	49.6929	0.184058	0.332264
599.401	47.5927	0.170311	0.144937
424.126	57.2503	0.126793	0.249317
313.638	47.5112	0.126355	1.175882
295.836	53.3889	0.134934	0.206178
559.877	37.3883	0.219145	0.081252
384.58	53.8817	0.24823	0.165681
410.183	47.2128	0.175917	0.153373
447.11	52.2549	0.163865	0.186467
233.708	50.502	0.132865	0.198535
376.362	44.3211	0.219937	0.106952
447.773	43.8557	0.197858	0.131970
487.513	60.7129	0.201399	0.202815
753.764	60.3816	0.136669	0.328812
652.097	45.1765	0.149937	0.126474
439.222	38.483	0.222889	0.092654
705.13	46.7577	0.183849	0.136994
555.601	38.3819	0.216385	0.098181
827.585	52.3204	0.189724	0.131748
700.718	53.0811	0.17666	0.151518
612.951	41.8549	0.136771	0.159857
574.049	46.6837	0.222938	0.109749
607.521	46.4752	0.152077	0.157820
387.392	51.205	0.210271	0.163789
526.665	53.3136	0.146932	0.226518
394.746	54.4562	0.129512	0.181246
562.859	48.1161	0.125114	0.190723
576.631	47.8388	0.148201	0.186930
289.245	53.6868	0.182411	0.287414
353.238	41.8461	0.126031	0.307496
227.159	42.6131	0.177745	0.307767
313.288	38.5216	0.24251	0.094677
455.787	42.977	0.205922	0.139654
351.216	41.6286	0.168954	0.115146
318.514	39.3848	0.247036	0.124665
505.691	46.3492	0.20589	0.114654
502.76	55.4946	0.167531	0.210746
305.619	46.1663	0.188494	0.168378
429.3	43.2144	0.141606	0.190092
665.57	52.8186	0.141939	0.192872
388.252	37.7403	0.248613	0.084875
514.633	42.3705	0.233294	0.103447
395.601	50.6789	0.222873	0.180846
396.621	38.8212	0.192644	0.133746
195.727	37.6663	0.205435	0.090819
694.595	45.1147	0.189319	0.117860
296.806	47.5672	0.161128	0.132447
600.092	58.7455	0.137172	0.243244
299.359	50.3551	0.132777	0.267331
471.925	41.2405	0.212651	0.116954
297.293	38.8696	0.151223	0.111274
712.535	46.992	0.159048	0.143154
804.631	59.0138	0.146195	0.233884
203.606	39.7536	0.161972	0.105491
319.637	39.9669	0.150351	0.113894
620.939	45.4817	0.127674	0.182626
756.677	58.1051	0.147115	0.217444
522.613	55.1604	0.192321	0.173474
498.839	39.9917	0.167425	0.124419
504.817	37.1668	0.235817	0.078365
539.141	38.1876	0.129302	0.152323
437.269	37.7294	0.136645	0.164652
665.988	50.7368	0.134881	0.190489
668.257	42.8519	0.140322	0.128258
628.42	41.306	0.203272	0.096281
811.828	58.3982	0.140644	0.236061
402.402	40.9547	0.205198	0.116572
608.713	43.6973	0.126983	0.166608
496.205	52.3907	0.179208	0.197497
435.188	38.1667	0.157587	0.140015
345.852	44.4564	0.245709	0.135417
225.287	57.1908	0.21769	0.309846
364.708	37.6349	0.146576	0.111414
705.141	58.8873	0.225363	0.118374
491.244	50.7925	0.22315	0.140911
220.231	44.6569	0.234306	0.132149
275.048	44.9457	0.2055	0.182928
847.146	57.14	0.177082	0.142185
164.569	37.8405	0.128099	0.219130
258.796	38.4342	0.179982	0.143362
583.716	42.4033	0.12703	0.190835
383.671	52.9825	0.185003	0.249917
274.513	55.6221	0.243929	0.168976
567.267	56.1792	0.242114	0.118233
490.006	37.7085	0.223955	0.091534
646.09	58.1939	0.175776	0.215320
500.505	39.7814	0.16175	0.141228
800.259	54.5869	0.159578	0.175644
651.395	43.8533	0.238666	0.089007
311.109	42.6451	0.20762	0.135939
383.582	56.9807	0.180134	0.196440
811.479	60.3134	0.137956	0.204927
578.33	48.2207	0.154816	0.177183
726.721	51.3183	0.133367	0.182550
503.536	59.3507	0.240042	0.159288
414.225	51.3024	0.195801	0.206520
432.268	52.3137	0.174101	0.208809
512.42	46.6999	0.231758	0.132093
300.945	48.9794	0.171189	0.239381
345.703	47.3479	0.129638	0.357443
355.844	40.1006	0.217841	0.135740
262.124	40.1719	0.145256	0.348266
192.648	45.1503	0.13673	0.263428
637.5	55.0856	0.134187	0.204869
363.901	36.7595	0.160601	0.113663
561.928	47.3075	0.169816	0.151362
337.669	42.1027	0.127827	0.160826
627	44.906	0.145835	0.178393
507.584	59.1098	0.152437	0.239420
630.19	47.2351	0.141865	0.220568
494.254	48.6544	0.138186	0.241593
608.787	39.3499	0.248721	0.073199
332.367	47.9904	0.168453	0.132754
294.328	44.1633	0.179818	0.217269
487.375	40.17	0.156898	0.130731
935.709	60.3642	0.146713	0.174067
238.655	57.7785	0.156647	0.197440
600.302	47.1411	0.210426	0.119136
343.785	59.5093	0.186259	0.241516
670.108	56.1932	0.162175	0.190015
930.545	59.5164	0.156099	0.180281
723.259	58.3569	0.151904	0.218697
272.982	38.876	0.218606	0.124465
894.173	58.1411	0.158122	0.164574
338.495	38.8967	0.14828	0.105271
448.192	48.8621	0.139059	0.205462
399.251	48.9972	0.156535	0.214052
319.065	36.9042	0.126257	0.307315
589.026	38.8867	0.225678	0.078926
639.099	41.1931	0.211952	0.118050
342.624	44.5001	0.171037	0.142126
340.491	39.2659	0.167274	0.159581
519.936	36.6548	0.15511	0.101886
307.716	39.3407	0.161126	0.126132
562.007	43.1996	0.15756	0.136079
339.623	46.5538	0.13742	0.161854
176.286	37.752	0.168148	0.124092
214.469	50.7722	0.167175	0.268337
480.314	38.8562	0.212461	0.095987
327.995	38.0485	0.136581	0.110089
530.975	37.6964	0.228094	0.082381
571.764	38.8053	0.153901	0.134409
792.216	55.8372	0.213437	0.137792
738.299	60.2268	0.249559	0.117431
746.944	51.812	0.154549	0.186145
423.417	46.5042	0.245637	0.131247
493.893	36.9366	0.246928	0.078201
750.54	58.8189	0.177164	0.198016
447.925	39.2387	0.173901	0.118212
874.708	58.093	0.136801	0.209281
481.3	36.7759	0.199813	0.096915
459.607	43.7488	0.154434	0.188966
507.649	53.4005	0.138057	0.324442
377.071	43.3389	0.126356	0.180315
334.213	49.5459	0.158848	0.156660
576.82	47.1692	0.212177	0.114265
749.247	48.0703	0.134586	0.187943
684.654	60.349	0.187493	0.169623
362.711	39.9332	0.14751	0.133392
357.503	42.3869	0.210081	0.143364
202.223	49.6201	0.134508	0.745736
784.796	60.3533	0.166579	0.177353
728.467	51.8537	0.235702	0.093582
713.666	50.2128	0.159947	0.147150
719.534	48.4507	0.141874	0.157294
275.385	50.398	0.132645	0.380481
277.458	36.961	0.244663	0.083187
304.094	38.7842	0.127854	0.138965
738.692	60.3186	0.192864	0.163179
387.716	39.5343	0.152817	0.126732
220.155	45.9486	0.160025	0.138542
658.232	44.5004	0.177968	0.115970
369.81	50.809	0.147688	0.289643
586.224	39.4917	0.131595	0.151233
385.64	46.119	0.201898	0.160715
458.335	47.1907	0.125279	0.242112
470.733	45.348	0.132996	0.224331
622.374	45.4756	0.128764	0.168260
400.955	59.643	0.163114	0.300153
571.403	58.4801	0.184922	0.250138
192.66	41.0526	0.132103	0.099591
430.576	40.5308	0.159351	0.159937
269.144	51.9724	0.128966	0.526715
277.37	40.5942	0.135844	0.237143
245.637	39.844	0.13548	0.215298
303.745	44.0652	0.140443	2.020067
411.445	50.6019	0.17843	0.205438
455.646	58.3863	0.182772	0.243598
448.974	48.6007	0.139503	0.224757
734.557	55.8914	0.158429	0.185383
384.112	44.3165	0.209631	0.128254
375.456	42.8955	0.14419	0.156306
296.461	48.7925	0.160696	0.274428
788.88	59.7264	0.166233	0.190245
678.409	42.5217	0.127003	0.156387
603.696	43.2783	0.156103	0.159460
605.193	44.145	0.143533	0.145115
863.3	59.6953	0.157721	0.172159
293.395	50.1827	0.214802	0.246967
385.794	36.8074	0.246479	0.093676
556.165	53.1284	0.144739	0.234210
689.943	52.905	0.226234	0.121675
461.742	41.1229	0.181709	0.150371
241.337	49.6395	0.150974	0.224246
422.931	40.0806	0.157904	0.146607
246.731	37.5677	0.219823	0.099433
186.064	37.3118	0.130758	0.143275
741.3	49.6823	0.225474	0.094887
567.264	52.1529	0.132603	0.236420
450.424	45.1637	0.190895	0.124426
420.494	59.6141	0.208474	0.244947
441.553	39.3856	0.129192	0.143767
563.291	45.0552	0.166314	0.128632
353.972	53.4798	0.144095	0.235775
166.066	37.2802	0.132169	0.142666
301.289	50.7498	0.173735	0.151946
495.616	38.0696	0.135709	0.135412
905.843	59.2311	0.151437	0.215785
682.985	55.1954	0.12943	0.236480
618.358	45.6119	0.141713	0.184445
533.799	44.722	0.127715	0.151282
242.125	39.3836	0.157577	0.127740
734.382	52.6517	0.24287	0.121580
586.139	43.8815	0.134932	0.201189
356.195	38.3056	0.19566	0.122856
471.74	37.7607	0.215651	0.097799
660.206	45.703	0.181191	0.115742
480.804	42.835	0.205122	0.141484
243.059	41.8694	0.15886	0.285901
530.002	45.3583	0.165364	0.162941
621.825	60.1139	0.198588	0.194756
453.615	46.9753	0.127546	0.274984
390.556	48.8155	0.175481	0.191993
487.871	56.5494	0.157739	0.211194
602.507	50.7139	0.147662	0.188218
601.452	44.4791	0.214389	0.116421
473.6	39.8314	0.184518	0.112970
643.158	45.7679	0.129605	0.192779
391.818	39.5252	0.189736	0.169635
234.573	46.0229	0.142733	0.448413
253.223	44.2126	0.170326	0.694824
597.284	45.2718	0.208236	0.111021
236.07	45.5193	0.189741	1.021159
552.842	51.1341	0.160066	0.239549
247.901	43.6938	0.152386	0.108280
230.623	53.6915	0.23595	0.163073
585.954	50.6692	0.142894	0.220578
528.531	42.2411	0.143257	0.173183
666.022	60.6369	0.148228	0.226948
724.569	47.5948	0.173125	0.118201
666.47	44.1721	0.170839	0.136713
508.345	42.9924	0.179978	0.110532
495.697	38.8492	0.138404	0.125939
333.247	53.8828	0.15664	0.159173
457.806	40.9108	0.171824	0.138674
471.044	50.4192	0.187106	0.211112
554.279	50.1495	0.13741	0.233630
353.485	48.466	0.140239	0.134864
364.431	36.5495	0.226305	0.088083
234.128	55.6136	0.223424	2.194178
251.13	52.1514	0.181504	0.962363
252.934	60.3841	0.160494	0.280262
748.151	52.8228	0.139564	0.210852
578.622	51.2561	0.139627	0.245301
546.868	39.0676	0.172445	0.133242
652.17	44.5874	0.14357	0.157856
333.66	48.2406	0.217243	0.177217
327.084	36.575	0.143701	0.137349
303.653	37.926	0.131426	0.136613
510.008	45.022	0.135533	0.198561
458.176	46.8697	0.137397	0.201358
391.508	55.6554	0.158139	0.251209
275.365	49.0622	0.238431	0.176495
286.914	39.4931	0.168197	0.091709
452.667	40.3804	0.180203	0.117316
365.897	38.5392	0.172313	0.152623
640.541	44.9692	0.191674	0.097610
752.53	59.8839	0.24249	0.117275
483.453	43.284	0.163466	0.164036
254.61	38.9878	0.164342	0.382735
448.046	38.0537	0.138531	0.126187
422.733	52.4201	0.161256	0.206565
214.804	40.7155	0.152738	0.193922
830.848	56.3885	0.218032	0.128734
399.916	39.9657	0.145947	0.156496
550.116	44.3269	0.131914	0.204172
579.156	40.8351	0.146548	0.134829
912.388	59.644	0.206318	0.165378
571.305	36.8945	0.188116	0.115392
752.935	58.5672	0.12753	0.242734
583.519	36.5575	0.148426	0.142882
638.752	52.3308	0.144038	0.197506
529.669	52.3379	0.159986	0.211193
584.898	44.1348	0.219918	0.087458
453.239	37.544	0.134864	0.160274
656.824	59.5551	0.196253	0.180667
165.737	41.0947	0.186426	0.114443
194.14	46.2891	0.172808	0.170832
350.535	56.2698	0.142283	1.270967
368.86	60.1627	0.133635	0.458424
638.454	45.978	0.230431	0.115322
531.983	41.2762	0.138888	0.132922
278.14	49.314	0.23492	0.130862
262.153	39.9739	0.154269	0.352130
800.092	56.6612	0.190929	0.144639
267.413	40.8241	0.191547	0.114945
417.828	58.3273	0.241478	0.139248
620.154	44.1498	0.228922	0.092165
463.46	40.0632	0.188682	0.113492
734.847	58.8269	0.147074	0.207567
287.567	45.3282	0.184074	0.159762
689.193	46.8662	0.188896	0.131976
493.992	60.2609	0.144522	0.253769
473.823	39.2152	0.131282	0.123519
510.558	44.6933	0.244673	0.104886
706.669	50.1767	0.160054	0.184835
239.015	40.4844	0.159099	0.127616
904.942	58.0119	0.134094	0.224582
389.467	38.3899	0.20742	0.113487
530.305	46.6845	0.152486	0.213153
480.74	44.0973	0.131317	0.211745
273.89	48.0706	0.24632	0.137096
217.438	37.456	0.207905	0.110006
547.666	49.6865	0.175185	0.166675
352.127	41.5164	0.231043	0.095667
500.851	36.7275	0.128762	0.152170
842.665	59.8008	0.141148	0.195608
469.493	41.928	0.19631	0.132101
526.227	39.6368	0.174377	0.122504
501.579	50.9795	0.137677	0.198348
771.378	48.4101	0.138786	0.181117
637.383	59.5611	0.152485	0.252487
253.193	54.0029	0.181772	0.299976
727.709	49.4171	0.179362	0.132486
342.44	58.0431	0.223989	0.223294
310.001	41.8629	0.161294	0.105811
423.843	46.9252	0.16684	0.231512
512.534	46.9328	0.238424	0.114579
469.195	36.7082	0.130894	0.135556
360.518	39.1308	0.125446	0.110071
742.352	58.439	0.134366	0.222796
487.645	36.78	0.13832	0.131735
299.296	46.0802	0.126941	0.177477
449.992	40.3363	0.164729	0.126482
240.033	43.3148	0.131556	0.142207
171.617	38.3307	0.156413	0.102524
660.015	40.096	0.234299	0.071659
567.552	43.6885	0.220892	0.097585
482.521	53.2066	0.23906	0.136587
209.436	39.9389	0.176562	0.095646
266.861	43.2507	0.197575	0.108251
273.086	39.579	0.130479	0.218358
548.868	58.6053	0.130999	0.381794
526.99	44.9895	0.196912	0.118755
605.79	48.5241	0.174289	0.141330
252.459	48.1483	0.164243	0.448429
304.393	39.3534	0.142732	0.109303
294.251	37.2808	0.125146	0.090371
604.05	50.951	0.145985	0.226694
250.368	45.88	0.155483	0.188517
164.95	37.6452	0.221352	0.090160
251.349	59.956	0.127859	0.259135
525.073	59.5112	0.170348	0.278438
192.884	43.0556	0.19188	0.130474
598.798	41.647	0.201346	0.107323
464.136	45.264	0.160003	0.177342
473.635	44.9099	0.205588	0.129743
674.425	57.4313	0.179359	0.205468
279.886	39.2568	0.216496	0.088573
471.935	53.3312	0.243044	0.141671
481.221	40.3498	0.184669	0.118475
793.212	50.6284	0.195085	0.125404
362.725	59.1865	0.22468	0.174922
557.17	56.2822	0.130703	0.229053
586.364	37.988	0.236439	0.069166
563.414	39.7164	0.154825	0.136506
257.998	44.0048	0.229781	0.156519
498.011	38.8029	0.136843	0.137486
704.415	58.714	0.131962	0.271315
341.418	50.3737	0.154117	0.179935
338.139	46.1969	0.126273	2.476916
396.876	44.0554	0.241825	0.131028
559.549	54.6464	0.246953	0.133029
664.016	58.8689	0.139892	0.245796
608.142	57.1864	0.195985	0.167048
198.096	43.2433	0.208757	0.100295
309.309	46.3364	0.226807	0.145100
216.967	42.1272	0.222161	0.099798
547.812	43.65	0.141366	0.184805
574.303	58.7661	0.14653	0.265101
563.827	45.144	0.151118	0.158130
478.238	44.3898	0.153655	0.163087
227.18	37.5294	0.238784	0.078274
436.612	59.8388	0.172256	0.269246
647.191	51.1465	0.166375	0.170193
600.306	43.3574	0.145781	0.153637
183.366	40.1066	0.200132	0.101887
184.022	43.453	0.128789	0.178694
319.013	39.0058	0.202021	0.091931
561.459	42.3598	0.206841	0.105775
353.135	36.6416	0.16431	0.126745
433.857	44.6435	0.211051	0.137253
207.149	48.8768	0.146346	0.206534
772.829	56.5566	0.15409	0.196735
480.476	48.0742	0.144432	0.194060
602.341	42.6017	0.142153	0.143712
368.757	47.6476	0.212672	0.146542
431.895	37.6268	0.162661	0.125534
688.453	44.1479	0.190521	0.112044
540.431	49.23	0.166822	0.171514
445.121	37.8804	0.151869	0.132278
827.486	54.1753	0.135827	0.225636
432.814	39.765	0.158826	0.123539
202.829	39.1627	0.167577	0.102852
851.158	57.9282	0.216413	0.113070
415.251	55.3618	0.177529	0.197149
484.906	43.7718	0.16271	0.174371
559.834	41.1507	0.244789	0.086385
379.618	36.7924	0.183542	0.129831
283.831	41.2532	0.218314	0.108846
351.913	56.7937	0.197123	0.250969
605.933	48.1706	0.177175	0.146116
861.137	59.9963	0.232579	0.132928
792.769	56.7636	0.129788	0.205913
270.937	47.8435	0.133813	0.146807
646.157	42.1379	0.196497	0.098116
442.182	55.0523	0.172033	0.217714
510.964	42.1685	0.156362	0.175911
713.965	46.3363	0.204811	0.118854
409.649	51.6603	0.176213	0.182865
658.87	45.2558	0.14671	0.154577
487	39.1438	0.161576	0.149014
433.752	44.8709	0.172684	0.145686
405.939	41.2482	0.224059	0.120823
654.401	45.9977	0.144962	0.155054
217.261	49.839	0.201713	0.964522
717.416	51.0688	0.136594	0.196142
465.017	38.8098	0.135312	0.152744
361.618	41.7879	0.179863	0.152532
475.366	47.9657	0.19119	0.181581
933.804	58.6031	0.168551	0.130538
587.451	46.3227	0.130333	0.203791
433.716	37.7679	0.168636	0.131348
382.664	44.1863	0.196326	0.105880
331.394	56.0079	0.191968	0.203358
505.293	60.4127	0.148824	0.213603
558.474	49.1318	0.143664	0.274447
542.073	42.3803	0.160804	0.125949
405.139	38.7886	0.170596	0.109222
344.74	39.3467	0.126211	0.109550
705.583	46.6893	0.230051	0.092858
570.198	57.7136	0.15631	0.266263
403.398	41.4727	0.198953	0.120339
448.121	48.977	0.136231	0.225832
384.488	47.2879	0.202063	0.162355
595.819	51.7302	0.177486	0.180844
228.457	43.0043	0.157436	0.139658
654.975	41.4418	0.128577	0.148984
329.903	56.3418	0.137707	3.773326
473.615	40.7174	0.137962	0.177759
598.082	60.6575	0.177602	0.198534
454.145	42.513	0.213607	0.118249
684.441	45.2569	0.15965	0.159461
507.146	39.5929	0.196142	0.100237
527.721	42.3146	0.169955	0.126587
414.557	43.4077	0.142263	0.173945
232.141	50.7754	0.168176	0.253576
319.462	37.5853	0.230632	0.100738
651.304	43.3321	0.150636	0.145527
218.417	55.209	0.138298	0.540839
511.975	52.0704	0.146232	0.235431
345.474	36.9143	0.217415	0.099991
545.859	51.1822	0.233613	0.127137
199.032	42.5921	0.131505	0.285872
592.06	50.8257	0.179965	0.168506
958.157	58.4159	0.205274	0.110825
467.305	40.2376	0.186447	0.132624
159.92	38.8751	0.13956	0.164020
171.629	41.769	0.162655	0.181379
563.583	43.7886	0.131295	0.201056
374.798	43.0061	0.152626	0.170063
223.481	41.912	0.211932	0.095657
471.716	57.1821	0.158384	0.275319
426.89	47.3612	0.132204	0.184807
393.562	51.29	0.131567	0.192765
290.599	55.2726	0.153357	0.159843
482.218	48.441	0.160783	0.186938
449.512	46.5605	0.217957	0.142046
495.738	39.2408	0.146527	0.139728
493.411	40.5512	0.239562	0.088447
385.19	46.6738	0.144051	0.154409
768.831	54.5535	0.152747	0.201152
258.547	49.7555	0.177622	1.203913
224.809	48.1134	0.146826	0.416977
495.975	37.129	0.201406	0.080791
685.122	47.9952	0.183951	0.115108
256.743	36.7132	0.205409	0.082494
269.821	45.5122	0.158808	1.478504
345.891	48.2843	0.205576	0.182287
570.807	41.4685	0.131253	0.155078
529.106	43.1175	0.166136	0.129997
830.656	55.6668	0.139843	0.190946
247.925	59.0124	0.225511	0.168308
222.787	50.2181	0.172498	0.381353
411.352	42.9431	0.171373	0.175995
380.436	44.795	0.167787	0.168653
588.959	49.6047	0.23723	0.122895
442.491	38.5004	0.143627	0.147592
721.126	47.5672	0.186693	0.120894
503.627	43.3704	0.125866	0.193711
315.73	56.5102	0.213476	0.227572
692.66	54.4939	0.131263	0.227088
785.015	55.9615	0.241428	0.131863
282.792	58.8045	0.126021	0.164214
223.319	39.3575	0.135236	0.173866
331.66	56.5483	0.130787	0.102675
734.611	53.7974	0.14869	0.175455
187.883	45.5205	0.226365	0.338176
427.901	58.6114	0.129224	0.387914
621.722	42.7865	0.125966	0.176160
383.476	38.4935	0.159882	0.154299
269.059	37.1269	0.162213	0.107403
265.657	45.0138	0.215143	0.113368
393.564	36.9387	0.131949	0.133450
712.49	43.1212	0.131576	0.155354
251.909	39.9337	0.133149	0.211203
571.956	41.7915	0.19978	0.124612
200.818	36.5322	0.232635	0.062280
827.528	53.9145	0.145214	0.164371
206.923	38.003	0.249067	0.092207
292.219	48.6944	0.214491	0.202460
528.089	59.3905	0.186047	0.220166
211.567	42.9293	0.165726	0.153275
387.614	44.3347	0.152526	0.196467
303.825	42.465	0.241707	0.133360
284.296	47.3818	0.159141	0.131719
237.857	45.6268	0.144313	0.179035
374.196	39.8572	0.130286	0.167674
584.939	42.8173	0.222703	0.098028
661.71	43.4041	0.157207	0.139605
353.562	49.9278	0.233897	0.175113
564.515	40.4691	0.228518	0.085776
922.092	57.9304	0.163826	0.140231
742.045	60.8284	0.19872	0.201967
180.875	36.7264	0.198698	0.100696
454.532	55.4998	0.153745	0.291164
271.973	38.1666	0.163126	0.084304
360.62	39.4945	0.150349	0.132489
447.424	39.4483	0.152391	0.164287
294.771	39.4134	0.126033	0.277835
294.324	49.885	0.199341	0.169722
372.007	43.5259	0.144785	0.133926
598.126	51.4837	0.184762	0.160603
386.81	59.1502	0.229304	0.244903
406.996	41.0255	0.165274	0.201446
335.634	39.6885	0.182746	0.147628
353.923	41.0077	0.141728	0.155527
614.279	48.8442	0.196133	0.142326
296.404	43.0059	0.149476	0.106729
559.321	52.9081	0.144854	0.263031
688.479	58.4814	0.131538	0.278619
787.734	56.7335	0.237804	0.110293
505.335	43.6261	0.20491	0.126873
622.262	48.6135	0.15384	0.188342
520.653	46.4186	0.147315	0.172188
186.755	38.088	0.127413	0.194505
269.541	49.2797	0.196747	0.120041
515.516	42.2247	0.136271	0.145416
247.918	38.0652	0.189042	0.111861
479.469	56.0558	0.24891	0.118115
691.038	54.3951	0.138425	0.221031
717.907	54.5767	0.169802	0.186762
723.622	50.7705	0.175283	0.139626
293.661	57.8829	0.242079	0.229155
402.145	44.6538	0.125359	0.186707
216.185	49.0786	0.176257	0.942794
738.441	53.1522	0.172156	0.159151
447.215	37.4692	0.128229	0.140372
400.738	46.2142	0.144609	0.224805
658.336	51.4422	0.144175	0.208499
256.02	38.1401	0.163694	0.406534
523.501	54.7644	0.175954	0.189642
260.213	42.7569	0.12992	0.207270
258.822	37.9016	0.169425	0.072760
384.824	52.85	0.135733	0.338422
516.788	59.3437	0.201812	0.183334
401.813	50.2766	0.246575	0.134901
310.42	52.219	0.17318	0.263124
327.013	51.7168	0.183067	0.173925
707.046	50.0634	0.137313	0.152158
234.475	48.3352	0.156777	0.258628
595.845	60.1685	0.207378	0.182513
302.059	41.9112	0.14795	0.143576
699.486	52.2776	0.171035	0.186865
650.63	46.5196	0.149838	0.162477
495.942	36.8158	0.186226	0.109361
708.632	56.5715	0.17935	0.173487
531.292	55.9686	0.127451	0.285955
567.159	41.2392	0.160551	0.132629
291.396	38.0797	0.222062	0.085572
515.34	38.4939	0.16646	0.105678
222.249	36.7783	0.173345	0.185332
353.609	60.0027	0.199149	0.279563
648.246	47.025	0.183139	0.130331
539.771	36.9889	0.193229	0.101475
554.414	42.7386	0.130999	0.202544
279.619	36.9392	0.177856	0.087392
688.513	48.3712	0.194088	0.142517
700.888	49.798	0.187048	0.125772
444.784	40.1677	0.203763	0.118481
483.211	37.9466	0.156687	0.131962
257.605	47.6037	0.162171	0.500821
317.631	46.0422	0.140949	1.738758
190.29	41.9775	0.180478	0.087112
763.73	50.1239	0.130035	0.190002
337.079	40.923	0.158718	0.113936
269.814	36.9897	0.135857	0.266402
292.385	36.6484	0.15973	0.088354
311.761	49.8971	0.204431	0.185550
465.036	36.5261	0.146609	0.135420
532.259	55.273	0.205796	0.145443
870.547	56.655	0.146709	0.174710
600.038	46.7227	0.137541	0.170953
608.001	44.8399	0.139293	0.181948
401.989	42.5628	0.193213	0.125415
424.062	42.9627	0.171784	0.120849
450.637	38.4421	0.13972	0.160735
249.908	36.7249	0.134543	0.109190
684.114	47.8926	0.165765	0.141103
694.547	53.4814	0.199456	0.127755
570.373	48.1718	0.181582	0.154151
555.033	52.4887	0.169522	0.213497
581.844	57.1046	0.197658	0.170265
272.633	51.4911	0.133192	0.172840
690.393	56.3663	0.163004	0.171216
600.298	39.6822	0.240318	0.082395
269.748	50.1727	0.139084	0.158033
372.561	38.2108	0.148237	0.147566
344.382	44.4202	0.205364	0.145741
322.489	40.1781	0.133983	0.198785
631.491	56.9646	0.184158	0.143843
180.185	37.6395	0.161689	0.081655
258.509	43.2592	0.158355	0.110987
486.724	37.5191	0.20976	0.110083
391.904	38.4275	0.145828	0.107025
391.577	42.9512	0.243697	0.112566
614.618	51.4791	0.131548	0.220245
269.785	44.2211	0.20557	0.089994
427.405	49.0421	0.225048	0.157777
715.392	51.5404	0.187377	0.156356
516.551	36.9924	0.155669	0.112727
819.662	52.1655	0.125172	0.181288
325.931	44.5986	0.128512	1.553447
180.899	39.4039	0.161612	0.132039
518.443	45.9483	0.125524	0.229661
861.004	54.2599	0.202964	0.110278
272.324	55.6888	0.212446	0.208179
547.099	43.7672	0.143123	0.189869
358.585	41.2032	0.152929	0.146801
289.066	40.7908	0.136152	0.420701
446.11	50.5648	0.141889	0.201443
451.775	38.1971	0.168292	0.144209
846.209	54.3849	0.151782	0.152459
261.651	36.7831	0.167686	0.142169
201.456	41.0928	0.130531	0.133215
423.951	40.8184	0.18065	0.124966
543.403	41.9744	0.156527	0.130906
699.627	43.6293	0.206661	0.093509
615.091	45.6312	0.143058	0.194368
440.499	38.4579	0.140701	0.096814
722.414	49.2279	0.183551	0.116070
220.68	47.657	0.146015	0.338660
290.119	39.4444	0.173242	0.123418
579.307	56.3981	0.178939	0.219068
314.735	49.048	0.182357	0.207666
623.133	45.2036	0.192337	0.111508
394.188	37.153	0.189635	0.106828
321.985	37.7151	0.22639	0.097241
358.496	42.5485	0.228591	0.106967
584.347	39.3411	0.126307	0.121265
471.05	55.1729	0.249949	0.134552
709.978	47.3428	0.148007	0.161125
603.253	39.4733	0.171986	0.115076
631.562	44.6083	0.214597	0.102784
258.21	38.8189	0.128544	0.123839
356.746	60.0593	0.214656	0.208971
572.224	44.0468	0.133443	0.185569
244.478	37.0422	0.202771	0.097131
286.817	38.6585	0.166872	0.097204
296.795	36.5954	0.127739	0.171398
787.006	55.8574	0.125205	0.235231
847.466	51.4502	0.248718	0.080510
563.066	59.4623	0.216152	0.223579
442.893	57.516	0.205167	0.198144
606.434	38.9542	0.134662	0.164934
609.064	51.73	0.175427	0.144684
420.228	38.2393	0.132637	0.144305
377.908	39.0206	0.19777	0.124967
356.737	56.2595	0.236858	0.187441
547.191	41.0776	0.197521	0.108201
507.158	42.7285	0.148935	0.180752
612.65	38.8713	0.175879	0.108058
382.406	39.3011	0.133189	0.123016
356.289	42.039	0.222186	0.121485
523.698	41.8309	0.184869	0.131411
279.981	36.7916	0.236614	0.086853
522.553	47.0283	0.132504	0.236676
636.556	50.7208	0.12747	0.234125
612.919	44.2268	0.153821	0.178078
478.951	47.6143	0.170302	0.169369
329.057	51.4356	0.165144	0.162620
784.218	55.8452	0.12732	0.219577
656.232	43.8268	0.17324	0.100454
347.595	51.4821	0.149407	0.265626
504.001	49.3266	0.151194	0.213607
511.669	37.4062	0.134342	0.153819
562.134	37.7098	0.134438	0.159354
464.219	38.2989	0.175468	0.126537
504.386	48.4708	0.198331	0.174507
190.141	40.1435	0.161877	0.090047
491.752	52.1415	0.154708	0.234864
227.549	50.6506	0.19901	0.623584
241.28	51.5469	0.142345	0.183153
283.59	47.773	0.192205	0.120256
362.654	49.3744	0.178165	0.184065
598.026	40.8185	0.134901	0.165348
607.584	49.1973	0.12689	0.264759
788.809	50.5118	0.190103	0.110928
282	51.2742	0.227497	0.257636
174.843	41.0832	0.155585	0.146430
585.406	38.589	0.204736	0.090178
315.791	38.5489	0.153303	0.153271
325.219	38.5772	0.17482	0.089894
304.565	51.1594	0.147465	0.737927
571.986	47.7085	0.13631	0.197133
649.217	47.9743	0.220612	0.111305
536.261	54.8244	0.185598	0.179744
388.097	36.568	0.202567	0.100222
500.97	45.0436	0.12812	0.230592
211.528	44.167	0.136641	0.156041
415.032	37.4129	0.197955	0.117016
830.741	56.217	0.15704	0.175663
616.733	57.2627	0.186577	0.172649
539.628	49.6547	0.129437	0.213895
631.014	58.5005	0.132815	0.294744
583.916	39.2384	0.137316	0.150856
687.211	56.9429	0.211691	0.154135
411.598	46.454	0.205185	0.141836
648	60.7467	0.138937	0.268575
316.409	42.5037	0.1366	0.071252
789.425	58.3916	0.176923	0.152939
211.853	38.774	0.126033	0.109846
391.227	50.5895	0.12626	0.203219
336.415	38.1721	0.182849	0.131916
606.994	46.1585	0.184776	0.116941
328.302	37.8712	0.173953	0.119436
695.521	47.4952	0.180834	0.120325
542.225	40.7458	0.138311	0.147691
543.527	48.6417	0.152519	0.192409
684.505	47.3764	0.157987	0.168394
283.363	40.4701	0.167827	0.146288
217.004	49.9994	0.133754	0.325354
206.857	37.6589	0.137536	0.099123
669.527	51.2979	0.188888	0.125389
577.272	57.2265	0.149554	0.312206
244.37	43.4086	0.247088	0.100284
659.548	43.5888	0.177184	0.112789
476.216	48.6039	0.15484	0.191073
699.257	45.3856	0.161359	0.139519
603.153	50.2763	0.196463	0.145357
477.943	40.653	0.234482	0.096416
402.54	38.4972	0.189101	0.106592
506.666	43.3837	0.179114	0.129347
158.993	38.4731	0.210074	0.101543
501.851	40.3495	0.201912	0.112814
425.94	40.7681	0.159462	0.198006
286.465	41.8467	0.153868	0.188557
460.956	47.8566	0.155484	0.220327
590.786	44.7401	0.177769	0.129275
667.78	44.5186	0.139572	0.141474
539.022	52.1263	0.173914	0.152920
888.214	57.7217	0.128757	0.235474
434.717	37.4722	0.172681	0.125163
236.288	44.2819	0.160259	0.157692
429.357	46.5976	0.215464	0.146134
495.901	53.0678	0.130232	0.354351
283.784	56.312	0.125572	0.965181
502.684	41.4012	0.202666	0.121752
584.219	56.6613	0.220278	0.135628
417.685	39.294	0.164697	0.136905
643.61	41.4651	0.140257	0.140662
451.703	44.5301	0.229011	0.105928
613.711	41.7085	0.178694	0.109311
473.408	57.9262	0.200239	0.181326
334.766	39.666	0.230674	0.112459
467.013	53.0886	0.202163	0.183098
562.54	50.4463	0.209307	0.139978
319.065	38.2104	0.187752	0.106717
500.827	42.1096	0.16104	0.148715
592.919	38.3815	0.181924	0.089768
213.046	45.7197	0.239416	0.113239
561.958	37.4565	0.128964	0.150121
318.846	42.9721	0.132671	0.194414
315.431	50.5008	0.212879	0.163857
176.73	44.3753	0.249457	0.174562
262.777	37.0394	0.193235	0.090241
234.866	58.5036	0.131712	0.288437
456.603	44.8452	0.137818	0.227269
370.66	59.8933	0.140149	0.482544
757.091	56.6125	0.145963	0.198533
742.564	46.4304	0.134114	0.159642
582.586	50.3303	0.204052	0.125629
487.432	39.5687	0.138899	0.124641
588.723	39.8711	0.131266	0.152177
248.983	56.3603	0.141032	0.362863
528.201	38.8204	0.2095	0.100553
385.773	59.5386	0.142601	0.353287
196.278	47.9693	0.188617	0.231647
210.356	47.7348	0.210463	0.187971
215.225	48.4454	0.240393	0.296339
499.487	47.8056	0.129096	0.227675
783.229	57.2962	0.149872	0.230757
274.914	43.9713	0.156387	0.106853
291.448	44.9933	0.14711	1.146604
221.943	37.9822	0.145997	0.131705
324.612	51.4842	0.189745	0.147867
299.831	57.802	0.14145	0.089202
519.675	39.1624	0.247082	0.077441
628.259	46.7706	0.13782	0.184026
641.544	49.3508	0.185364	0.154105
522.527	55.3455	0.216246	0.155748
330.53	39.9506	0.189103	0.117711
211.479	42.1133	0.130742	0.185657
526.511	38.1257	0.194499	0.115576
572.05	59.8256	0.200126	0.179406
522.295	48.5964	0.188613	0.151160
188.369	38.8819	0.210324	0.089910
557.136	54.0913	0.138686	0.248525
527.74	51.3004	0.177868	0.170022
349.536	39.0884	0.195142	0.143187
753.965	57.2944	0.159857	0.183406
172.689	40.507	0.183059	0.101936
503.681	50.5073	0.1596	0.156691
410.71	60.6899	0.128186	0.323014
208.916	45.9918	0.229827	0.099896
703.575	53.2439	0.18222	0.135774
529.756	50.9519	0.141741	0.221157
319.783	37.4197	0.217082	0.110143
624.234	40.8807	0.209294	0.096057
627.517	44.8454	0.177627	0.121551
799.175	52.5799	0.165492	0.157507
338.495	55.0861	0.177954	0.203089
648.058	41.7098	0.23766	0.082071
529.132	40.8437	0.127251	0.154983
188.37	41.0738	0.230124	0.231053
369.18	42.3571	0.19376	0.132655
599.215	41.5843	0.133089	0.150776
321.647	58.5781	0.237832	0.253794
833.08	59.2877	0.13906	0.185773
253.342	59.1576	0.228607	0.168987
613.937	56.6512	0.154001	0.226158
227.567	43.4748	0.138614	0.137796
593.931	40.7896	0.1771	0.103407
685.455	52.7689	0.191052	0.145499
743.432	52.0716	0.238722	0.107771
274.646	41.0835	0.140487	0.406665
540.072	39.6007	0.137052	0.154570
602.735	42.6056	0.127826	0.188782
630.106	43.3047	0.143125	0.179237
666.575	49.0228	0.23069	0.108944
184.511	42.8694	0.156548	0.090126
472.093	49.7591	0.200544	0.146705
609.988	37.9484	0.18307	0.090069
201.728	45.1451	0.186643	0.224425
423.418	52.1513	0.140847	0.206260
613.452	55.7905	0.127961	0.292684
610.28	57.7489	0.212626	0.182339
225.125	37.9698	0.206312	0.151753
440.626	49.0407	0.147518	0.176219
752.39	60.0509	0.153925	0.221765
752.928	48.1144	0.170347	0.130853
282.58	55.0141	0.162041	0.419175
631.357	51.9647	0.226226	0.122366
715.322	44.2816	0.173418	0.116086
345.515	42.2335	0.137411	0.111595
504.481	37.3164	0.183061	0.097059
198.715	42.6681	0.153805	0.170104
401.063	40.8297	0.232894	0.082362
494.362	38.2979	0.227409	0.103337
734.745	45.5584	0.175728	0.119341
281.621	43.9262	0.165518	0.181872
292.759	54.6999	0.147462	0.907243
580.137	56.8593	0.150004	0.234836
421.857	53.7767	0.204746	0.196242
355.95	44.8367	0.138107	0.201205
582.792	58.3514	0.216783	0.167817
160.632	38.8353	0.136609	0.150983
276.329	36.9399	0.145643	0.288760
577.035	48.5253	0.239464	0.102866
326.677	48.4887	0.159051	0.199330
257.38	51.4083	0.159163	0.886100
527.653	38.5333	0.130797	0.143289
560.384	58.5846	0.166076	0.242120
420.398	39.9775	0.181501	0.130294
434.053	47.0937	0.137894	0.227338
419.885	46.997	0.209292	0.160788
386.615	51.9837	0.131899	0.291918
484.441	40.8694	0.139217	0.161505
530.997	46.2092	0.169177	0.159554
303.644	45.1948	0.171404	0.164081
632.117	56.8495	0.204056	0.152389
550.33	40.7511	0.133145	0.166471
288.465	41.9778	0.158629	0.136538
217.523	44.6267	0.164345	0.168851
845.245	56.0042	0.125506	0.278666
434.906	38.1275	0.127445	0.169150
758.846	46.3661	0.214646	0.091226
421.321	48.9741	0.138814	0.253209
168.723	41.2353	0.130726	0.172046
569.969	40.9404	0.190635	0.110311
652.899	50.8022	0.156231	0.174913
493.43	42.4823	0.201034	0.107048
508.685	41.066	0.129905	0.179228
406.862	39.7233	0.165063	0.132142
471.952	38.0536	0.187495	0.117405
303.627	55.6638	0.176167	0.218220
432.867	43.4645	0.23953	0.105016
693.635	46.9918	0.187878	0.113451
265.145	38.4825	0.163375	0.078471
416.889	49.1589	0.132969	0.162409
353.289	42.5029	0.126172	0.151412
573.301	46.5304	0.141463	0.180792
325.03	59.7055	0.158702	0.881400
366.049	53.5449	0.240132	0.187441
355.376	48.2903	0.139623	0.155845
910.298	58.9459	0.247433	0.115144
600.398	51.1279	0.181376	0.154353
345.317	46.6257	0.177804	0.176000
342.794	37.4331	0.227469	0.094705
404.288	41.1958	0.128999	0.164099
237.266	46.8959	0.211432	0.170358
822.051	59.5146	0.167308	0.196171
300.341	54.3915	0.126725	0.903906
508.352	55.6768	0.245401	0.164158
511.419	41.2531	0.179555	0.121413
537.646	49.6399	0.144819	0.234547
404.62	43.0871	0.178896	0.170661
796.214	51.0171	0.195358	0.122313
206.095	38.4126	0.223429	0.127709
709.574	46.6615	0.139254	0.142832
670.676	46.3585	0.195373	0.117334
391.516	48.0941	0.149464	0.248315
285.989	39.8468	0.224745	0.118874
261.975	42.2992	0.197853	0.129578
472.776	38.5886	0.179769	0.131615
433.804	44.8301	0.15516	0.186911
432.305	41.2003	0.176409	0.154292
446.721	44.1881	0.206626	0.123760
267.159	39.2857	0.14964	0.111363
554.728	54.9729	0.177497	0.213086
296.196	51.6822	0.23	0.145775
655.199	49.7927	0.156799	0.187151
541.096	51.9492	0.17311	0.191901
798.703	49.1062	0.175626	0.130719
486.248	47.4873	0.189991	0.168195
195.774	40.9301	0.127571	0.190709
651.681	57.1291	0.133244	0.243356
289.553	43.249	0.227641	0.104132
704.42	60.7854	0.144044	0.279032
384.641	51.9502	0.234549	0.177492
434.403	46.6972	0.171007	0.197251
392.425	44.6939	0.20344	0.125145
845.069	54.3833	0.212865	0.113885
479.836	48.0329	0.133686	0.259209
525.386	41.8771	0.230187	0.085641
369.69	46.8193	0.138114	0.173953
586.225	53.7642	0.152444	0.190791
774.279	52.849	0.168351	0.149222
261.502	43.4359	0.126783	0.303999
501.228	49.579	0.23531	0.132296
460.166	39.086	0.232345	0.095903
372.959	42.4375	0.139904	0.148417
623.956	51.8311	0.179075	0.154272
356.277	55.8991	0.193333	0.236075
694.421	47.1684	0.191547	0.121629
218.423	54.822	0.211347	0.201336
292.292	50.3347	0.127083	1.000975
351.154	42.3823	0.241232	0.124016
236.992	39.6771	0.224194	0.103564
230.416	48.7419	0.202257	0.172218
487.783	36.7455	0.218685	0.093359
564.277	39.6637	0.151338	0.136131
386.105	56.0826	0.200498	0.174144
692.865	57.6327	0.139358	0.208991
696.878	47.2423	0.139115	0.176110
244.454	39.322	0.232044	0.073876
595.838	37.5423	0.246687	0.074649
397.141	49.5418	0.154437	0.231302
385.176	45.9663	0.163364	0.157677
317.273	39.1735	0.161468	0.126400
344.335	37.5268	0.200795	0.110762
813.222	51.0796	0.151224	0.185048
568.625	53.5725	0.154031	0.199830
538.327	43.9066	0.245839	0.099153
518.712	45.3076	0.148592	0.205284
566.606	44.584	0.12785	0.216617
432.058	58.4631	0.143139	0.266553
183.753	42.7959	0.234189	0.475181
649.393	52.3801	0.229107	0.126309
244.343	40.3636	0.223624	0.095227
578.977	52.4412	0.136058	0.281818
322.66	37.9512	0.178829	0.122418
260.598	51.2048	0.214707	0.132722
391.851	44.4382	0.138981	0.191701
669.836	48.7403	0.21922	0.103762
593.745	38.6463	0.129184	0.144327
593.525	40.2025	0.152464	0.132549
604.933	39.7139	0.142294	0.151222
312.344	44.7594	0.226367	0.128386
589.448	54.2386	0.222835	0.140987
766.077	58.3931	0.126819	0.243475
348.825	45.6147	0.131689	0.483166
326.296	37.4995	0.182773	0.135199
567.069	37.0912	0.224732	0.078415
431.093	40.5852	0.168567	0.118176
945.528	59.0864	0.188206	0.147317
364.022	50.8402	0.185415	0.210978
431.825	41.3593	0.172498	0.141163
541.371	47.8539	0.136946	0.226453
347.247	52.7989	0.169917	0.251046
722.679	46.8836	0.172601	0.121796
268.265	42.2677	0.196417	0.137348
334.637	39.0397	0.132284	0.218611
225.716	37.6368	0.14056	0.175692
496.954	48.2906	0.140815	0.250579
258.349	57.0233	0.144567	0.315603
296.245	43.4464	0.18097	0.144609
891.193	60.112	0.131816	0.212262
500.231	37.5876	0.141751	0.149636
279.556	46.4404	0.129295	0.237354
511.131	40.1138	0.211676	0.099674
322.121	38.0831	0.168229	0.136530
640.564	60.6608	0.183395	0.185459
727.569	54.602	0.146101	0.218629
434.463	37.813	0.169682	0.121094
656.088	44.3358	0.18282	0.108097
469.52	41.2089	0.159473	0.154519
378.934	58.306	0.247951	0.179453
198.91	39.3394	0.223821	0.150522
245.417	47.2685	0.137608	0.164849
509.296	43.1909	0.142599	0.174044
524.639	51.7684	0.192523	0.173799
755.996	51.1187	0.129378	0.218896
532.691	51.5795	0.133287	0.195860
435.369	59.054	0.156248	0.329846
832.443	57.0136	0.136952	0.205327
699.61	46.1697	0.221297	0.102114
480.146	55.5307	0.212429	0.184355
950.508	59.894	0.224265	0.117256
221.875	51.4359	0.132855	0.292642
783.211	54.8012	0.178791	0.161573
299.74	56.7923	0.132206	0.290724
411.132	46.5055	0.169744	0.158408
390.362	39.6529	0.190351	0.139251
569.422	58.6845	0.200775	0.212762
835.413	55.3644	0.132794	0.194468
484.319	45.5148	0.137825	0.180087
865.175	54.5351	0.20607	0.129291
407.329	59.7201	0.210286	0.227182
479.321	36.6175	0.213347	0.099432
823.219	57.4232	0.211411	0.139812
497.247	44.4208	0.2486	0.110181
314.015	37.2171	0.125384	0.276733
635.066	57.1979	0.213112	0.144100
480.795	43.215	0.182319	0.126736
750.461	55.7211	0.161096	0.194880
292.153	45.066	0.14231	0.288456
152.729	36.8779	0.151523	0.138829
169.809	38.2188	0.128309	0.165686
308.455	52.8483	0.163355	0.243097
488.419	45.9943	0.181429	0.174831
333.534	46.1799	0.171224	0.100642
549.794	36.8803	0.131483	0.120451
272.757	42.4223	0.155111	0.989084
827.021	51.2295	0.12812	0.209341
527.808	38.3262	0.127204	0.160802
330.941	38.2762	0.202874	0.118774
750.783	55.8132	0.216288	0.141369
257.82	43.3583	0.168675	0.560646
257.269	53.282	0.224404	0.162710
257.623	46.0351	0.155414	0.377763
435.761	44.0967	0.179145	0.173834
571.945	58.6874	0.141018	0.239701
236.692	39.8802	0.20762	0.119458
454.868	45.6019	0.164742	0.191037
190.295	43.5365	0.136658	0.184439
392.999	37.4898	0.177815	0.123918
403.702	42.7517	0.166525	0.161931
529.898	54.8898	0.127429	0.294844
457.674	39.0197	0.155869	0.129491
298.759	42.3186	0.22535	0.140016
674.349	52.2398	0.188354	0.150135
615.306	49.1094	0.234238	0.111734
570.246	39.1923	0.149054	0.164418
399.276	37.455	0.158864	0.121638
495.67	59.3296	0.129784	0.293558
291.039	52.4012	0.1812	0.147207
634.679	52.262	0.249427	0.111232
883.964	56.8606	0.176024	0.149447
453.905	46.9381	0.128982	0.197415
245.273	38.5997	0.14801	0.204909
579.346	40.567	0.164883	0.123962
279.084	41.4918	0.194926	0.089308
714.145	51.0429	0.19579	0.128241
314.529	55.2938	0.225152	0.175153
412.072	41.4902	0.164979	0.223185
435.348	55.6388	0.197078	0.194953
579.504	37.691	0.233897	0.078333
481.386	58.0467	0.147407	0.262187
723.354	47.6749	0.19236	0.098992
460.235	43.4963	0.139572	0.181654
298.016	44.9821	0.141119	0.481585
712.972	45.7779	0.147852	0.191147
586.778	45.8037	0.16713	0.163046
488.405	40.9391	0.185264	0.110679
258.99	42.6242	0.231662	0.104635
436.136	37.2325	0.232097	0.083962
559.952	42.8317	0.167029	0.126240
754.632	59.4493	0.213057	0.132443
323.166	42.2537	0.185176	0.116819
769.021	53.8756	0.217162	0.115733
819.572	56.6415	0.151889	0.218923
179.137	37.5316	0.190346	0.071213
173.927	37.0029	0.129874	0.152718
339.483	37.3027	0.20168	0.136480
242.978	56.3777	0.232576	0.270079
303.741	36.8223	0.174213	0.124933
847.599	53.0989	0.163827	0.159576
634.753	59.179	0.144495	0.284281
407.318	55.0789	0.174113	0.231828
238.51	39.1436	0.219763	0.109786
515.903	37.7394	0.141111	0.139311
477.233	39.4915	0.230572	0.084196
238.378	45.8631	0.131497	0.226004
259.503	59.6762	0.143577	0.069965
274.252	43.6299	0.141997	0.456517
371.079	40.2803	0.200111	0.123352
209.155	37.5064	0.181874	0.088826
891.794	55.4176	0.139342	0.211406
186.691	41.6777	0.125243	0.238895
527.259	48.1701	0.129253	0.232283
804.873	52.9953	0.146985	0.170950
310.797	41.8016	0.151843	0.129032
245.677	48.84	0.146042	0.254065
823.161	51.0164	0.157762	0.178985
746.28	48.34	0.125409	0.189892
650.47	53.9216	0.13006	0.227550
495.881	40.5895	0.170462	0.127889
406.127	48.822	0.199827	0.154664
596.972	52.2361	0.131845	0.266182
240.953	40.9197	0.151077	0.116689
209.855	40.0021	0.213403	0.125786
382.224	44.6185	0.205206	0.110742
388.185	54.2996	0.192074	0.224464
581.932	52.8241	0.147812	0.208752
527.09	40.4326	0.192653	0.118956
410.294	47.7105	0.166933	0.170926
602.947	39.1224	0.149657	0.132440
268.365	41.7662	0.241315	0.106867
771.618	60.3329	0.170954	0.163881
396.038	36.9227	0.145118	0.121094
456.984	46.1382	0.155119	0.172590
592.758	46.5256	0.144065	0.160776
314.269	40.2715	0.165525	0.122170
575.665	42.1557	0.23896	0.087257
506.812	36.731	0.205976	0.082227
423.459	36.7854	0.12644	0.143469
462.593	46.6265	0.241679	0.131327
800.759	58.4229	0.177073	0.185657
361.652	40.0707	0.208883	0.129860
601.738	52.0836	0.137857	0.211455
770.088	59.633	0.126503	0.226405
467.447	40.3692	0.163562	0.151738
225.051	40.3232	0.248863	0.094926
801.256	53.1881	0.171515	0.147749
832.96	57.3749	0.154747	0.168656
676.228	60.6916	0.140192	0.272461
360.085	48.7129	0.126056	0.397836
612.164	39.7615	0.134979	0.165118
838.796	60.1835	0.204014	0.152856
567.403	47.7048	0.188553	0.121264
235.093	41.6524	0.160386	0.215405
412.251	56.8551	0.143679	0.334217
275.339	45.879	0.191224	0.135185
563.954	40.0435	0.209027	0.092985
396.077	38.7486	0.178467	0.144418
329.728	36.6338	0.189638	0.114032
215.684	37.7457	0.164362	0.079028
519.376	44.0555	0.167631	0.163891
252.472	39.4818	0.143782	0.207114
509.717	60.1144	0.148649	0.255357
338.533	53.4308	0.239838	0.222646
476.522	57.0301	0.145851	0.244746
500.609	38.717	0.14881	0.140389
597.314	42.9751	0.161096	0.150412
832.312	51.4743	0.20594	0.121097
300.418	37.184	0.179528	0.106872
307.581	40.4582	0.151226	0.113997
437.956	37.2889	0.128331	0.130500
250.193	60.319	0.178547	0.168566
480.338	48.2966	0.166564	0.209911
876.141	54.3724	0.203687	0.123989
382.621	48.2398	0.189292	0.216270
471.088	53.9136	0.179062	0.224072
671.176	50.081	0.209286	0.122107
346.742	43.75	0.223435	0.102356
347.692	54.3225	0.232016	0.178976
699.337	49.0373	0.154489	0.151664
323.239	44.1233	0.169985	0.118943
727.86	54.199	0.194938	0.145758
391.484	50.6025	0.243211	0.131352
338.565	40.5837	0.172401	0.141000
415.573	38.058	0.136509	0.152672
495.019	36.6976	0.202467	0.093663
402.968	44.4069	0.186166	0.157363
327.927	59.2248	0.237236	0.255172
252.26	37.7299	0.234905	0.099229
194.324	36.5037	0.168398	0.075959
766.549	47.268	0.163046	0.136896
554.212	57.2454	0.200025	0.185872
393.566	43.3825	0.173095	0.141564
451.915	37.2222	0.127677	0.164271
724.575	49.1067	0.168831	0.132008
253.8	60.4247	0.178835	0.128628
299.783	59.126	0.126826	0.150181
344.177	60.7536	0.169259	0.241902
780.934	50.9372	0.176759	0.143392
485.934	57.4836	0.13254	0.278044
332.831	37.6314	0.202256	0.105988
352.547	59.8458	0.135214	0.239452
243.545	49.0313	0.149281	0.452987
180.029	43.5531	0.238055	0.172659
493.057	36.8208	0.185933	0.107047
587.789	40.7859	0.129826	0.152872
243.421	60.4807	0.190956	0.297418
265.785	42.3963	0.167062	0.126978
188.39	43.706	0.126121	0.230950
195.34	39.4602	0.133345	0.155806
477.104	40.4478	0.214716	0.092148
275.302	37.5046	0.225091	0.103603
450.594	53.8362	0.153505	0.249961
607.226	43.4532	0.141093	0.182875
391.647	36.7938	0.197328	0.126488
751.4	51.9239	0.159559	0.174715
623.102	56.221	0.160341	0.213624
651.711	39.8602	0.147116	0.123902
876.622	53.478	0.13868	0.182249
452.451	45.2486	0.153131	0.175482
512.777	54.1602	0.199572	0.163009
329.618	37.2487	0.187273	0.133194
544.207	53.222	0.141351	0.243561
674.758	48.3434	0.20412	0.123694
604.758	52.3869	0.16069	0.180360
592.45	53.4526	0.134804	0.217675
644.476	46.2093	0.13687	0.178875
193.51	45.2189	0.223836	0.293763
673.621	60.7155	0.132213	0.270306
311.148	53.1515	0.183973	0.226151
791.092	56.0119	0.166454	0.174769
265.552	38.298	0.17423	0.126882
620.362	51.0727	0.241458	0.110319
554.337	39.944	0.137324	0.137174
673.217	42.3235	0.132112	0.149123
674.615	47.3127	0.239697	0.090106
277.822	37.8273	0.143995	0.129787
580.305	38.6156	0.143446	0.143864
687.73	58.862	0.219693	0.167103
243.357	52.7399	0.145125	0.366789
331.284	58.7893	0.127724	0.072610
358.877	38.9306	0.186599	0.131553
328.288	47.8202	0.195909	0.181042
433.779	40.1116	0.203173	0.118916
501.145	51.2137	0.178504	0.176813
318.066	42.2392	0.166003	0.103585
261.02	37.3375	0.167442	0.233466
289.302	45.8086	0.168928	0.198064
607.979	51.5874	0.162164	0.168894
579.567	46.1679	0.1755	0.140369
427.01	45.337	0.138488	0.191995
221.419	47.0351	0.211508	0.522714
580.314	40.9946	0.142345	0.147462
403.37	39.1789	0.246069	0.120931
754.034	48.7293	0.227227	0.096804
757.401	50.7709	0.239477	0.081595
387.7	42.7302	0.135486	0.140770
547.294	37.9485	0.167476	0.129726
332.565	56.1725	0.146417	2.756114
940.913	60.4352	0.136029	0.246469
434.236	47.1181	0.160753	0.213261
739.644	46.3	0.206723	0.103235
587.35	57.3269	0.156395	0.279750
511.372	47.5395	0.182452	0.174526
158.591	41.1176	0.149369	0.181694
594.932	47.7296	0.125831	0.160124
621.79	58.3713	0.161165	0.182565
462.987	43.0942	0.148761	0.182435
262.044	45.4872	0.200309	0.108763
489.103	38.5101	0.16133	0.107481
671.05	42.4304	0.216319	0.093017
618.387	59.8666	0.176307	0.211473
341.338	39.728	0.128041	0.126280
490.745	42.0144	0.20735	0.104959
730.02	45.9369	0.204953	0.110959
359.736	47.4489	0.138948	0.174283
542.511	36.9978	0.218466	0.085385
348.162	57.0523	0.132278	0.222034
502.893	53.527	0.161396	0.249590
335.398	51.5348	0.158881	0.232779
319.254	36.8686	0.152588	0.145344
263.496	44.0544	0.233315	0.124954
444.194	43.7688	0.210623	0.127869
445.418	37.6915	0.243184	0.077306
440.891	42.9716	0.222413	0.111028
167.463	39.3716	0.201853	0.087315
296.896	55.4417	0.203137	0.171766
356.52	48.4481	0.159885	0.167289
437.752	43.7503	0.130649	0.184265
483.603	50.5072	0.209608	0.169018
671.963	48.2074	0.140084	0.175302
699.764	58.3778	0.147298	0.216279
525.64	55.6485	0.179656	0.179826
481.155	60.0922	0.182177	0.229176
447.959	36.7026	0.149187	0.144064
187.488	41.0867	0.143144	0.157121
275.216	36.9765	0.162422	0.120902
216.717	52.1498	0.146806	0.408136
696.623	45.0285	0.236457	0.089696
396.395	36.6599	0.137018	0.119658
600.308	40.9819	0.177675	0.105934
434.443	40.772	0.160353	0.132232
377.506	37.1597	0.190504	0.127694
420.749	51.5691	0.151176	0.233488
498.794	37.1007	0.161365	0.132721
321.07	45.0814	0.15799	0.143830
481.927	41.9331	0.154014	0.170980
446.883	43.265	0.164764	0.145538
428.792	43.337	0.137815	0.173298
634.899	55.5434	0.166891	0.140498
583.291	42.1541	0.141128	0.136219
718.036	49.4343	0.141383	0.195953
272.553	37.7669	0.200034	0.091056
346.604	56.5448	0.134133	0.436060
317.16	59.008	0.126535	1.032315
692.773	54.677	0.172099	0.199636
647.936	45.257	0.211725	0.107553
297.296	45.615	0.150988	0.121520
245.621	47.5283	0.224264	0.108146
301.463	43.9335	0.163511	0.149297
466.805	45.4051	0.215007	0.163345
186.162	39.1922	0.219438	0.162536
602.845	53.5482	0.157808	0.241150
168.246	39.8868	0.215875	0.101563
394.953	53.9905	0.191579	0.131729
660.3	43.0565	0.177233	0.124234
322.243	46.6888	0.149464	0.178921
272.576	53.9984	0.126013	0.525079
312.424	60.3227	0.167462	0.414237
702.563	51.3875	0.147574	0.158411
331.566	52.3195	0.160712	0.200852
290.179	49.66	0.178191	0.263040
185.57	37.0449	0.192368	0.116011
370.032	36.7087	0.15464	0.114485
247.572	41.4771	0.170029	0.138342
367.757	38.2693	0.151277	0.164449
252.526	51.4721	0.14509	0.369608
709.207	51.4759	0.150954	0.162701
416.419	55.8262	0.204071	0.197110
332.478	39.3198	0.1452	0.148153
419.445	40.731	0.12854	0.132970
436.933	55.5473	0.135667	0.298817
232.317	45.0158	0.239424	0.124325
486.392	37.7012	0.165134	0.104680
408.373	57.7615	0.223097	0.178205
419.321	46.7718	0.136569	0.192927
464.355	38.7089	0.211454	0.079103
646.652	46.2387	0.146811	0.177490
730.001	50.5337	0.127529	0.189486
614.444	48.3065	0.177694	0.125506
242.61	54.2787	0.182572	0.447127
278.448	43.6948	0.171093	0.175541
360.337	39.7438	0.128348	0.176778
485.79	36.5445	0.188172	0.105829
563.487	51.0031	0.195362	0.155159
229.21	51.1226	0.166231	0.541860
513.472	41.9785	0.128288	0.196044
327.67	38.0768	0.188363	0.122425
230.905	53.6983	0.215836	0.141017
302.856	44.9732	0.163719	0.242357
366.665	39.576	0.20884	0.129785
351.785	41.1144	0.129535	0.170022
303.884	43.0953	0.162792	0.113692
578.487	43.8927	0.210564	0.124535
769.967	46.7112	0.205229	0.108397
790.487	50.9707	0.184024	0.125112
743.289	49.9342	0.154473	0.164457
578.15	39.2686	0.17751	0.124418
467.493	42.0186	0.148387	0.141313
525.144	39.6237	0.155521	0.132280
219.082	50.9459	0.130678	0.782321
357.594	43.5375	0.133751	0.174792
652.238	47.3095	0.146274	0.162408
267.372	60.5466	0.221073	0.232373
547.551	38.8518	0.21883	0.088488
283.171	54.2681	0.197395	0.180294
321.545	42.784	0.160626	0.139329
208.497	39.8367	0.173534	0.103733
336.77	54.6189	0.177359	0.227400
706.681	50.2546	0.23019	0.119307
784.337	52.3506	0.176585	0.135688
544.325	59.4349	0.200544	0.202170
384.532	36.7063	0.195583	0.122373
268.36	38.1885	0.134943	0.147915
316.958	42.5641	0.19139	0.135154
888.586	58.8265	0.169185	0.181546
709.493	58.9324	0.131236	0.249262
401.55	45.7142	0.135914	0.168040
287.154	46.3788	0.189783	0.202460
835.198	57.6437	0.19828	0.132541
711.012	44.9713	0.143063	0.153263
525.293	48.4362	0.203451	0.135610
502.657	41.1031	0.157326	0.133776
592.193	56.6425	0.142997	0.243413
832.905	53.7724	0.169855	0.115715
681.138	53.9163	0.146712	0.190367
410.778	37.6198	0.153081	0.127483
184.96	36.6153	0.19124	0.086715
231.59	50.7481	0.136275	0.550775
349.356	36.6347	0.164782	0.121871
266.531	36.8025	0.135503	0.117842
490.957	45.4987	0.170288	0.179930
312.953	37.1806	0.188404	0.104698
704.754	44.511	0.17294	0.122757
266.833	38.8036	0.212278	0.090254
495.942	49.0144	0.148822	0.205305
900.834	58.4636	0.143211	0.179598
775.358	56.3134	0.202035	0.150196
388.562	58.5018	0.159156	0.196186
197.006	38.9313	0.164618	0.097562
545.593	42.6019	0.213794	0.111121
689.55	58.3172	0.247347	0.117220
221.202	36.6198	0.191261	0.183234
782.035	60.1578	0.21594	0.126911
541.869	52.7045	0.240075	0.127987
690.273	51.0135	0.230198	0.110940
234.394	49.0982	0.188721	0.356389
223.207	49.6677	0.146417	0.329034
650.453	49.7889	0.219184	0.105052
717.343	59.3244	0.151556	0.214132
612.453	40.5619	0.129276	0.171702
762.932	52.3688	0.201051	0.127766
234.569	49.8661	0.136085	0.266667
223.42	37.6004	0.192352	0.131776
283.069	36.8537	0.224495	0.102798
569.333	56.7702	0.236794	0.139540
292.586	55.1236	0.174252	1.902668
261.429	53.6145	0.160908	0.946997
192.096	37.436	0.137641	0.106349
670.496	56.2034	0.156469	0.225451
355.928	41.1358	0.144301	0.104300
224.638	46.6231	0.202232	0.795984
630.464	46.958	0.216557	0.103509
283.392	55.183	0.137168	0.438708
523.091	40.2463	0.223488	0.108609
283.735	40.7883	0.169583	0.084230
646.038	59.6461	0.141039	0.252028
528.37	46.4097	0.240684	0.096953
570.679	60.6592	0.19986	0.217792
693.659	54.1279	0.21213	0.141312
195.246	42.8659	0.249501	0.295800
329.879	41.1811	0.201326	0.136970
152.676	37.6899	0.154872	0.166902
472.136	45.2549	0.145287	0.173264
279.7	41.5987	0.171342	0.132455
280.227	58.7609	0.201622	0.138729
626.63	57.7406	0.128964	0.292555
420.079	44.7147	0.172831	0.141856
193.871	40.7184	0.171146	0.084057
575.564	53.6151	0.188853	0.160193
621.291	44.5254	0.208034	0.116968
412.02	42.5533	0.143213	0.201309
641.08	38.959	0.247291	0.063492
259.817	50.0281	0.190661	0.202657
656.565	57.5858	0.149112	0.213193
596.839	45.084	0.155589	0.146225
768.094	55.8955	0.205174	0.128234
513.711	51.8954	0.166065	0.209328
398.243	51.3127	0.134707	0.151044
257.018	39.9552	0.207347	0.087518
239.805	37.7841	0.16774	0.100540
198.106	43.9826	0.158922	0.178827
686.064	48.6875	0.125856	0.213467
342.82	47.6994	0.247117	0.151205
316.448	43.3624	0.152245	0.156813
267.348	52.1757	0.21316	0.196388
282.385	43.718	0.128498	0.208028
177.519	40.253	0.212196	0.083701
802.912	54.7815	0.191723	0.130229
383.675	36.8297	0.242917	0.088493
671.08	48.0577	0.132416	0.213922
621.164	40.7314	0.132335	0.164764
647.664	43.8556	0.178126	0.125602
485.909	40.2128	0.194709	0.115976
340.402	43.5351	0.154027	0.217476
621.891	48.9121	0.229449	0.111315
211.067	39.7799	0.189724	0.354498
230.984	38.6984	0.199035	0.084050
223.343	46.3596	0.200632	1.485593
698.468	45.8275	0.220661	0.111330
191.869	38.8032	0.162869	0.107108
851.798	60.1585	0.199247	0.143649
686.688	49.3042	0.22829	0.115904
543.502	48.008	0.188217	0.143576
470.354	46.6521	0.136464	0.267494
379.796	59.2749	0.178157	0.270963
318.059	37.2209	0.244445	0.112870
744.372	53.1132	0.201372	0.119496
748.018	51.3748	0.166228	0.147281
205.555	39.7337	0.198209	0.149471
584.792	36.9053	0.125182	0.156804
253.809	48.9466	0.140977	0.251710
405.12	38.9823	0.13277	0.146851
270.079	54.2698	0.127055	0.517004
491.346	39.2716	0.169527	0.127966
314.412	52.6194	0.141069	0.337981
449.227	37.6986	0.231126	0.089998
337.208	43.9537	0.198834	0.149424
508.845	37.7971	0.162004	0.126174
698.588	52.4872	0.1307	0.232046
728.669	46.0732	0.125177	0.185281
347.203	53.1728	0.154777	0.223805
415.373	43.6355	0.178067	0.193475
583.263	40.1777	0.209364	0.095080
282.413	54.3948	0.160612	0.996491
330.098	46.8899	0.178678	0.164873
429.916	39.2286	0.188216	0.106110
199.725	47.2534	0.188857	0.423056
397.062	38.5598	0.145539	0.112017
410.83	47.6662	0.152161	0.165702
366.602	36.7417	0.165981	0.121546
701.12	60.2772	0.194911	0.170793
253.925	42.0701	0.134146	0.214137
407.933	50.1879	0.21952	0.162666
436.206	47.4771	0.14694	0.275448
460.82	39.8036	0.147016	0.154106
262.159	38.3948	0.177994	0.142932
447.599	48.7664	0.131562	0.204075
283.202	46.1685	0.157022	0.123323
549.648	51.6925	0.240282	0.141592
603.601	44.881	0.211563	0.096630
559.328	38.1075	0.228558	0.092803
437.53	46.9545	0.172986	0.187409
788.717	58.1999	0.156173	0.186565
645.374	42.7948	0.21575	0.105482
285.803	57.4558	0.243038	0.181403
246.172	40.2151	0.160496	0.237761
933.906	60.5363	0.202479	0.122308
569.766	37.2196	0.125453	0.153878
598.731	53.4602	0.194356	0.155600
204.123	40.8015	0.146244	0.140718
161.73	38.5489	0.13025	0.222777
741.653	45.5753	0.17552	0.122376
514.957	37.7167	0.126579	0.162701
567.397	49.4482	0.145063	0.179679
632.205	55.4944	0.20825	0.138775
513.001	43.9294	0.152462	0.163201
338.036	55.9672	0.198288	0.210577
662.759	56.9876	0.129055	0.278934
600.593	50.2862	0.161057	0.157000
347.712	51.3649	0.181248	0.249470
392.421	53.7148	0.249254	0.158562
718.082	51.4535	0.22169	0.103830
881.123	57.9236	0.141968	0.213874
734.845	53.8038	0.239633	0.104352
388.092	42.2153	0.151837	0.147690
263.86	47.6184	0.194453	0.217759
303.556	39.2718	0.146497	0.129239
414.173	40.1575	0.170723	0.129151
394.68	58.6152	0.152911	0.309104
348.983	45.6115	0.171052	0.158410
460.934	36.7764	0.171732	0.105280
605.787	49.1816	0.187017	0.148789
495.618	36.5176	0.166059	0.120158
381.782	47.4845	0.210711	0.177027
387.345	60.1291	0.147121	0.235274
656.833	43.6145	0.24085	0.088733
653.543	50.8157	0.130939	0.234088
538.801	49.3832	0.205013	0.127261
412.457	52.4377	0.232995	0.125284
697.899	47.7222	0.132052	0.236576
509.642	43.4421	0.234424	0.098320
394.258	37.0999	0.202569	0.111364
254.764	44.6546	0.125151	0.266950
482.008	59.4359	0.221867	0.187332
708.181	60.4151	0.196537	0.167974
314.846	42.7004	0.132451	0.163839
391.979	57.5486	0.14117	0.242887
433.532	50.3174	0.182013	0.226759
465.939	42.6336	0.240046	0.105002
595.059	36.7677	0.139127	0.127111
564.361	40.8088	0.141423	0.143764
350.628	40.9554	0.167975	0.150090
375.667	41.9267	0.18356	0.146143
462.249	47.2313	0.183899	0.172543
754.767	49.812	0.173828	0.134831
514.051	60.0668	0.22872	0.155408
332.73	42.1367	0.208302	0.122350
586.348	42.435	0.127374	0.193664
567.628	38.9101	0.209754	0.086936
255.056	47.4195	0.131016	0.288480
527.873	53.5251	0.143279	0.240574
608.423	52.0106	0.157017	0.181836
244.142	40.143	0.190951	0.132187
583.285	42.4984	0.131213	0.162053
663.392	47.7344	0.145549	0.178324
368.211	36.5793	0.140793	0.152078
199.396	41.2447	0.125179	0.402562
530.242	47.8507	0.153058	0.139621
455.788	46.9597	0.127107	0.225463
537.714	36.8313	0.144834	0.140736
446.657	51.0613	0.200984	0.148645
898.073	57.5378	0.226151	0.116167
489.605	46.0785	0.137296	0.189430
557.973	39.0218	0.217582	0.103356
587.691	49.4622	0.140415	0.194538
433.721	46.6213	0.211085	0.139648
588.103	39.7254	0.230303	0.089982
677.896	54.8603	0.170989	0.185093
322.432	44.9865	0.162408	0.160139
