0.738526	0.305518
0.720894	0.137073
0.619174	0.240519
0.879025	0.131342
0.603107	0.138865
0.846190	0.151366
0.882176	0.164864
0.680610	0.155019
0.769430	0.225718
0.961685	0.152740
0.961002	0.120864
1.431089	0.241580
0.823643	0.230523
0.538734	0.107905
0.666722	0.155840
0.702250	0.127129
0.630352	0.115929
0.905491	0.130204
0.871773	0.123105
0.690811	0.225302
0.890683	0.093475
0.859850	0.163490
0.585900	0.182369
0.620924	0.152691
1.016060	0.253690
1.090279	0.471069
0.909640	0.164885
1.231128	0.146960
0.526226	0.135396
1.027036	0.072181
0.499998	0.108832
0.594826	0.137871
0.641035	0.096423
0.748057	0.124428
0.760631	0.142642
1.175051	0.074161
1.086171	0.106968
0.794735	0.152858
0.663345	0.239178
0.663560	0.194681
0.702693	0.202422
1.035803	0.132161
1.423450	0.163349
0.576936	0.104794
0.607179	0.106298
1.176007	0.143505
0.702753	0.124073
1.124021	1.171099
0.974514	0.207581
0.798890	0.121165
0.857615	0.179927
0.865893	0.127715
0.744348	0.204599
0.599592	0.180155
1.062249	1.663293
0.725840	0.228308
1.085771	0.240704
0.651968	0.145612
0.473335	0.113737
1.130795	0.282475
0.559733	0.071435
0.548066	0.111196
0.708809	0.261206
0.616486	0.194892
0.882343	0.201534
1.123758	0.112718
0.646173	0.280949
0.810487	0.094256
0.880425	0.248817
0.785381	0.116474
1.073019	0.077065
1.186954	0.087796
0.873777	0.307787
0.581515	0.083935
0.689965	0.099461
0.589435	0.119707
0.557673	0.112981
0.751654	0.143732
0.661725	0.091162
0.737171	0.134961
0.554781	0.125457
1.486075	0.159846
1.017736	2.336260
0.737050	0.127003
0.970792	0.157571
0.724191	0.152699
0.996642	8.560660
0.792345	0.337955
0.995568	0.121117
0.793092	0.115674
0.680878	0.215181
1.148187	0.136777
0.690425	0.177268
0.646058	0.106135
0.555150	0.146657
0.694942	0.111241
0.661755	0.126249
1.281695	0.145590
1.283013	0.173358
0.768807	0.107870
0.799732	0.188114
0.577920	0.104452
0.658159	0.224765
1.210024	0.192472
0.898437	0.221832
0.799598	0.171858
0.721821	0.247687
0.775773	0.211492
0.795849	0.208273
0.842964	0.216233
0.673453	0.177517
0.880218	0.227730
0.802723	0.139092
1.067878	0.339100
0.562228	0.130858
0.644747	0.099309
0.934645	0.128721
0.635827	0.146222
0.782436	0.121743
0.874460	0.183375
0.977535	0.089676
1.000503	0.235188
0.994276	0.132889
0.736814	0.122032
0.963324	0.210566
1.034011	0.175157
0.631578	0.128260
0.605757	0.152799
1.018583	0.136447
0.665040	0.178404
1.305370	0.108308
0.776696	0.124878
0.785170	0.123127
1.231225	0.214718
0.564445	0.105808
1.149054	0.204708
1.024190	0.183343
0.713809	0.132479
1.076988	0.646697
0.600697	0.120452
0.728082	0.246976
0.760266	0.236815
0.670583	0.113277
0.937439	0.207321
0.465311	0.125071
0.674607	0.118243
0.671031	0.177345
0.834025	0.128624
0.694192	0.153689
0.530926	0.107940
0.740034	0.208622
0.969403	0.375335
0.685873	0.204595
1.068620	0.336340
0.625165	0.114336
0.706327	0.184523
1.289664	0.181064
0.834068	0.162882
1.019825	0.370421
0.796546	0.174021
0.828011	0.408329
0.962316	0.143008
0.742840	0.139012
0.792644	0.183397
0.937332	0.324450
0.427498	0.092061
0.684248	0.261918
1.250894	0.155066
0.849404	0.190804
0.966754	0.171955
0.845040	0.128405
0.760445	0.184785
0.804073	0.170095
0.979746	0.115368
1.218360	0.189941
0.766924	0.196454
0.970933	0.216641
0.773286	0.254606
0.665228	0.175515
0.554228	0.161775
1.050954	0.249011
0.641980	0.137811
0.963304	0.109287
0.975186	0.178876
0.941021	0.205736
1.005870	0.062443
0.621590	0.165408
0.871334	0.171406
0.825154	0.247080
0.929703	0.277689
1.029440	0.464011
0.687451	0.179643
0.581748	0.109630
0.761839	0.129703
1.035606	0.157465
0.750142	0.187338
0.658016	0.204423
0.661704	0.172721
0.788039	0.193931
0.674330	0.122418
0.674838	0.148538
0.499804	0.101557
0.621573	0.163509
1.009443	0.518345
0.912833	0.159402
1.276314	0.112056
0.515559	0.067119
0.552635	0.194620
0.704162	0.113102
0.618790	0.088361
0.653498	0.115259
0.865111	0.304344
0.903621	0.108517
0.660684	0.121931
0.806097	0.184575
1.044724	0.294653
1.050522	0.136160
0.628634	0.161509
0.443401	0.096594
1.271983	0.315507
1.196937	0.216779
0.842176	0.177953
0.766403	0.165607
0.715010	0.227451
0.678440	0.183808
0.886134	0.090808
0.987545	0.165401
1.196168	0.114625
0.863963	0.296930
0.561953	0.091349
1.544961	0.186819
0.597877	0.193743
0.637375	0.136809
1.261063	0.118061
0.619601	0.140318
0.956436	0.111734
0.995289	0.118881
0.865213	0.095152
0.934315	0.192490
0.890351	0.160996
0.844462	0.143874
1.233030	0.216134
0.891607	0.140147
0.937346	0.091053
0.786055	0.131477
1.185886	0.186238
0.579653	0.148271
1.327124	0.083525
0.796411	0.282824
0.528274	0.140186
1.030861	0.081435
0.534308	0.134002
0.695143	0.121014
0.789713	0.165341
0.861513	0.114955
0.888713	0.169017
0.907992	0.113138
0.924304	0.082738
0.714441	0.150002
0.566682	0.213365
0.714678	0.110762
0.592443	0.103510
0.728834	0.147893
1.065577	0.872322
0.721982	0.209776
0.595346	0.147345
0.869210	0.173507
0.859357	0.136872
0.776976	0.144423
0.573790	0.103143
0.571590	0.091005
0.807823	0.185615
0.750925	0.120364
0.569441	0.123470
0.623923	0.166307
0.715833	0.148462
0.670561	0.125673
0.846799	0.165545
1.052949	0.342747
0.781593	0.198001
0.813589	0.176705
0.576546	0.083928
1.216525	0.138401
0.721800	0.202252
0.638366	0.128368
0.757704	0.149789
0.726694	0.268539
0.725474	0.256231
1.078275	0.439000
1.160753	0.161099
0.721381	0.197645
0.661626	0.127215
1.029611	0.152611
0.785875	0.191545
0.567814	0.160170
0.790521	0.245178
0.610812	0.154649
0.597025	0.120144
0.746677	0.249555
0.655445	0.129841
0.932270	0.215995
0.527779	0.141293
0.582754	0.153410
0.955098	0.093478
0.879938	0.181286
0.730633	0.142223
1.020685	0.641455
0.928758	0.124478
1.015352	1.669381
0.635398	0.191472
0.790117	0.197546
0.736546	0.177609
0.850537	0.092583
0.845480	0.142219
0.610154	0.217195
0.629877	0.154759
0.695384	0.180220
1.006052	0.218762
1.089186	0.213482
0.713625	0.125092
1.036808	0.228507
0.668512	0.194817
0.660224	0.174601
1.184641	0.107568
0.832223	0.140502
0.594159	0.148226
0.636691	0.107115
0.556387	0.115933
1.290501	5.563540
1.034364	0.149225
1.110376	0.312145
0.852600	0.114287
1.463472	0.136597
1.006426	0.095649
0.511265	0.116887
0.809854	0.112922
0.735880	0.150012
0.631187	0.157590
0.600648	0.103162
0.669019	0.110454
0.543873	0.174408
0.745192	0.162261
0.721633	0.251497
1.076654	0.263532
0.800656	0.277344
1.127951	0.223400
0.637297	0.182021
0.713179	0.120549
0.612637	0.178927
1.204721	0.110123
0.736297	0.156688
0.690824	0.125737
0.815839	0.142106
0.577325	0.127921
1.065936	0.742662
0.570982	0.098494
1.295554	0.173191
0.723636	0.155784
0.577279	0.117132
1.083585	0.349934
0.693758	0.156320
0.704929	0.147674
1.092366	0.332264
0.648134	0.144937
0.921241	0.249317
1.083526	1.175882
1.098528	0.206178
0.587186	0.081252
0.693485	0.165681
0.786305	0.153373
0.781122	0.186467
1.273515	0.198535
0.735249	0.106952
0.702841	0.131970
0.677702	0.202815
0.645445	0.328812
0.658658	0.126474
0.664822	0.092654
0.571102	0.136994
0.593922	0.098181
0.518076	0.131748
0.587415	0.151518
0.710932	0.159857
0.579471	0.109749
0.680220	0.157820
0.747308	0.163789
0.753406	0.226518
0.946456	0.181246
0.782947	0.190723
0.709760	0.186930
0.958530	0.287414
1.002968	0.307496
1.097055	0.307767
0.769722	0.094677
0.681479	0.139654
0.868768	0.115146
0.756654	0.124665
0.646092	0.114654
0.725854	0.210746
0.898468	0.168378
0.849761	0.190092
0.673730	0.192872
0.673080	0.084875
0.598600	0.103447
0.716623	0.180846
0.756802	0.133746
1.102632	0.090819
0.566631	0.117860
0.991485	0.132447
0.729138	0.243244
1.092738	0.267331
0.656548	0.116954
1.005090	0.111274
0.610699	0.143154
0.601805	0.233884
1.219643	0.105491
0.968956	0.113894
0.733030	0.182626
0.619792	0.217444
0.662670	0.173474
0.716861	0.124419
0.598317	0.078365
0.780690	0.152323
0.850361	0.164652
0.689729	0.190489
0.670712	0.128258
0.575148	0.096281
0.610376	0.236061
0.729576	0.116572
0.741784	0.166608
0.704533	0.197497
0.794351	0.140015
0.730131	0.135417
1.038681	0.309846
0.907459	0.111414
0.520640	0.118374
0.633771	0.140911
0.979621	0.132149
0.913721	0.182928
0.531224	0.142185
1.559443	0.219130
0.997693	0.143362
0.757710	0.190835
0.803306	0.249917
0.859872	0.168976
0.564836	0.118233
0.624291	0.091534
0.618087	0.215320
0.727842	0.141228
0.575996	0.175644
0.521791	0.089007
0.841594	0.135939
0.819168	0.196440
0.617222	0.204927
0.693568	0.177183
0.662025	0.182550
0.608491	0.159288
0.745359	0.206520
0.772527	0.208809
0.604783	0.132093
0.956689	0.239381
1.010293	0.357443
0.757605	0.135740
1.106579	0.348266
1.399119	0.263428
0.710737	0.204869
0.866839	0.113663
0.672120	0.151362
1.022213	0.160826
0.681949	0.178393
0.759917	0.239420
0.690916	0.220568
0.800710	0.241593
0.527959	0.073199
0.907807	0.132754
0.936808	0.217269
0.750097	0.130731
0.554441	0.174067
1.180397	0.197440
0.582377	0.119136
0.863477	0.241516
0.629700	0.190015
0.538845	0.180281
0.625196	0.218697
0.878298	0.124465
0.546478	0.164574
0.942692	0.105271
0.843168	0.205462
0.848560	0.214052
1.052699	0.307315
0.563896	0.078926
0.558142	0.118050
0.879906	0.142126
0.885157	0.159581
0.725703	0.101886
0.955490	0.126132
0.694950	0.136079
0.990078	0.161854
1.301835	0.124092
1.201088	0.268337
0.648777	0.095987
0.998449	0.110089
0.592347	0.082381
0.693766	0.134409
0.501181	0.137792
0.483009	0.117431
0.606196	0.186145
0.653000	0.131247
0.591504	0.078201
0.567579	0.198016
0.745304	0.118212
0.594466	0.209281
0.666684	0.096915
0.784034	0.188966
0.793422	0.324442
0.967571	0.180315
0.934373	0.156660
0.592701	0.114265
0.646794	0.187943
0.580749	0.169623
0.910579	0.133392
0.772238	0.143364
1.386833	0.745736
0.571964	0.177353
0.497539	0.093582
0.609939	0.147150
0.643931	0.157294
1.150156	0.380481
0.819107	0.083187
1.078815	0.138965
0.549313	0.163179
0.861371	0.126732
1.190020	0.138542
0.601202	0.115970
0.915401	0.289643
0.740751	0.151233
0.758893	0.160715
0.875475	0.242112
0.835352	0.224331
0.729009	0.168260
0.842091	0.300153
0.645148	0.250138
1.403987	0.099591
0.796976	0.159937
1.187247	0.526715
1.107875	0.237143
1.189947	0.215298
1.040424	2.020067
0.783045	0.205438
0.737373	0.243598
0.840729	0.224757
0.605946	0.185383
0.744463	0.128254
0.907355	0.156306
0.995961	0.274428
0.570704	0.190245
0.699169	0.156387
0.671766	0.159460
0.700171	0.145115
0.558102	0.172159
0.869296	0.246967
0.677463	0.093676
0.736354	0.234210
0.523382	0.121675
0.718699	0.150371
1.167938	0.224246
0.808106	0.146607
0.926617	0.099433
1.424671	0.143275
0.503151	0.094887
0.760243	0.236420
0.714358	0.124426
0.724389	0.244947
0.871682	0.143767
0.676787	0.128632
0.954859	0.235775
1.522935	0.142666
0.952354	0.151946
0.797367	0.135412
0.554908	0.215785
0.697036	0.236480
0.697420	0.184445
0.795005	0.151282
1.111636	0.127740
0.488300	0.121580
0.734547	0.201189
0.796693	0.122856
0.649487	0.097799
0.595456	0.115742
0.662906	0.141484
1.111397	0.285901
0.701856	0.162941
0.594904	0.194756
0.872453	0.274984
0.811366	0.191993
0.761744	0.211194
0.696076	0.188218
0.574992	0.116421
0.702314	0.112970
0.714069	0.192779
0.768516	0.169635
1.211164	0.448413
1.053067	0.694824
0.586041	0.111021
1.044946	1.021159
0.701140	0.239549
1.126348	0.108280
0.972450	0.163073
0.718424	0.220578
0.752790	0.173183
0.663282	0.226948
0.580382	0.118201
0.609378	0.136713
0.686561	0.110532
0.790169	0.125939
0.949823	0.159173
0.742378	0.138674
0.708253	0.211112
0.754919	0.233630
0.960686	0.134864
0.729415	0.088083
0.994899	2.194178
1.045524	0.962363
1.130262	0.280262
0.637820	0.210852
0.732217	0.245301
0.671442	0.133242
0.672736	0.157856
0.797931	0.177217
0.972455	0.137349
1.063216	0.136613
0.791476	0.198561
0.835811	0.201358
0.862156	0.251209
0.855369	0.176495
0.973986	0.091709
0.728953	0.117316
0.836583	0.152623
0.588072	0.097610
0.484816	0.117275
0.740723	0.164036
1.055501	0.382735
0.833718	0.126187
0.813089	0.206565
1.218487	0.193922
0.483526	0.128734
0.866885	0.156496
0.769218	0.204172
0.707408	0.134829
0.473698	0.165378
0.626657	0.115392
0.667697	0.242734
0.697343	0.142882
0.683653	0.197506
0.718999	0.211193
0.576164	0.087458
0.839158	0.160274
0.580346	0.180667
1.303452	0.114443
1.243042	0.170832
0.971034	1.270967
0.978260	0.458424
0.537742	0.115322
0.761090	0.132922
0.856974	0.130862
1.073220	0.352130
0.527380	0.144639
0.953724	0.114945
0.674358	0.139248
0.547172	0.092165
0.702977	0.113492
0.630133	0.207567
0.940938	0.159762
0.570414	0.131976
0.793603	0.253769
0.831820	0.123519
0.588515	0.104886
0.612959	0.184835
1.117974	0.127616
0.589591	0.224582
0.736298	0.113487
0.731665	0.213153
0.829766	0.211745
0.842460	0.137096
1.027147	0.110006
0.672706	0.166675
0.741695	0.095667
0.812772	0.152170
0.597721	0.195608
0.685815	0.132101
0.682109	0.122504
0.797725	0.198348
0.627260	0.181117
0.669374	0.252487
1.044198	0.299976
0.569649	0.132486
0.787234	0.223294
0.955415	0.105811
0.792331	0.231512
0.596345	0.114579
0.835090	0.135556
0.989548	0.110071
0.655442	0.222796
0.795635	0.131735
1.108238	0.177477
0.764867	0.126482
1.235101	0.142207
1.376099	0.102524
0.521347	0.071659
0.584092	0.097585
0.620210	0.136587
1.148549	0.095646
0.945298	0.108251
1.138308	0.218358
0.784029	0.381794
0.644942	0.118755
0.637549	0.141330
1.084652	0.448429
1.021560	0.109303
1.107975	0.090371
0.699238	0.226694
1.114308	0.188517
1.183630	0.090160
1.270138	0.259135
0.705541	0.278438
1.171841	0.130474
0.593228	0.107323
0.767494	0.177342
0.669255	0.129743
0.597279	0.205468
0.870524	0.088573
0.622926	0.141671
0.696349	0.118475
0.522030	0.125404
0.760835	0.174922
0.776546	0.229053
0.551800	0.069166
0.697780	0.136506
0.896031	0.156519
0.792618	0.137486
0.680673	0.271315
0.938155	0.179935
1.034847	2.476916
0.680225	0.131028
0.562690	0.133029
0.682894	0.245796
0.604659	0.167048
1.105096	0.100295
0.813574	0.145100
1.008152	0.099798
0.744256	0.184805
0.722914	0.265101
0.709693	0.158130
0.769551	0.163087
0.933684	0.078274
0.779923	0.269246
0.630952	0.170193
0.697303	0.153637
1.173435	0.101887
1.476708	0.178694
0.835405	0.091931
0.606367	0.105775
0.871297	0.126745
0.693254	0.137253
1.305530	0.206534
0.598072	0.196735
0.795067	0.194060
0.704382	0.143712
0.760322	0.146542
0.784589	0.125534
0.567105	0.112044
0.694102	0.171514
0.798952	0.132278
0.613070	0.225636
0.795236	0.123539
1.199755	0.102852
0.479555	0.113070
0.786070	0.197149
0.741630	0.174371
0.557613	0.086385
0.792091	0.129831
0.863405	0.108846
0.823783	0.250969
0.632054	0.146116
0.460299	0.132928
0.642870	0.205913
1.149971	0.146807
0.576736	0.098116
0.769920	0.217714
0.733876	0.175911
0.537323	0.118854
0.791089	0.182865
0.662220	0.154577
0.738623	0.149014
0.766737	0.145686
0.695082	0.120823
0.669047	0.155054
1.081201	0.964522
0.658587	0.196142
0.827374	0.152744
0.828418	0.152532
0.695073	0.181581
0.517321	0.130538
0.748174	0.203791
0.768928	0.131348
0.770772	0.105880
0.864161	0.203358
0.772186	0.213603
0.734517	0.274447
0.700939	0.125949
0.794780	0.109222
1.012050	0.109550
0.510341	0.092858
0.702016	0.266263
0.740449	0.120339
0.852075	0.225832
0.761189	0.162355
0.639385	0.180844
1.162815	0.139658
0.707423	0.148984
1.023707	3.773326
0.813030	0.177759
0.643128	0.198534
0.670066	0.118249
0.621989	0.159461
0.656113	0.100237
0.691767	0.126587
0.864687	0.173945
1.137682	0.253576
0.779274	0.100738
0.656559	0.145527
1.322521	0.540839
0.766171	0.235431
0.767124	0.099991
0.584481	0.127137
1.385268	0.285872
0.636640	0.168506
0.462332	0.110825
0.704131	0.132624
1.528712	0.164020
1.367129	0.181379
0.760571	0.201056
0.882942	0.170063
1.012887	0.095657
0.775433	0.275319
0.887023	0.184807
0.936312	0.192765
1.045907	0.159843
0.752361	0.186938
0.670452	0.142046
0.768249	0.139728
0.603238	0.088447
0.899772	0.154409
0.601534	0.201152
1.031754	1.203913
1.233576	0.416977
0.653598	0.080791
0.580385	0.115108
0.934609	0.082494
1.052738	1.478504
0.803289	0.182287
0.753804	0.155078
0.699253	0.129997
0.603548	0.190946
0.962643	0.168308
1.151612	0.381353
0.790759	0.175995
0.837267	0.168653
0.555467	0.122895
0.824852	0.147592
0.560310	0.120894
0.825515	0.193711
0.844638	0.227572
0.686502	0.227088
0.473594	0.131863
1.182625	0.164214
1.259709	0.173866
1.047476	0.102675
0.624490	0.175455
1.106822	0.338176
0.909545	0.387914
0.735764	0.176160
0.846023	0.154299
1.024371	0.107403
0.911950	0.113368
0.915949	0.133450
0.669513	0.155354
1.182681	0.211203
0.610518	0.124612
1.016350	0.062280
0.592808	0.164371
0.968683	0.092207
0.869367	0.202460
0.672856	0.220166
1.188522	0.153275
0.868328	0.196467
0.790526	0.133360
1.023279	0.131719
1.192934	0.179035
0.952002	0.167674
0.571832	0.098028
0.637297	0.139605
0.745577	0.175113
0.574162	0.085776
0.528069	0.140231
0.540028	0.201967
1.174028	0.100696
0.802185	0.291164
1.017394	0.084304
0.904257	0.132489
0.796861	0.164287
1.107550	0.277835
0.900111	0.169722
0.911094	0.133926
0.625204	0.160603
0.724874	0.244903
0.807896	0.201446
0.854377	0.147628
0.943492	0.155527
0.596642	0.142326
1.020923	0.106729
0.733605	0.263031
0.690215	0.278619
0.476553	0.110293
0.645973	0.126873
0.668840	0.188342
0.751726	0.172188
1.443664	0.194505
0.954458	0.120041
0.782373	0.145416
0.997571	0.111861
0.612036	0.118115
0.669306	0.221031
0.592030	0.186762
0.578564	0.139626
0.831668	0.229155
0.938576	0.186707
1.157736	0.942794
0.578472	0.159151
0.866822	0.140372
0.877527	0.224805
0.671704	0.208499
1.052095	0.406534
0.691855	0.189642
1.182103	0.207270
1.027007	0.072760
0.936019	0.338422
0.653939	0.183334
0.674870	0.134901
0.939619	0.263124
0.885064	0.173925
0.661525	0.152158
1.163106	0.258628
0.596138	0.182513
1.012774	0.143576
0.597194	0.186865
0.660405	0.162477
0.679507	0.109361
0.581012	0.173487
0.807262	0.285955
0.683776	0.132629
0.837743	0.085572
0.705238	0.105678
1.108119	0.185332
0.821689	0.279563
0.598787	0.130331
0.637462	0.101475
0.767447	0.202544
0.956377	0.087392
0.563693	0.142517
0.569355	0.125772
0.691984	0.118481
0.752237	0.131962
1.076668	0.500821
1.015530	1.738758
1.214449	0.087112
0.652258	0.190002
0.916445	0.113936
1.117182	0.266402
0.983083	0.088354
0.858754	0.185550
0.792719	0.135420
0.634174	0.145443
0.575001	0.174710
0.720241	0.170953
0.709413	0.181948
0.753975	0.125415
0.776551	0.120849
0.827939	0.160735
1.173202	0.109190
0.611828	0.141103
0.555655	0.127755
0.645245	0.154151
0.680737	0.213497
0.616951	0.170265
1.157723	0.172840
0.618055	0.171216
0.541319	0.082395
1.136972	0.158033
0.892485	0.147566
0.800542	0.145741
1.021626	0.198785
0.610842	0.143843
1.308769	0.081655
1.076200	0.110987
0.647285	0.110083
0.875144	0.107025
0.681671	0.112566
0.730012	0.220245
0.922711	0.089994
0.680907	0.157777
0.563360	0.156356
0.727207	0.112727
0.641045	0.181288
1.044958	1.553447
1.313932	0.132039
0.815864	0.229661
0.491024	0.110278
0.926171	0.208179
0.740285	0.189869
0.901870	0.146801
1.080690	0.420701
0.838701	0.201443
0.753130	0.144209
0.573132	0.152459
1.023216	0.142169
1.373318	0.133215
0.755242	0.124966
0.709221	0.130906
0.539634	0.093509
0.696132	0.194368
0.835403	0.096814
0.565242	0.116070
1.250054	0.338660
0.953450	0.123418
0.649553	0.219068
0.902681	0.207666
0.595952	0.111508
0.763598	0.106828
0.783223	0.097241
0.739337	0.106967
0.757296	0.121265
0.616272	0.134552
0.634455	0.161125
0.638085	0.115076
0.559843	0.102784
1.183162	0.123839
0.787334	0.208971
0.748416	0.185569
0.968803	0.097131
0.976390	0.097204
1.089843	0.171398
0.656698	0.235231
0.446545	0.080510
0.602220	0.223579
0.706615	0.198144
0.718756	0.164934
0.635440	0.144684
0.882718	0.144305
0.767488	0.124967
0.744783	0.187441
0.628418	0.108201
0.755476	0.180752
0.625462	0.108058
0.929463	0.123016
0.751940	0.121485
0.665708	0.131411
0.828300	0.086853
0.791550	0.236676
0.727090	0.234125
0.671789	0.178078
0.733099	0.169369
0.927945	0.162620
0.652462	0.219577
0.610010	0.100454
0.944639	0.265626
0.757815	0.213607
0.787162	0.153819
0.748304	0.159354
0.726803	0.126537
0.660758	0.174507
1.275106	0.090047
0.761884	0.234864
1.058962	0.623584
1.209028	0.183153
0.933276	0.120256
0.841013	0.184065
0.724710	0.165348
0.746447	0.264759
0.530359	0.110928
0.867251	0.257636
1.377316	0.146430
0.593830	0.090178
0.963775	0.153271
0.887595	0.089894
1.027843	0.737927
0.743249	0.197133
0.545557	0.111305
0.664697	0.179744
0.744587	0.100222
0.822098	0.230592
1.313898	0.156041
0.726723	0.117016
0.569715	0.175663
0.614981	0.172649
0.788977	0.213895
0.720550	0.294744
0.726524	0.150856
0.543959	0.154135
0.725897	0.141836
0.695597	0.268575
1.027197	0.071252
0.552484	0.152939
1.345290	0.109846
0.958077	0.203219
0.850841	0.131916
0.617220	0.116941
0.883979	0.119436
0.580422	0.120325
0.754440	0.147691
0.723212	0.192409
0.626262	0.168394
0.984106	0.146288
1.329418	0.325354
1.302488	0.099123
0.581437	0.125389
0.712460	0.312206
0.891657	0.100284
0.601438	0.112789
0.772171	0.191073
0.611699	0.139519
0.602872	0.145357
0.620498	0.096416
0.757280	0.106592
0.689751	0.129347
1.248719	0.101543
0.650897	0.112814
0.801722	0.198006
1.024145	0.188557
0.783988	0.220327
0.637731	0.129275
0.673667	0.141474
0.682803	0.152920
0.607613	0.235474
0.758628	0.125163
1.132692	0.157692
0.691878	0.146134
0.827372	0.354351
1.175626	0.965181
0.649839	0.121752
0.582853	0.135628
0.795916	0.136905
0.683702	0.140662
0.650673	0.105928
0.621479	0.109311
0.688857	0.181326
0.761546	0.112459
0.686860	0.183098
0.606894	0.139978
0.865262	0.106717
0.731039	0.148715
0.625561	0.089768
0.992708	0.113239
0.763963	0.150121
1.038571	0.194414
0.836658	0.163857
1.093482	0.174562
0.951338	0.090241
1.303659	0.288437
0.834076	0.227269
0.952067	0.482544
0.621385	0.198533
0.650275	0.159642
0.602907	0.125629
0.796632	0.124641
0.740247	0.152177
1.205501	0.362863
0.620532	0.100553
0.921198	0.353287
1.187974	0.231647
1.073998	0.187971
0.992310	0.296339
0.822825	0.227675
0.602381	0.230757
1.045509	0.106853
1.043494	1.146604
1.212396	0.131705
0.872794	0.147867
1.073850	0.089202
0.576643	0.077441
0.701863	0.184026
0.599702	0.154105
0.625119	0.155748
0.847616	0.117711
1.335240	0.185657
0.644673	0.115576
0.620580	0.179406
0.664726	0.151160
1.120559	0.089910
0.752246	0.248525
0.682539	0.170022
0.807254	0.143187
0.595389	0.183406
1.277315	0.101936
0.738808	0.156691
0.938023	0.323014
1.026799	0.099896
0.577185	0.135774
0.762698	0.221157
0.802534	0.110143
0.568638	0.096057
0.617609	0.121551
0.565261	0.157507
0.884748	0.203089
0.523408	0.082071
0.797098	0.154983
1.079206	0.231053
0.789572	0.132655
0.729349	0.150776
0.794346	0.253794
0.605713	0.185773
0.943034	0.168987
0.678233	0.226158
1.243824	0.137796
0.634823	0.103407
0.571492	0.145499
0.489082	0.107771
1.096883	0.406665
0.758660	0.154570
0.742550	0.188782
0.685609	0.179237
0.526415	0.108944
1.334320	0.090126
0.682726	0.146705
0.613986	0.090069
1.162255	0.224425
0.868887	0.206260
0.743799	0.292684
0.579687	0.182339
1.011153	0.151753
0.826692	0.176219
0.608648	0.221765
0.573423	0.130853
1.034699	0.419175
0.548810	0.122366
0.582449	0.116086
0.973297	0.111595
0.679434	0.097059
1.282527	0.170104
0.685977	0.082362
0.616968	0.103337
0.570940	0.119341
1.001723	0.181872
1.060467	0.907243
0.709190	0.234836
0.723771	0.196242
0.958544	0.201205
0.589277	0.167817
1.540363	0.150983
1.064103	0.288760
0.558513	0.102866
0.944588	0.199330
1.097373	0.886100
0.785549	0.143289
0.688275	0.242120
0.756151	0.130294
0.860150	0.227338
0.711238	0.160788
0.945750	0.291918
0.799563	0.161505
0.693799	0.159554
0.944020	0.164081
0.579923	0.152389
0.762800	0.166471
1.004826	0.136538
1.178716	0.168851
0.631311	0.278666
0.883577	0.169150
0.508080	0.091226
0.873954	0.253209
1.539094	0.172046
0.625661	0.110311
0.647833	0.174913
0.659906	0.107048
0.806161	0.179228
0.807124	0.132142
0.696611	0.117405
0.950657	0.218220
0.650579	0.105016
0.570046	0.113451
1.032519	0.078471
0.898546	0.162409
1.003384	0.151412
0.727860	0.180792
0.968277	0.881400
0.725316	0.187441
0.959557	0.155845
0.432909	0.115144
0.629501	0.154353
0.862179	0.176000
0.753897	0.094705
0.918075	0.164099
0.990364	0.170358
0.556278	0.196171
1.125448	0.903906
0.596140	0.164158
0.683842	0.121413
0.747403	0.234547
0.781278	0.170661
0.520750	0.122313
1.026519	0.127709
0.653956	0.142832
0.568912	0.117334
0.876995	0.248315
0.844777	0.118874
0.953053	0.129578
0.711188	0.131615
0.808777	0.186911
0.756438	0.154292
0.688949	0.123760
1.075993	0.111363
0.667123	0.213086
0.837845	0.145775
0.644888	0.187151
0.682809	0.191901
0.547610	0.130719
0.688176	0.168195
1.413698	0.190709
0.705928	0.243356
0.839111	0.104132
0.652549	0.279032
0.711284	0.177492
0.771651	0.197251
0.747034	0.125145
0.484312	0.113885
0.826978	0.259209
0.595576	0.085641
0.940906	0.173953
0.697398	0.190791
0.570131	0.149222
1.194967	0.303999
0.609479	0.132296
0.635230	0.095903
0.923985	0.148417
0.620751	0.154272
0.824503	0.236075
0.564293	0.121629
1.068535	0.201336
1.133096	1.000975
0.728020	0.124016
0.944686	0.103564
1.036529	0.172218
0.632651	0.093359
0.705158	0.136131
0.772419	0.174144
0.667801	0.208991
0.660933	0.176110
0.910706	0.073876
0.535395	0.074649
0.857560	0.231302
0.844049	0.157677
0.937642	0.126400
0.800516	0.110762
0.585264	0.185048
0.705423	0.199830
0.569911	0.099153
0.749145	0.205284
0.769105	0.216617
0.859211	0.266553
1.093587	0.475181
0.537240	0.126309
0.930309	0.095227
0.742341	0.281818
0.880562	0.122418
0.937078	0.132722
0.904232	0.191701
0.538469	0.103762
0.741978	0.144327
0.684081	0.132549
0.700613	0.151222
0.807314	0.128386
0.575342	0.140987
0.663237	0.243475
0.994334	0.483166
0.864825	0.135199
0.575730	0.078415
0.774424	0.118176
0.486450	0.147317
0.824535	0.210978
0.765591	0.141163
0.764282	0.226453
0.888293	0.251046
0.581768	0.121796
0.943058	0.137348
1.004793	0.218611
1.222022	0.175692
0.790486	0.250579
1.164651	0.315603
0.928943	0.144609
0.600308	0.212262
0.775879	0.149636
1.144466	0.237354
0.629254	0.099674
0.908954	0.136530
0.609268	0.185459
0.633659	0.218629
0.765876	0.121094
0.594129	0.108097
0.760249	0.154519
0.704688	0.179453
1.051365	0.150522
1.203269	0.164849
0.770689	0.174044
0.658517	0.173799
0.657950	0.218896
0.784628	0.195860
0.819402	0.329846
0.609712	0.205327
0.522503	0.102114
0.661568	0.184355
0.444584	0.117256
1.320404	0.292642
0.550578	0.161573
1.108660	0.290724
0.798653	0.158408
0.769004	0.139251
0.620478	0.212762
0.617347	0.194468
0.807942	0.180087
0.486137	0.129291
0.734902	0.227182
0.646517	0.099432
0.493809	0.139812
0.592193	0.110181
1.066539	0.276733
0.566189	0.144100
0.703453	0.126736
0.593918	0.194880
1.059590	0.288456
1.499653	0.138829
1.529109	0.165686
0.972359	0.243097
0.701306	0.174831
0.895755	0.100642
0.765108	0.120451
1.051183	0.989084
0.630229	0.209341
0.796272	0.160802
0.815421	0.118774
0.512485	0.141369
1.044671	0.560646
0.928672	0.162710
1.095697	0.377763
0.750103	0.173834
0.738541	0.239701
0.982923	0.119458
0.765200	0.191037
1.403010	0.184439
0.790261	0.123918
0.810432	0.161931
0.807597	0.294844
0.777807	0.129491
0.826527	0.140016
0.580442	0.150135
0.545592	0.111734
0.706219	0.164418
0.828743	0.121638
0.834944	0.293558
0.955502	0.147207
0.521304	0.111232
0.520732	0.149447
0.867232	0.197415
1.136035	0.204909
0.666633	0.123962
0.923270	0.089308
0.551435	0.128241
0.822423	0.175153
0.803568	0.223185
0.726331	0.194953
0.558139	0.078333
0.795384	0.262187
0.551127	0.098992
0.823852	0.181654
1.051470	0.481585
0.632615	0.191147
0.660792	0.163046
0.690088	0.110679
0.887479	0.104635
0.652997	0.083962
0.676064	0.126240
0.516276	0.132443
0.871169	0.116819
0.504186	0.115733
0.583679	0.218923
1.210234	0.071213
1.489974	0.152718
0.804851	0.136480
0.953765	0.270079
0.921404	0.124933
0.550732	0.159576
0.688975	0.284281
0.802316	0.231828
0.949241	0.109786
0.764913	0.139311
0.625415	0.084196
1.248791	0.226004
1.173034	0.069965
1.097968	0.456517
0.772257	0.123352
1.124537	0.088826
0.582020	0.211406
1.474348	0.238895
0.798458	0.232283
0.597682	0.170950
0.983127	0.129032
1.171893	0.254065
0.569285	0.178985
0.671594	0.189892
0.713321	0.227550
0.713217	0.127889
0.743590	0.154664
0.741404	0.266182
1.142957	0.116689
1.043622	0.125786
0.754883	0.110742
0.784597	0.224464
0.710480	0.208752
0.648904	0.118956
0.807614	0.170926
0.684005	0.132440
0.849688	0.106867
0.569794	0.163881
0.870366	0.121094
0.787060	0.172590
0.708291	0.160776
0.932985	0.122170
0.556476	0.087257
0.638536	0.082227
0.898598	0.143469
0.626658	0.131327
0.548028	0.185657
0.766624	0.129860
0.721805	0.211455
0.662769	0.226405
0.751771	0.151738
0.926687	0.094926
0.554701	0.147749
0.573527	0.168656
0.676382	0.272461
1.002903	0.397836
0.714819	0.165118
0.498528	0.152856
0.634728	0.121264
1.128036	0.215405
0.879280	0.334217
0.948538	0.135185
0.600413	0.092985
0.786805	0.144418
0.842779	0.114032
1.161835	0.079028
0.703898	0.163891
1.135396	0.207114
0.768571	0.255357
0.759836	0.222646
0.803272	0.244746
0.757867	0.140389
0.664891	0.150412
0.495483	0.121097
0.913992	0.106872
0.988578	0.113997
0.876239	0.130500
1.079123	0.168566
0.740673	0.209911
0.485649	0.123989
0.789756	0.216270
0.726974	0.224072
0.551100	0.122107
0.763640	0.102356
0.761576	0.178976
0.626866	0.151664
0.912184	0.118943
0.548290	0.145758
0.690060	0.131352
0.876628	0.141000
0.875251	0.152672
0.652256	0.093663
0.769038	0.157363
0.786962	0.255172
0.885094	0.099229
1.218794	0.075959
0.580197	0.136896
0.630194	0.185872
0.807029	0.141564
0.863494	0.164271
0.588371	0.132008
1.068446	0.128628
1.137306	0.150181
0.907166	0.241902
0.553133	0.143392
0.833788	0.278044
0.813151	0.105988
0.998749	0.239452
1.166007	0.452987
1.102334	0.172659
0.682193	0.107047
0.745598	0.152872
1.063061	0.297418
1.028515	0.126978
1.470870	0.230950
1.378148	0.155806
0.648900	0.092148
0.858810	0.103603
0.805111	0.249961
0.704491	0.182875
0.750864	0.126488
0.594748	0.174715
0.659041	0.213624
0.662258	0.123902
0.588079	0.182249
0.795688	0.175482
0.656758	0.163009
0.849135	0.133194
0.754216	0.243561
0.555656	0.123694
0.666915	0.180360
0.737114	0.217675
0.694349	0.178875
1.090578	0.293763
0.697984	0.270306
0.912002	0.226151
0.568022	0.174769
0.998535	0.126882
0.535911	0.110319
0.747581	0.137174
0.688225	0.149123
0.512401	0.090106
1.068820	0.129787
0.712788	0.143864
0.534554	0.167103
1.194614	0.366789
1.065039	0.072610
0.813179	0.131553
0.847640	0.181042
0.702558	0.118916
0.701104	0.176813
0.928546	0.103585
1.026672	0.233466
0.979684	0.198064
0.661474	0.168894
0.649404	0.140369
0.864227	0.191995
1.034580	0.522714
0.717109	0.147462
0.663723	0.120931
0.496319	0.096804
0.483005	0.081595
0.919057	0.140770
0.680295	0.129726
0.987690	2.756114
0.574124	0.246469
0.796486	0.213261
0.524821	0.103235
0.690114	0.279750
0.683006	0.174526
1.499963	0.181694
0.757204	0.160124
0.659370	0.182565
0.794999	0.182435
0.953990	0.108763
0.736937	0.107481
0.538814	0.093017
0.633178	0.211473
1.011070	0.126280
0.651381	0.104959
0.530638	0.110959
0.953842	0.174283
0.597891	0.085385
1.012531	0.222034
0.737791	0.249590
0.935599	0.232779
0.957192	0.145344
0.878110	0.124954
0.684174	0.127869
0.630998	0.077306
0.667886	0.111028
1.235670	0.087315
0.897156	0.171766
0.895263	0.167289
0.875747	0.184265
0.659452	0.169018
0.672168	0.175302
0.646430	0.216279
0.683777	0.179826
0.717397	0.229176
0.802154	0.144064
1.372526	0.157121
1.010068	0.120902
1.278311	0.408136
0.506192	0.089696
0.894953	0.119658
0.630281	0.105934
0.790814	0.132232
0.780310	0.127694
0.841045	0.233488
0.727944	0.132721
0.951524	0.143830
0.763268	0.170980
0.770482	0.145538
0.862075	0.173298
0.638986	0.140498
0.718986	0.136219
0.646245	0.195953
0.916836	0.091056
1.007321	0.436060
1.099353	1.032315
0.599581	0.199636
0.556226	0.107553
1.019256	0.121520
0.942685	0.108146
0.968262	0.149297
0.660095	0.163345
1.106394	0.162536
0.674857	0.241150
1.193618	0.101563
0.777414	0.131729
0.600729	0.124234
0.979058	0.178921
1.197205	0.525079
0.967017	0.414237
0.640952	0.158411
0.937912	0.200852
0.959759	0.263040
1.175477	0.116011
0.875157	0.114485
1.061415	0.138342
0.889968	0.164449
1.163337	0.369608
0.630570	0.162701
0.732455	0.197110
0.963041	0.148153
0.900545	0.132970
0.873496	0.298817
0.938267	0.124325
0.729942	0.104680
0.710429	0.178205
0.880869	0.192927
0.662288	0.079103
0.669231	0.177490
0.674981	0.189486
0.626445	0.125506
1.071522	0.447127
0.991421	0.175541
0.979507	0.176778
0.683378	0.105829
0.627942	0.155159
1.154801	0.541860
0.807885	0.196044
0.850722	0.122425
1.015962	0.141017
0.966983	0.242357
0.760221	0.129785
0.990458	0.170022
0.964316	0.113692
0.592209	0.124535
0.515721	0.108397
0.538603	0.125112
0.607121	0.164457
0.642424	0.124418
0.790761	0.141313
0.723073	0.132280
1.340441	0.782321
0.969453	0.174792
0.667951	0.162408
0.929202	0.232373
0.595519	0.088488
0.934731	0.180294
0.938979	0.139329
1.161398	0.103733
0.888204	0.227400
0.511144	0.119307
0.552651	0.135688
0.637167	0.202170
0.761788	0.122373
1.127403	0.147915
0.867029	0.135154
0.530301	0.181546
0.680001	0.249262
0.903490	0.168040
0.929492	0.202460
0.506028	0.132541
0.643673	0.153263
0.637906	0.135610
0.737342	0.133776
0.717987	0.243413
0.546179	0.115715
0.654994	0.190367
0.831329	0.127483
1.179654	0.086715
1.265673	0.550775
0.875278	0.121871
1.126153	0.117842
0.721413	0.179930
0.871684	0.104698
0.588004	0.122757
0.903093	0.090254
0.770420	0.205305
0.572058	0.179598
0.521302	0.150196
0.866906	0.196186
1.231715	0.097562
0.605902	0.111121
0.502843	0.117220
1.057479	0.183234
0.503247	0.126911
0.579801	0.127987
0.517953	0.110940
1.062521	0.356389
1.246478	0.329034
0.547595	0.105052
0.629178	0.214132
0.730743	0.171702
0.525685	0.127766
1.253248	0.266667
1.050960	0.131776
0.845121	0.102798
0.570322	0.139540
0.976774	1.902668
1.086558	0.946997
1.361813	0.106349
0.640882	0.225451
0.932252	0.104300
1.047194	0.795984
0.558948	0.103509
1.123020	0.438708
0.604852	0.108609
0.978889	0.084230
0.690901	0.252028
0.583379	0.096953
0.622333	0.217792
0.539446	0.141312
1.019014	0.295800
0.824154	0.136970
1.488918	0.166902
0.797837	0.173264
0.983710	0.132455
0.940281	0.138729
0.733554	0.292555
0.780086	0.141856
1.227254	0.084057
0.632855	0.160193
0.573604	0.116968
0.863775	0.201309
0.514913	0.063492
0.993476	0.202657
0.664840	0.213193
0.678137	0.146225
0.519778	0.128234
0.717474	0.209328
0.919102	0.151044
0.936566	0.087518
1.079353	0.100540
1.269562	0.178827
0.701529	0.213467
0.735747	0.151205
0.974448	0.156813
0.927756	0.196388
1.134582	0.208028
1.164204	0.083701
0.524632	0.130229
0.684515	0.088493
0.691764	0.213922
0.716913	0.164764
0.605853	0.125602
0.674478	0.115976
0.929182	0.217476
0.547983	0.111315
1.102189	0.354498
1.015647	0.084050
1.054419	1.485593
0.523576	0.111330
1.258407	0.107108
0.500288	0.143649
0.520877	0.115904
0.650626	0.143576
0.826307	0.267494
0.831478	0.270963
0.758336	0.112870
0.532550	0.119496
0.583879	0.147281
1.095970	0.149471
0.758689	0.156804
1.169161	0.251710
0.901172	0.146851
1.199913	0.517004
0.717721	0.127966
1.033917	0.337981
0.644252	0.089998
0.822835	0.149424
0.719257	0.126174
0.683742	0.232046
0.679729	0.185281
0.931389	0.223805
0.772271	0.193475
0.589244	0.095080
1.038259	0.996491
0.883267	0.164873
0.732718	0.106110
1.170900	0.423056
0.869849	0.112017
0.845234	0.165702
0.849153	0.121546
0.562194	0.170793
1.178614	0.214137
0.709015	0.162666
0.831356	0.275448
0.798635	0.154106
0.995591	0.142932
0.867399	0.204075
1.029899	0.123323
0.574412	0.141592
0.577914	0.096630
0.575667	0.092803
0.764401	0.187409
0.588249	0.186565
0.551058	0.105482
0.843422	0.181403
1.092847	0.237761
0.472488	0.122308
0.768708	0.153878
0.610344	0.155600
1.285640	0.140718
1.568629	0.222777
0.568444	0.122376
0.808408	0.162701
0.724865	0.179679
0.573334	0.138775
0.742983	0.163201
0.840144	0.210577
0.710620	0.278934
0.667402	0.157000
0.857319	0.249470
0.683829	0.158562
0.516850	0.103830
0.581208	0.213874
0.491836	0.104352
0.867022	0.147690
0.968955	0.217759
1.009787	0.129239
0.786302	0.129151
0.876494	0.309104
0.872224	0.158410
0.736192	0.105280
0.615836	0.148789
0.719607	0.120158
0.748634	0.177027
0.905578	0.235274
0.517010	0.088733
0.707269	0.234088
0.627262	0.127261
0.686031	0.125284
0.678097	0.236576
0.601026	0.098320
0.738691	0.111364
1.225290	0.266950
0.648908	0.187332
0.556864	0.167974
1.046530	0.163839
0.914441	0.242887
0.752329	0.226759
0.623313	0.105002
0.712924	0.127111
0.730197	0.143764
0.871176	0.150090
0.802762	0.146143
0.719213	0.172543
0.567596	0.134831
0.616606	0.155408
0.807589	0.122350
0.754876	0.193664
0.596641	0.086936
1.204666	0.288480
0.762150	0.240574
0.672214	0.181836
1.006712	0.132187
0.745896	0.162053
0.663752	0.178324
0.919520	0.152078
1.412142	0.402562
0.731226	0.139621
0.871616	0.225463
0.737694	0.140736
0.704649	0.148645
0.455725	0.116167
0.805176	0.189430
0.591297	0.103356
0.722753	0.194538
0.695088	0.139648
0.559101	0.089982
0.608750	0.185093
0.936025	0.160139
