0.939518	75.734077
0.914749	104.184021
1.014632	93.108963
1.139652	81.239906
1.002123	81.365768
1.010431	80.097816
1.143515	83.168762
1.062411	80.043259
0.961222	82.881485
1.018197	75.042526
0.853170	74.914574
1.038971	84.822350
1.135602	76.738487
0.924984	85.146217
0.900645	78.738220
1.122194	85.423401
1.026237	78.238121
0.980006	95.045837
1.042417	82.375023
0.902657	104.523125
1.156607	74.620567
1.064098	81.869560
0.961524	81.861092
1.207070	81.843971
1.197314	82.173958
0.932192	103.953583
0.941024	84.435509
1.198566	82.192856
0.905647	98.700485
0.905954	83.934662
0.930221	81.532013
1.132569	75.036781
1.118872	80.688934
1.053117	85.701340
1.019301	79.602097
0.975437	97.889473
0.914031	78.385147
1.009700	75.323112
1.054544	77.389427
0.925787	79.148315
1.020981	101.937325
0.998067	74.928047
0.970250	77.754333
1.073838	84.147270
0.944439	79.141426
1.051904	99.093147
0.967834	83.623436
1.028774	80.114029
0.956492	76.213989
0.984436	80.524559
1.125082	80.329025
1.185527	82.799500
1.128435	76.227608
1.130803	79.230873
0.955197	75.317253
1.174637	95.203606
1.100902	81.953133
0.896008	79.265251
0.963419	105.477165
1.195311	81.815186
1.115203	73.485390
0.976519	84.909416
1.079159	79.153397
0.936707	79.542297
0.889649	79.624512
0.877342	83.524590
0.985173	81.682854
0.928627	82.259018
0.997814	79.829346
0.926528	81.993431
1.073716	82.681717
0.946112	82.243370
0.915446	81.761162
0.959415	76.469681
1.098743	79.639267
0.885067	94.770576
0.886697	86.085548
1.152074	74.199730
0.880121	80.632347
0.974457	81.825150
1.011391	78.119141
1.104526	94.110397
0.866243	80.865402
0.951030	77.421219
0.962388	82.267036
0.916683	79.470840
0.968214	76.110474
0.978920	107.572166
0.918740	77.617653
1.019210	81.505394
0.886918	76.514023
0.927853	81.323402
0.884688	79.026596
1.082951	84.269012
1.218500	87.493118
0.992458	83.134583
1.021248	82.597412
0.872114	84.332474
0.894368	73.671944
1.095304	80.699318
1.021150	78.701599
1.017975	80.730324
1.058757	81.208046
1.048652	80.445015
1.235803	78.426186
1.027325	78.943680
1.150110	75.632179
0.964556	91.687653
1.014901	84.306290
1.009517	76.995552
0.910080	78.021133
1.112249	101.250076
1.106947	78.841972
0.895970	81.287842
1.022287	79.924736
1.076724	81.900612
1.197110	77.759987
0.933116	76.691460
1.148082	79.950386
0.875597	80.309593
0.968093	74.164658
0.930537	82.081383
0.959875	78.075775
1.162703	90.942955
1.243623	78.158768
1.039938	79.943794
1.026601	94.135933
0.996076	96.502007
1.007719	79.381226
1.064989	73.774689
1.109976	77.049614
1.119555	77.542076
0.941193	78.176567
1.075636	94.653236
0.940347	81.421867
1.134829	79.430458
1.185108	84.169548
0.996186	83.557182
0.974646	80.186958
0.967961	80.134079
1.041646	77.650024
0.943661	74.078148
0.967796	76.276024
0.959135	77.789459
0.882035	77.304504
1.058388	82.792778
1.140040	83.687927
0.896441	98.044357
1.114948	75.668037
0.889710	83.743927
0.893766	77.470673
0.945208	76.920303
1.002226	78.043098
1.213708	102.471321
0.896850	77.271637
0.987300	84.298294
0.961583	80.071266
1.092378	81.516953
0.921001	84.891983
0.867456	76.575996
1.046795	77.231621
0.923465	92.987595
0.905128	77.100594
1.014257	75.506264
1.232029	77.002350
1.048412	79.252357
1.198740	82.446251
1.068794	99.231941
0.937604	79.204231
1.061392	83.702507
1.042565	105.122597
0.924187	74.228127
1.078568	77.833397
0.914175	108.459618
0.879025	80.561768
0.999206	85.513725
0.928106	82.361916
1.067182	105.394264
1.182013	80.947754
1.034517	77.629662
0.949387	81.914185
1.109723	79.744606
0.898132	80.937355
0.943887	80.512909
0.863017	77.353920
0.993713	80.322136
1.100328	77.351921
0.875295	100.951927
0.900613	99.315269
1.223809	81.209679
1.245403	81.568810
0.943534	81.623863
0.942160	80.845680
0.968942	79.320457
0.887665	105.190231
0.965724	76.298508
0.974772	75.269348
0.933984	76.617561
0.968146	81.002563
0.957548	83.296768
1.186558	86.269234
1.144968	84.198471
1.057173	81.686638
1.194620	80.160172
1.220726	83.051208
0.894195	81.123268
1.251949	85.268639
1.137589	80.492714
1.070483	76.010132
0.928232	71.968613
1.193751	73.432480
0.913615	73.102165
0.967851	76.829239
1.162761	86.911003
0.916691	82.117569
0.920196	81.265068
0.945929	97.742424
1.056312	99.834358
1.026167	80.595695
1.174720	77.772652
1.141566	98.323830
0.881793	77.766624
0.910676	77.573235
1.156198	79.035110
1.060053	83.661949
0.915322	82.224655
1.008495	76.548904
0.985174	85.658745
0.911903	104.546875
0.916271	78.411980
0.924729	81.259689
0.895581	78.863609
1.153793	78.328300
1.087837	83.790672
0.900255	78.070686
0.982696	78.570442
0.932243	81.365211
1.106656	97.500092
1.207575	84.474014
1.197060	76.920029
0.939808	79.060966
1.070269	83.832092
1.113552	101.023811
0.911978	81.904343
0.910208	98.444038
0.904933	80.543526
0.944172	79.866028
1.165049	90.635773
1.115105	85.555061
0.982902	78.193565
0.986235	76.016312
0.854768	80.578621
0.999445	94.209213
0.918368	109.324120
1.160477	84.031937
0.893732	75.911560
0.934830	78.152748
1.098474	99.348541
1.207566	78.913033
1.059847	83.023849
1.082266	92.626801
0.874671	80.440102
1.148778	81.558952
0.960822	83.838486
1.122516	90.985878
0.895929	78.652817
0.904423	79.237877
1.212933	78.733986
1.051704	78.911911
0.978321	82.875969
1.158134	78.301559
0.971584	73.978523
0.993809	79.369949
1.005580	78.031128
0.949520	83.889587
0.962831	97.368645
1.171957	76.690323
0.939071	105.593605
0.947810	81.497009
1.151367	77.548820
1.159779	77.571213
1.033607	83.550255
1.202871	83.984245
0.967321	104.412926
0.917897	100.242264
1.147587	90.053230
1.062780	77.548210
0.871288	78.230095
1.067401	74.310532
0.943483	80.720360
0.927786	83.269783
0.983569	80.521454
1.005002	103.746193
1.031663	101.540741
1.056878	98.566917
1.134897	103.292206
0.855285	96.127029
1.154295	84.282227
1.145003	82.658020
1.122819	112.534889
0.959935	76.896164
0.921108	79.879433
1.043499	106.808578
0.994133	99.556351
1.206864	80.695457
0.879392	103.461395
1.000273	80.549118
1.192631	93.911270
1.025563	83.814331
1.087685	74.693977
1.172530	78.368355
0.906417	105.648048
0.864012	94.549706
0.981548	76.485069
1.098304	97.574036
1.025698	78.657265
1.158988	82.738647
0.908130	75.242577
0.908332	75.546631
0.953693	96.507980
0.899399	83.287796
0.991301	98.056694
1.079893	82.307549
0.977215	77.250275
0.944928	78.112267
1.083153	79.353493
1.152634	83.018349
1.153967	75.357193
1.044168	84.110672
1.157277	88.313034
1.031036	75.926033
0.938865	83.763382
1.152117	82.353859
0.997313	81.686134
1.006369	78.677734
0.923530	76.831810
0.863555	80.411758
1.142308	77.255745
0.894377	72.559570
0.917323	81.490906
1.006503	79.783493
1.137222	80.407082
1.097761	79.805786
0.875365	78.726707
0.972523	92.693672
1.070780	78.357719
1.190699	85.398430
0.964876	78.901833
1.148803	74.409264
0.931042	78.719780
0.881635	81.392006
1.013994	81.474930
0.969339	75.244019
0.925869	82.291992
0.866078	95.045082
0.983241	75.545853
0.983829	80.252365
1.044095	109.384232
0.858824	99.864960
0.981714	86.256279
0.898412	75.947906
0.928355	90.266747
1.141374	82.047905
1.108522	90.528313
1.143001	94.069786
0.928005	83.652725
0.988046	81.239761
1.081120	102.106956
1.108092	78.144897
1.132580	78.483322
1.145610	81.853439
1.157401	80.823242
1.143021	80.924576
1.030698	77.187332
0.907758	84.863808
1.083777	105.871132
0.915309	81.038399
1.189262	83.511322
1.225779	98.002258
1.000153	78.715561
0.910662	79.555183
0.939393	103.089996
0.961386	81.235474
1.162486	75.362122
1.076249	83.260101
0.887300	81.438148
0.912778	79.517204
1.165335	80.448807
1.230602	81.665138
1.059620	77.300949
1.113517	86.314941
0.959304	79.707733
1.115439	74.831490
0.971522	81.925209
0.928189	78.364517
1.117209	81.645500
0.943081	75.839432
1.037334	75.955719
1.129882	73.296867
1.051155	81.638878
1.157199	83.610901
0.933955	83.778694
1.073270	80.461380
1.009522	101.773941
0.869678	93.891251
1.059241	81.520729
1.096862	77.020302
1.229239	87.757339
1.058051	85.146667
1.155939	80.444984
0.925656	93.988968
1.065916	78.413177
0.961778	98.797287
1.162401	98.888527
0.887969	94.525726
0.948129	80.990097
1.163723	82.133842
0.983974	85.477135
1.155528	79.476685
0.949224	78.714668
0.924382	79.028099
0.952944	75.049820
1.097289	80.416931
1.011020	74.153748
0.994210	81.974831
0.961343	105.080727
0.993476	79.643784
1.134904	83.426750
1.112885	93.421249
0.985123	82.080093
0.924684	81.021187
0.934829	79.810753
1.073707	74.124496
1.035344	82.739372
0.976798	81.097984
1.094057	95.383705
1.181893	100.524292
0.934225	76.686195
0.916421	85.703407
1.012814	75.667557
1.240446	85.656197
1.144632	74.693863
1.142532	77.300316
1.038792	79.794029
0.985328	81.952209
0.993270	83.458961
1.025572	78.279205
0.917196	73.207306
0.975964	81.191795
0.987725	82.704216
1.097536	73.824486
0.903294	82.927322
1.057524	77.692970
1.133443	84.166763
1.100150	75.826485
0.973531	77.560699
0.991614	109.817566
1.074052	78.535721
1.176973	76.119217
0.934213	79.635506
0.909852	77.925156
1.208362	81.743088
1.125437	77.097496
0.854329	94.182899
0.992406	99.829147
0.870023	78.605667
1.077235	81.281143
1.092759	84.740372
1.025226	75.225006
0.951656	82.103737
1.009271	80.104736
0.964897	80.057495
1.003179	90.405846
1.255090	82.615082
1.121492	79.699883
0.966636	84.118111
1.005725	79.149445
0.904185	75.666862
1.174735	108.959396
1.204864	79.757561
1.022279	73.206253
1.038004	96.495773
0.939122	74.349106
1.150025	78.499886
0.927377	83.164192
1.153459	81.607765
0.905202	119.900055
1.123162	79.771225
0.923520	92.537285
0.991598	79.127037
0.952350	86.725555
1.214068	80.603271
0.938920	80.268677
0.887455	78.301163
0.969477	81.768929
0.936281	80.143646
0.915992	76.163193
1.164340	76.827164
1.122326	78.992844
1.095913	77.943230
0.925291	99.322411
1.110880	81.043137
1.026032	76.723038
0.956695	91.876251
1.044532	81.735901
0.886230	77.269012
0.860186	77.986076
1.039567	74.432137
0.946011	78.720589
0.896842	78.056282
1.036593	78.640724
1.051280	77.937889
1.162915	78.091423
0.989332	80.582794
1.069157	82.476524
0.864183	81.077179
1.017034	98.186005
0.977663	86.580360
0.991252	78.659035
1.111439	84.159241
1.115192	109.483650
0.975036	82.299774
1.006775	76.404190
0.914889	78.542564
0.927250	83.720680
0.933990	82.744148
0.992620	76.090836
1.009330	79.479759
0.943578	80.149963
1.033599	83.072273
0.947427	74.711906
1.077628	90.500122
0.933058	74.281876
1.075271	80.757271
0.988773	77.693077
1.019706	81.877342
0.931076	96.960526
0.971488	75.154129
0.910858	99.929840
0.910315	97.511505
0.904654	80.190414
1.141607	77.292610
1.184019	78.781250
0.918891	82.128166
1.008131	77.479591
0.922710	82.965942
0.891222	73.081032
1.094491	78.247765
0.932327	85.400764
1.000111	80.838066
0.901935	78.941734
0.907449	78.876060
0.914770	80.253937
1.105647	77.539467
0.922718	82.712021
0.896618	83.106567
0.906959	94.211662
0.921890	76.935699
1.210413	102.769913
1.188432	81.930588
1.022031	81.020554
0.889868	100.763802
1.002048	76.571320
0.985220	79.045113
0.893772	98.637428
0.907361	83.474068
0.977827	86.664680
0.995368	84.716423
1.090308	77.218529
0.959632	78.826874
1.220223	86.409538
1.024088	79.079094
1.055002	80.120575
0.943569	87.955078
0.910897	81.451385
0.976835	87.044075
1.065835	80.519073
1.138583	94.074883
0.897515	81.047615
0.972016	93.669380
1.068314	81.581337
1.165059	87.593544
0.968538	75.561272
0.910129	80.440765
0.910782	94.477615
1.113512	80.023613
1.047260	92.179840
1.249224	75.750313
1.126984	78.674049
0.896176	82.588287
1.150073	75.472366
0.930118	79.402878
0.888098	81.872543
0.860196	108.415588
1.090832	101.472977
1.098257	79.549232
1.159811	76.230469
1.146668	76.819412
0.891377	75.769165
0.853909	99.450912
0.870966	74.989021
0.855891	78.022163
1.021696	81.069542
1.106676	76.660576
1.132999	79.068550
1.036179	80.198479
1.013219	78.892693
0.981207	99.716164
0.945094	81.242241
1.132340	103.059692
0.956215	79.551392
1.086316	84.225273
1.173897	86.465416
0.858922	78.824203
0.920232	85.479988
0.899589	94.696762
0.969087	76.949455
1.028511	76.580559
0.897306	83.894814
0.959383	80.425613
1.190060	78.958450
0.877011	80.332451
0.943737	85.297760
0.977469	104.189430
1.145546	102.227608
1.082663	82.940910
0.988828	77.277519
0.885878	80.691513
0.977299	80.429352
0.968452	85.676285
1.141162	81.759575
0.962270	81.749641
1.124953	81.817162
1.037091	80.438896
1.011068	79.142761
1.163782	107.630188
1.106977	82.424957
0.960321	76.199791
1.189298	95.154686
0.989484	77.548355
0.976626	101.240341
1.007972	83.339157
0.892554	79.672287
0.942110	80.754105
1.068069	77.536514
1.053320	82.088593
1.027531	106.686005
1.047750	78.913460
0.907976	99.268356
1.166927	86.085266
0.963714	84.753868
1.082241	76.591019
1.161428	77.678131
0.952500	82.968765
1.068957	96.373169
0.930448	79.471466
1.072822	78.254433
1.196288	81.722534
0.925673	101.869118
1.135528	107.056267
1.204086	77.215683
1.083040	76.080811
0.997491	101.901474
0.914352	84.241165
1.123966	81.598007
0.884469	95.135361
0.878837	76.574074
0.983885	77.511459
0.891253	78.755569
0.895398	94.190277
0.880493	97.813721
0.928160	80.745445
1.006807	77.686127
1.064391	76.053085
0.928376	76.233612
1.066278	75.741798
0.913940	97.369873
1.039327	83.198135
1.169044	81.702011
1.103338	104.075226
1.039913	75.212128
1.133102	80.215439
1.134461	82.227379
1.150747	82.469521
1.035717	108.969658
1.015204	84.210739
0.908611	78.864708
1.025492	80.843811
0.915053	93.562126
0.988050	80.643196
1.032961	81.958771
0.913947	78.419670
0.933582	83.021065
0.855985	80.701469
0.893661	76.610817
1.136125	112.610474
0.925252	108.665604
1.186277	80.033340
1.028909	81.689323
1.038288	79.930534
0.986209	80.265465
0.929490	97.767982
1.153238	76.644371
1.170536	80.051361
1.092582	77.086189
0.982611	80.897102
0.872333	82.073280
0.948771	78.080460
0.940457	98.906334
1.081570	99.181664
0.948210	102.422592
1.021177	76.634552
0.921527	78.244514
0.927188	98.296318
1.123093	83.233559
0.936380	103.661209
0.939869	81.744354
0.892105	80.940636
1.109799	77.615486
1.149708	81.706673
1.075730	78.785263
0.982186	80.366859
0.945732	83.282494
0.973640	75.136330
1.081735	78.450905
0.932188	102.276085
1.217300	77.163918
0.980756	79.933975
1.045419	80.697823
0.864489	78.108902
0.928299	100.124626
1.035785	80.448143
1.001291	82.844643
1.095919	83.180573
1.070788	82.162758
1.028457	76.004517
1.071381	87.618004
0.903790	73.505028
1.129848	79.083015
1.155280	104.348213
1.091950	74.396431
1.128805	76.734978
1.210890	77.471176
0.958089	81.366890
1.035702	80.791046
1.019740	106.354591
0.965491	87.621544
0.932351	106.757118
0.954754	80.656517
1.162974	103.549103
0.943635	79.483910
0.963335	97.143707
0.888996	76.707054
0.875154	76.333359
1.121523	83.422821
0.892553	77.371857
0.967963	86.767273
1.068006	73.683411
0.912089	84.904739
0.958634	84.144302
0.977343	76.489487
1.196225	81.919716
0.884667	82.564194
1.264448	79.201088
1.010667	83.663902
0.936656	81.328461
0.881282	77.801773
1.134649	84.037628
1.105254	105.615570
1.057166	79.776176
0.986279	83.830696
1.000324	77.667686
0.942895	98.411469
1.075373	81.783066
0.903217	78.890717
0.887252	79.513046
0.960226	74.043083
1.058113	81.337738
1.233078	87.670074
0.987157	86.168167
0.926781	82.745247
0.953548	79.354889
0.984239	83.210159
1.131772	96.629456
0.909834	80.769478
0.922385	86.679855
1.025680	79.106155
1.066223	77.518410
0.894266	97.983665
1.210858	84.937897
1.133910	91.641479
1.071380	78.462334
1.006745	79.637764
1.135388	110.330566
1.014012	76.166931
1.036069	76.769966
0.926841	76.764938
0.936651	103.371407
0.954497	96.763046
1.105034	81.027290
0.962320	103.808800
0.949887	101.617332
1.111405	80.283798
0.911929	107.829903
0.951573	101.948273
0.984358	79.139809
0.930951	83.183243
1.194513	78.033958
1.109681	82.357697
0.924644	88.039993
1.090666	85.241287
0.928812	75.857033
0.987379	80.001312
1.209209	75.750038
1.088855	74.644249
0.920875	76.622543
1.074348	78.027184
1.121925	79.341530
1.058670	79.552010
1.045595	81.748077
0.953331	101.836952
1.009343	76.093277
1.021813	96.819962
0.935812	76.333824
1.162074	82.468750
1.189686	78.298897
1.155317	82.279739
1.019126	82.094299
1.067568	81.105415
0.908743	81.307617
0.974091	78.291695
0.906177	80.469604
0.959961	81.407463
1.013023	79.935417
0.982149	78.245033
1.000384	76.497688
0.980312	78.512421
1.104241	91.083054
0.871082	90.816856
1.171724	95.127716
1.077176	82.298798
0.912504	85.911835
0.953369	76.008774
1.089865	73.915085
1.077857	76.943092
0.985108	103.577278
0.921549	89.035606
0.884321	101.513123
0.912870	108.380516
1.081783	97.098618
0.925587	79.656631
0.991342	79.194458
0.935079	79.333138
0.903901	78.363373
0.958989	79.734657
0.945251	78.534340
1.054085	83.832634
1.056383	77.932236
1.205905	79.799049
1.010973	108.986122
1.223426	85.981369
1.172671	78.244347
0.915568	81.696510
0.912316	76.539795
0.934222	78.870316
0.935304	80.012665
0.904691	79.665077
0.860993	79.851906
1.223303	97.034477
1.085569	80.969757
0.885900	81.047417
1.023647	78.211853
1.112311	77.377304
0.941293	101.832985
1.103322	73.754654
0.898351	101.899223
1.155180	83.196518
1.159612	78.856766
1.080356	77.046654
1.240713	81.530754
1.121395	76.968765
0.986124	83.487961
1.020720	81.603073
1.200631	79.087006
1.049716	80.688614
1.029332	96.357491
0.947224	80.196846
1.051816	82.015129
1.215961	82.465324
0.857291	97.103157
0.877963	96.138718
0.879357	79.713814
0.894028	100.426620
1.060086	78.829109
1.146412	81.454453
1.055779	81.233353
1.158213	94.193390
0.953648	77.837296
1.002407	81.813919
0.914997	98.177757
0.904981	97.159424
1.128071	79.252655
0.900190	81.323685
0.980000	82.824646
1.006604	80.889465
1.022024	81.874496
1.225573	83.817574
0.941904	81.950844
1.070935	76.770988
0.886374	77.370232
1.003660	95.260986
0.976939	91.799217
1.122220	77.390472
0.940509	82.907310
0.963126	79.234825
1.020700	77.792030
0.868137	82.725815
0.873030	75.709572
0.966285	72.675713
1.232198	81.548187
0.891633	80.138031
0.909862	83.830948
0.892882	77.161118
1.006536	81.726425
0.873508	80.359421
1.185986	85.864548
0.885325	100.630463
1.150111	82.398170
0.955515	76.030205
0.909240	79.814384
0.905900	98.745598
1.189025	81.054962
0.930630	86.743538
1.064132	96.429047
0.890649	102.775040
0.995860	90.479271
1.066826	78.605240
1.096196	75.393921
1.116771	81.649727
0.954844	81.563957
1.129747	76.655869
0.954750	81.265480
0.948480	108.426102
0.892585	80.395035
1.035840	75.154976
0.996447	76.506958
1.086173	77.120102
0.987931	80.901466
1.178769	99.487953
0.992785	77.169693
0.941519	88.982849
1.071131	79.048927
0.959773	88.149826
1.019056	82.871414
1.016412	99.208801
1.156155	77.592102
1.104024	76.305649
1.145454	85.362709
0.972911	93.850601
1.164022	79.768822
0.939632	76.494682
1.012447	73.889168
0.886373	98.718071
0.976671	78.953941
0.982751	89.928085
1.052173	78.741234
0.929330	85.372307
1.023655	75.572624
1.072451	77.820107
1.141657	83.418556
1.050506	75.201035
0.944382	81.550598
0.977398	98.503075
0.958627	82.674629
0.939394	75.997856
1.171749	78.614098
1.031930	85.304482
0.910734	79.205292
0.937250	100.144043
1.169539	79.307846
0.908172	80.756241
0.870260	80.624336
1.076116	79.343781
1.019607	82.662514
1.105896	78.444344
0.896439	84.337807
1.200518	81.729767
0.987460	76.540245
0.889546	84.228302
0.980459	82.655540
1.186010	84.917252
1.000716	75.739471
0.926364	77.285057
0.941752	77.006310
1.029314	80.010216
0.994824	76.485596
0.894236	107.276878
1.227700	80.434799
0.902218	75.412315
0.872689	80.660019
0.935516	75.862305
0.921615	81.216141
0.895133	96.180153
1.206315	99.704430
1.049617	77.147003
1.241600	107.129494
1.177542	78.464668
1.049763	82.810081
0.904287	73.439240
1.133026	75.239647
0.870480	76.758057
1.113327	98.434242
1.177461	84.186813
1.028286	75.672424
0.984667	85.729836
0.948571	79.342155
1.202542	104.125977
0.860633	74.667923
1.016733	101.638565
0.980817	82.922997
1.029211	84.698578
0.982118	76.817963
1.225328	80.859558
0.978613	78.689575
0.964886	77.109009
1.042905	80.843018
1.002917	79.805183
1.069101	77.920616
1.053827	77.258728
0.986546	82.533478
0.965019	81.796883
1.209808	83.550987
0.964096	81.014236
0.917397	97.187759
0.954736	86.458923
0.895231	95.455994
1.212761	82.952377
0.943845	97.881683
1.069916	79.673386
0.994127	80.481003
1.168296	83.520668
1.064215	72.200378
0.954729	79.335129
1.157664	99.357925
0.975375	82.447914
1.043108	72.686356
1.131701	79.584633
1.008573	79.378433
1.052185	77.387062
1.191421	79.020897
0.986768	83.312706
1.147992	83.738564
0.885712	76.011444
0.952821	97.159233
0.998380	79.850624
1.001902	79.389938
1.060466	85.165947
0.894148	77.684753
1.106482	77.048416
0.896736	83.930832
1.185168	84.220764
0.909784	78.169495
1.115988	80.308769
0.981425	83.545845
1.042582	79.224182
1.161618	100.421371
0.899001	81.872597
1.102801	81.401009
0.971087	74.104378
0.958901	101.959343
1.069407	78.420158
1.175361	97.138168
0.981749	85.872757
1.139513	93.151077
0.991440	85.122017
1.042968	96.876625
1.037882	94.495537
0.865682	77.968369
0.860471	80.539932
0.903570	78.376480
0.942068	78.106422
1.048881	79.018646
1.060107	80.252762
0.964238	100.475441
0.940624	78.890984
0.888348	82.315231
1.077148	79.969376
0.982341	82.847603
0.957929	80.211235
1.203779	77.670906
1.077817	93.917725
1.090806	84.560287
0.996945	97.639053
0.865029	80.285873
0.957811	81.597015
1.146868	81.198105
0.950937	82.444626
1.053363	76.092682
0.945611	75.464409
1.091129	84.208969
0.962234	104.006752
1.193882	81.741837
1.093243	74.053421
0.938409	82.678276
0.967450	79.828552
1.201997	83.300964
0.861422	80.942963
1.205686	75.094460
0.923417	74.846474
1.036281	76.515167
1.102854	75.334991
1.216430	84.295212
0.985710	75.956322
1.071164	93.111916
1.203850	105.258026
1.031475	82.968430
0.899901	81.133965
1.107353	80.784119
0.913182	80.948242
0.883224	79.533150
0.906613	79.332687
1.017502	100.372948
1.195336	80.488724
1.257652	81.915192
1.011762	78.477547
0.937634	77.013306
1.029343	78.796318
1.042506	76.537590
0.976209	92.600060
1.229879	77.483421
0.928873	83.466797
1.093345	79.488365
0.993008	101.852654
0.856490	79.613884
0.945797	77.812752
0.891680	78.098137
0.849994	105.047386
1.127765	83.258339
0.973956	80.149635
1.185301	80.155304
1.126478	80.947792
0.978203	86.220230
1.181618	102.780533
0.878220	76.481453
1.032635	84.249428
0.867163	78.704292
1.188234	78.731743
1.104799	75.078728
1.062125	101.914093
1.244860	98.796196
0.925896	76.507713
1.082457	80.036758
1.059768	111.147606
1.045298	79.381546
0.916152	81.466347
0.917056	77.410950
1.016807	79.855949
1.185692	81.245514
0.960742	87.607536
1.059406	78.490479
0.975779	76.087784
0.879118	74.638023
0.969865	73.526024
1.187093	81.732033
1.199426	79.802452
0.962304	94.867569
1.082773	80.032539
1.127602	71.930489
0.976261	99.147896
0.979990	83.895317
0.896050	111.679802
0.956310	82.117722
1.151458	80.577431
1.106115	79.859085
0.861131	77.761520
0.989287	81.401558
0.897364	95.468391
1.171076	79.244560
0.957134	81.534691
1.055319	110.235268
0.988855	83.223221
0.934525	76.829041
0.952108	80.650787
1.012706	86.987305
0.918871	80.694473
0.911489	80.405388
0.921088	81.390404
0.876809	102.639755
0.879485	78.031395
1.089059	84.153122
1.066654	83.581299
1.023950	78.143501
0.967257	81.359726
1.087673	76.681992
1.018988	86.984100
1.167616	77.010345
1.133132	81.439049
0.884198	103.135574
1.169724	76.303360
0.853604	77.192657
1.200413	75.315681
0.938899	73.730652
0.859509	80.774323
1.115210	91.918358
0.924369	74.373192
1.127144	95.710121
1.137454	80.474739
1.082997	79.174774
1.228341	81.727539
0.931762	75.472961
0.975503	78.647865
1.099178	80.447456
1.218310	98.042831
0.948499	83.153358
1.155495	76.543556
1.033980	82.000015
1.004742	80.680275
0.900869	100.596451
1.185357	83.553787
0.914436	83.357658
1.044183	77.056953
1.076616	103.626900
1.053643	76.412056
1.064346	94.687202
1.157182	99.109146
1.103413	97.943207
1.000015	78.274956
1.120435	79.703819
0.997676	78.304550
0.890960	78.621918
1.209657	81.353439
1.024706	78.693413
1.056950	84.105629
0.971291	79.913483
1.217133	75.542908
1.078878	84.475464
0.923477	76.728745
1.221038	81.673248
0.994507	81.530952
1.036370	82.204453
1.199931	95.287422
0.984379	78.491226
0.890336	76.638046
0.920561	76.846886
1.077184	83.221397
1.152091	73.368034
1.099352	87.185776
1.208750	83.876045
1.129321	80.262390
1.017858	84.334297
1.024039	76.723984
1.262175	96.094872
1.062302	82.906120
1.050662	73.180016
0.967447	99.271873
0.986830	98.472153
1.130203	98.275909
1.067752	88.820801
1.167151	82.657562
0.924254	77.710449
0.906321	85.287270
1.012615	79.161263
0.965359	77.573868
0.870837	81.196800
1.025874	82.323372
0.893157	77.398476
1.103309	82.860733
1.235617	79.727425
0.898231	77.670029
1.097338	79.652023
0.901463	75.946411
1.052067	73.803551
0.869796	75.200470
1.067356	78.509659
0.898557	80.643539
0.930341	79.650810
1.145937	94.924004
1.144439	82.990784
0.911783	79.964409
1.264999	85.063751
1.047204	99.100945
1.104394	82.312622
1.053319	85.462425
1.127134	77.897263
1.122109	81.665054
1.099256	76.834282
1.060780	77.817772
1.148378	81.426651
0.954130	101.848778
1.064312	98.314651
0.919360	84.491524
1.250139	107.037018
0.948475	86.100189
0.914715	84.003693
0.893436	78.170135
0.966530	99.122849
1.015877	101.443024
1.064962	80.496460
1.055615	104.435806
0.961530	81.129501
1.134018	77.414078
1.213017	78.269798
0.950246	99.384415
1.099962	77.184906
1.244354	82.695107
0.926049	82.180099
1.019620	80.660309
1.147367	80.360138
0.940218	83.359650
0.874769	98.241692
1.040768	78.363525
1.061339	101.687141
0.950430	86.459610
0.982763	76.801918
1.003605	80.204491
0.895931	75.997047
0.946319	75.730331
0.891512	82.244514
0.997483	79.230019
1.209599	95.132523
0.880114	77.134399
1.049716	76.688110
1.071250	86.298790
1.249769	81.157814
1.102307	77.702232
0.872661	77.226723
1.050482	80.713829
0.999911	103.669914
1.081207	77.998962
0.997792	81.831978
0.915798	80.775719
1.166480	85.996758
1.103452	96.471626
1.144074	79.029785
1.024304	99.437523
0.968278	83.163849
1.027950	75.128075
1.031610	82.927338
1.198236	105.105225
1.032993	78.775101
1.048653	76.158897
1.091985	101.041977
0.931641	86.613251
1.126594	77.697548
0.907596	79.995483
1.146336	78.255196
0.996762	78.507973
1.165977	79.600357
1.005294	81.047066
1.103137	98.328285
1.099470	78.451736
1.103148	84.022957
1.158963	83.323143
1.074885	103.479965
1.116417	90.240822
1.015413	77.690300
0.924175	78.449844
1.160008	77.595795
0.986193	75.822227
1.118999	94.241417
0.940754	78.084419
0.979337	73.442703
1.063169	74.220581
1.035414	79.598351
0.942841	77.630898
0.945182	89.151802
0.916207	90.537292
0.939468	79.728027
1.104275	85.360695
1.061340	90.648582
0.866044	84.012047
1.024312	78.894638
1.195823	94.588142
1.048073	80.171700
0.946370	78.507744
0.902012	83.404892
1.028666	78.995056
1.158255	75.267044
1.212317	81.959663
1.188362	86.141296
1.243706	77.205292
1.128837	75.828636
1.009946	70.491173
0.933964	79.966377
1.078507	81.076286
1.025607	93.950058
1.270838	87.563980
0.921210	85.798737
0.982239	76.706306
1.033975	79.448013
1.254336	77.734795
0.966537	78.164070
0.855813	83.026283
1.093596	80.798561
1.160014	81.306847
0.867230	81.390671
1.120598	79.548744
1.020776	81.381676
1.165132	76.270966
0.937646	81.307549
0.884485	80.447891
1.240689	95.270576
0.968251	81.458801
1.158049	102.277519
1.023497	83.401924
0.968135	74.819473
1.217146	78.775299
0.957563	104.502106
1.038291	79.999527
0.868227	81.337120
1.085495	81.864586
0.998688	81.007896
0.891667	77.991867
1.030448	80.911575
0.953704	78.051918
0.905176	83.205086
0.867518	78.725822
1.097982	77.248230
0.994397	78.146629
1.078452	80.712730
1.045670	79.057190
1.176607	74.619339
1.035839	76.536972
0.996923	76.207062
1.044611	105.438934
1.132398	72.026154
1.068285	82.754250
1.141019	80.994682
0.952633	77.116463
1.016549	80.955185
1.041044	81.304077
1.243505	79.924599
0.939225	76.089035
1.039220	82.897621
1.022458	83.975533
1.111109	84.295570
0.979450	106.303658
0.926790	81.293083
0.923529	100.442520
0.949360	81.294441
1.082120	79.502899
1.081496	76.788826
0.954687	83.320587
1.090517	97.797066
0.872327	79.420090
0.918826	95.512291
0.984914	100.196762
0.903666	75.739616
1.037636	77.845390
0.919755	99.981972
0.962222	76.257484
0.890560	107.105507
0.903746	77.974754
0.985488	83.373695
0.850182	75.212502
0.907768	83.727982
1.116042	99.713593
0.992809	80.139755
1.189109	78.324783
0.926903	82.939278
0.982701	84.014030
0.883550	79.284645
1.118737	92.317581
1.055779	103.923897
0.852834	77.886734
0.881481	73.794891
1.146473	69.844894
0.876397	82.690964
1.251612	73.670380
1.182798	88.097816
1.121157	83.246628
1.166127	83.966034
1.037072	85.238121
1.076698	85.301041
1.098593	103.831673
1.012591	83.228661
0.974076	81.532310
1.114839	93.868286
1.030484	97.769096
0.872244	96.328300
0.923729	74.324257
1.159190	81.815536
1.123224	86.169777
1.268396	84.521034
1.137154	89.038963
1.068278	81.612740
0.943328	83.519348
0.886157	104.149055
1.163587	75.239578
0.906123	82.386368
0.923891	80.678787
0.950932	84.665459
0.939947	77.000786
0.978070	95.670593
0.989437	84.638031
0.975912	75.885818
1.239156	75.706612
0.966463	81.510384
0.957698	80.490341
1.188181	86.477150
1.143505	77.938744
1.072351	99.498787
1.214710	83.894875
0.938846	79.480423
1.185531	85.497337
0.932958	92.129471
0.993341	105.036095
1.167105	102.005264
1.071483	80.544373
1.049766	77.081184
1.117987	75.916138
1.154458	73.975883
1.233978	78.895767
1.164052	77.340378
1.226787	78.277115
0.859170	78.278275
1.135258	95.414093
1.213300	81.827858
0.979731	79.850082
1.208374	87.682259
0.938923	80.742020
0.941478	81.614479
1.098625	76.968536
1.114468	81.256119
0.889366	80.145142
1.084250	77.277061
1.115716	77.122597
1.071229	80.008698
0.954671	78.564522
0.936410	79.163788
0.928950	86.491135
1.006058	79.545738
0.965315	84.184021
1.006715	97.772614
0.861564	80.342957
0.959412	77.943489
0.939436	79.105820
1.177292	85.047440
1.131394	80.471062
1.040634	80.199440
0.924326	78.727646
0.933326	80.019600
1.006344	84.758675
1.111757	75.792976
0.885105	76.969002
0.978529	100.859558
1.066805	81.333580
1.013363	85.445595
1.019667	83.441643
1.170269	73.748711
1.104956	76.903816
0.935254	82.096344
1.007093	97.626007
1.217726	83.913872
1.260051	89.310799
1.212597	86.905968
1.207004	71.713928
0.963983	81.202385
1.020143	76.659187
0.896403	94.919113
0.945833	77.079109
1.079266	82.675194
1.027069	96.102417
1.209719	77.863701
1.006581	87.493172
0.953937	78.022133
1.047415	74.032600
0.900343	77.672005
0.998152	82.848434
0.989748	75.413376
1.003415	79.609650
0.855162	79.421051
0.920164	80.758896
1.122509	79.068329
0.907791	74.173706
0.867783	79.222542
0.908376	77.830009
0.957281	75.223038
1.223809	79.949997
1.016606	84.953262
0.884292	73.244461
1.143019	78.256935
1.057048	99.476669
0.937520	77.056969
1.124238	72.365944
0.905955	105.991959
0.875218	77.979782
0.998772	106.232155
0.960308	80.984901
0.974276	78.018852
1.011599	78.618156
1.152259	82.059792
0.967993	79.716827
0.982201	101.544350
0.852330	79.347206
1.008454	77.124428
0.916425	76.536919
1.158998	81.975449
0.972581	96.736954
0.884083	76.949959
0.991913	80.260773
1.083418	114.239075
0.982475	81.380859
1.123678	82.363426
1.208919	82.363075
0.912103	76.936798
1.127080	80.937515
1.037216	102.918800
0.954895	80.068092
1.015208	78.568459
1.012622	80.634598
1.014228	79.618347
0.921481	80.382416
1.197937	86.506889
0.892807	81.566940
1.026391	77.842903
0.990684	80.453110
0.966650	76.518364
0.958657	81.243423
0.939967	93.394768
0.891996	70.964539
0.970135	80.640190
0.896750	83.292320
0.996942	73.786850
0.929432	80.415001
0.888202	77.016800
0.928612	86.829346
0.938161	79.477776
1.000263	77.714745
0.966070	79.994812
0.993969	78.382347
0.932642	111.493744
0.880564	80.353363
1.076611	78.706627
1.021392	82.491577
1.049455	76.035057
0.980179	75.156929
1.066650	77.106720
0.929972	74.080658
1.167227	73.656509
0.951942	97.825066
1.119565	81.948074
1.009661	79.041809
1.189227	79.490395
0.979858	82.429962
1.009089	80.140617
0.958642	108.106544
1.034128	82.479530
0.963346	80.164963
1.084777	79.270737
1.004186	82.445503
0.915407	102.549889
1.045205	100.316261
1.154638	81.510216
1.120052	76.821053
1.019892	84.470932
1.158625	78.904739
1.172306	75.658951
1.157004	85.029358
0.920135	77.932045
1.142589	105.359413
1.072333	79.417831
1.010486	77.482269
0.988488	93.076508
1.152187	83.220932
1.131850	77.594490
0.998758	80.293839
0.851595	79.618652
0.901269	92.355507
0.933650	81.202690
0.897395	78.850327
1.164459	76.229591
1.244045	77.625038
1.074897	75.195885
0.902542	77.084648
1.098033	75.913841
0.885043	81.292023
1.278192	83.877975
0.985008	102.447731
1.038966	84.158623
0.961601	79.399132
1.048615	77.168373
1.102426	82.096268
1.004045	95.719521
0.922903	100.053055
1.026656	81.270851
1.117576	78.818741
0.892302	82.230446
0.902995	91.176987
1.179143	93.450493
0.899218	78.659172
1.065332	86.037292
1.105149	95.629753
1.220546	79.823250
1.170453	78.464218
1.157514	76.581207
1.016502	73.401985
0.937228	76.023872
1.085230	83.669991
1.069309	97.804352
0.902913	80.954735
1.069061	98.633430
0.907722	113.596855
1.063380	110.546013
1.042533	82.534531
1.022130	86.862312
0.967607	78.543922
0.996864	77.038918
1.248092	80.109955
0.997968	82.562271
0.909634	98.853973
1.230398	87.302704
0.967026	77.373863
1.001204	83.661736
0.943953	75.437805
1.118336	79.584206
0.889092	76.661278
1.046261	76.703384
1.063383	83.669304
1.127744	79.391876
0.870892	81.079742
0.896222	102.166992
1.084070	80.145996
1.018500	81.350815
0.952731	77.648384
0.879294	104.778107
0.884390	77.450882
0.911644	76.199989
1.198504	77.278656
0.990314	80.126076
0.968869	78.438171
1.209571	76.020203
0.950195	94.823456
0.961835	95.292480
1.103625	82.274490
1.088785	99.424942
1.082395	82.888191
1.034294	77.238152
0.983191	78.998329
1.058863	98.359032
0.971995	82.184738
1.018426	85.016739
1.230669	78.668121
0.887614	98.074776
0.972189	74.742546
1.147529	84.363792
1.084207	75.056190
1.197460	76.024353
1.065936	79.474136
1.044219	78.805489
0.941323	82.487717
0.920360	79.342041
0.943630	76.485748
1.217644	77.670395
1.038675	98.466606
0.925287	95.595337
1.016960	99.715805
1.037431	74.038162
1.000274	101.856163
0.979931	85.312866
0.859454	79.916878
1.272612	96.178902
0.919366	77.924507
0.916328	79.346649
1.164864	76.877274
0.946607	80.641479
0.878094	79.282463
1.105090	77.082726
1.006127	76.865601
1.174524	80.450180
1.011020	108.644836
1.179805	84.683334
0.979479	84.633499
0.989389	81.772980
0.953495	79.545326
1.117312	81.117149
0.978202	85.546982
0.955893	73.753586
1.207057	102.550339
1.036520	104.748688
1.016531	81.831238
1.007475	76.578575
1.072330	83.264694
0.933539	100.809776
1.022200	75.841446
1.003527	75.815208
0.846192	76.041939
1.139165	85.515915
1.034179	92.936768
1.070145	83.045540
1.069253	94.812584
0.871832	78.601791
0.935162	91.374161
0.940175	78.876793
0.893294	85.381546
0.957480	107.475929
1.125344	81.574646
0.993409	83.992462
1.010658	100.597908
1.000723	96.016212
0.995331	103.573883
1.075797	93.700348
1.199190	84.573555
0.905719	80.948265
0.954823	76.547165
0.874943	79.230278
0.945762	75.134590
1.205349	83.186310
0.857770	82.605003
0.975272	77.739944
1.044979	82.567627
1.140731	84.862000
1.051682	86.145477
1.075200	77.304863
0.923744	77.848991
0.948878	81.522491
0.941585	76.052048
1.023204	81.195862
1.111972	77.185257
1.107770	85.637405
1.053778	77.609558
0.890993	76.028046
1.037344	84.551216
1.013803	83.561684
1.222387	80.204422
1.092740	79.043571
1.037904	77.577782
0.879667	99.297180
0.932858	84.450630
0.911276	80.135117
0.983724	77.243004
1.025367	99.419678
1.192177	103.780861
1.109600	79.547226
0.941141	104.106247
0.879104	82.957558
1.052571	79.595375
0.893298	80.087212
0.858688	80.849754
0.887616	80.967545
0.916341	76.133148
1.009313	84.577660
1.054980	107.026466
0.991023	102.410622
0.890951	79.042099
1.125872	79.647079
1.175823	78.165817
0.853708	73.659142
1.082300	103.636681
0.879653	95.680946
1.090042	79.122208
0.993961	81.245514
1.165590	75.959457
1.104891	97.518700
0.898929	80.681969
1.040571	95.111084
1.027079	80.228325
1.238034	80.648521
0.986485	80.814384
0.896728	81.338676
1.031224	106.450485
0.906362	80.014221
0.929525	79.790680
0.890813	78.356392
1.107557	81.331688
0.929821	81.687683
1.074511	86.224091
0.997027	81.032623
0.931466	78.164169
1.107576	78.566872
1.125241	77.543045
1.184500	80.467522
1.006312	81.923180
1.101290	76.032555
0.904079	82.552361
1.233090	78.408836
1.132427	80.791855
0.872540	74.289139
0.931075	76.738892
1.175943	82.272766
1.002819	81.191353
1.058675	80.441673
0.886768	77.923004
1.219121	85.379227
1.168686	78.636551
0.904761	81.399712
1.042539	76.858757
0.907583	79.585785
0.980579	82.070732
1.217660	98.524086
1.036025	77.569511
0.992146	83.331284
0.993951	81.055077
1.000587	75.978439
1.130516	79.801414
0.909741	84.334114
0.928986	82.804344
0.966890	76.477966
0.916982	82.612137
1.174253	84.400223
1.100082	78.968132
1.157597	76.079384
0.975684	78.792961
1.040411	79.702919
0.973180	83.139702
1.152601	81.178787
1.039639	81.639915
1.108070	85.396858
0.984364	74.426254
1.141382	110.298477
0.857035	79.330536
1.219939	86.031601
0.921062	104.704025
1.158762	77.341476
1.221687	83.133728
0.971566	81.264824
0.908361	81.848793
1.199750	79.316444
1.056629	79.757629
1.083566	77.665070
0.964093	79.407776
1.190672	76.348656
1.084580	97.171837
0.949742	87.379211
1.188848	77.879066
1.006939	86.491936
1.006541	79.209381
1.083231	83.643188
0.969113	81.985832
1.107579	77.307663
0.939325	82.794777
0.939872	79.826363
1.132931	79.407074
0.890162	83.983551
1.063229	78.073204
0.931598	80.578590
1.170698	95.421867
0.969034	84.830605
0.972627	86.344025
0.916799	100.687149
1.101814	75.489815
0.850474	78.815613
1.025442	80.301636
0.895430	78.385971
1.149327	80.938972
1.143588	78.403252
0.956200	79.521393
0.944284	100.439888
0.902368	101.557190
0.967390	80.583916
0.900744	74.091087
1.017163	75.285156
0.916162	79.955696
1.237265	83.345306
1.144032	78.065598
0.932315	83.736565
1.174280	78.125755
0.915996	74.827644
1.149914	78.967522
0.931515	96.755730
0.880308	76.018311
0.927679	82.371414
1.009508	98.971039
1.097726	77.306915
0.915012	84.732620
0.964844	87.787880
0.942348	110.140846
0.936774	106.458038
0.953430	78.150551
1.020327	85.425674
0.961684	77.892601
0.884884	82.236488
0.886301	78.987755
1.147418	82.259613
1.183931	101.917938
0.899792	80.855339
0.916983	80.866806
0.901502	75.851425
0.886053	80.146019
0.938538	76.664688
1.013880	106.306068
0.977159	103.600899
1.014738	78.091095
1.039815	102.914528
1.125988	99.445854
0.986324	80.247353
0.954261	77.580055
1.219437	80.575027
0.955447	83.856468
0.873502	75.577698
0.963210	82.005272
1.021480	78.527687
1.058693	78.195435
0.965033	73.927917
0.898833	94.727875
1.062541	72.182449
1.039527	78.001419
1.103753	80.352074
1.021658	81.304893
0.947098	81.158516
