0.939518	266.825745
0.914749	280.793488
1.014632	324.832794
1.139652	242.016388
1.002123	315.613403
1.010431	315.382812
1.143515	259.712769
1.062411	345.640411
0.961222	285.946777
1.018197	315.112183
0.853170	246.232376
1.038971	319.858856
1.135602	239.084091
0.924984	290.958954
0.900645	283.740295
1.122194	269.217743
1.026237	337.878235
0.980006	292.938080
1.042417	325.631927
0.902657	284.376526
1.156607	236.925461
1.064098	311.705963
0.961524	291.989441
1.207070	198.435959
1.197314	215.214172
0.932192	280.951843
0.941024	287.150848
1.198566	207.034592
0.905647	275.105011
0.905954	276.954132
0.930221	284.586426
1.132569	241.253876
1.118872	269.826172
1.053117	347.674652
1.019301	306.002899
0.975437	268.734192
0.914031	285.506226
1.009700	335.629639
1.054544	324.139709
0.925787	276.739471
1.020981	290.554688
0.998067	296.679199
0.970250	278.493408
1.073838	334.703430
0.944439	278.958069
1.051904	329.574982
0.967834	299.757690
1.028774	334.499695
0.956492	260.994659
0.984436	278.271057
1.125082	257.470825
1.185527	224.155365
1.128435	270.557190
1.130803	240.820023
0.955197	280.275635
1.174637	216.629684
1.100902	294.262939
0.896008	257.134247
0.963419	301.116699
1.195311	208.809845
1.115203	264.595795
0.976519	291.823578
1.079159	290.609985
0.936707	293.007111
0.889649	263.595764
0.877342	258.392120
0.985173	308.688293
0.928627	283.624512
0.997814	302.927856
0.926528	287.322388
1.073716	297.777039
0.946112	275.769562
0.915446	256.963409
0.959415	268.796051
1.098743	301.294678
0.885067	263.584991
0.886697	258.261230
1.152074	223.508102
0.880121	265.590546
0.974457	281.819092
1.011391	305.672699
1.104526	292.158386
0.866243	248.234512
0.951030	273.989532
0.962388	280.689941
0.916683	289.468323
0.968214	277.290039
0.978920	289.184753
0.918740	274.701172
1.019210	335.387360
0.886918	251.379181
0.927853	281.135101
0.884688	261.236877
1.082951	318.983917
1.218500	199.524338
0.992458	306.553040
1.021248	327.916199
0.872114	246.685181
0.894368	256.992523
1.095304	309.406677
1.021150	314.240417
1.017975	305.636505
1.058757	338.161438
1.048652	347.987793
1.235803	188.293243
1.027325	317.181671
1.150110	227.659729
0.964556	275.739471
1.014901	350.729767
1.009517	294.714600
0.910080	255.779495
1.112249	280.251465
1.106947	282.114014
0.895970	259.618561
1.022287	309.192963
1.076724	345.115387
1.197110	210.459366
0.933116	279.731842
1.148082	253.010468
0.875597	252.731644
0.968093	298.947418
0.930537	265.909851
0.959875	274.139282
1.162703	216.805740
1.243623	193.299438
1.039938	323.048584
1.026601	327.733459
0.996076	319.899475
1.007719	292.838806
1.064989	322.676056
1.109976	270.011505
1.119555	260.777100
0.941193	274.144501
1.075636	299.304871
0.940347	287.094116
1.134829	256.401306
1.185108	210.898010
0.996186	293.492737
0.974646	279.575653
0.967961	300.342102
1.041646	327.534088
0.943661	283.752380
0.967796	305.841583
0.959135	279.531372
0.882035	248.262665
1.058388	334.596497
1.140040	255.357834
0.896441	286.646729
1.114948	273.325470
0.889710	273.377258
0.893766	268.436096
0.945208	270.991180
1.002226	304.076935
1.213708	235.999649
0.896850	258.167236
0.987300	301.947479
0.961583	282.218536
1.092378	320.438873
0.921001	277.024872
0.867456	249.383698
1.046795	318.301300
0.923465	259.296295
0.905128	250.499924
1.014257	307.968414
1.232029	195.643784
1.048412	332.197510
1.198740	206.594360
1.068794	333.646942
0.937604	273.858063
1.061392	323.143066
1.042565	359.908356
0.924187	262.681030
1.078568	298.278748
0.914175	289.692200
0.879025	269.557251
0.999206	313.241608
0.928106	279.801819
1.067182	347.016449
1.182013	219.394379
1.034517	315.682373
0.949387	275.228577
1.109723	257.713684
0.898132	271.214935
0.943887	280.646362
0.863017	252.631531
0.993713	303.836975
1.100328	295.268555
0.875295	251.595169
0.900613	284.492737
1.223809	198.654770
1.245403	194.735992
0.943534	275.187561
0.942160	275.792847
0.968942	287.541199
0.887665	267.957611
0.965724	287.136414
0.974772	277.459412
0.933984	286.291290
0.968146	278.428284
0.957548	273.664948
1.186558	202.112106
1.144968	251.228790
1.057173	311.301056
1.194620	215.302917
1.220726	199.828140
0.894195	266.148529
1.251949	180.335999
1.137589	256.185852
1.070483	301.849945
0.928232	262.259705
1.193751	204.178650
0.913615	269.792175
0.967851	278.105591
1.162761	243.937317
0.916691	287.407257
0.920196	257.502655
0.945929	273.531799
1.056312	323.721954
1.026167	333.160858
1.174720	219.228897
1.141566	236.541458
0.881793	247.530197
0.910676	276.235138
1.156198	250.912857
1.060053	341.112427
0.915322	280.166077
1.008495	300.397339
0.985174	317.967041
0.911903	273.486633
0.916271	264.488251
0.924729	280.320679
0.895581	271.877747
1.153793	245.942139
1.087837	316.368591
0.900255	261.384338
0.982696	274.771393
0.932243	286.206879
1.106656	274.699707
1.207575	203.666748
1.197060	211.292389
0.939808	277.921234
1.070269	333.408051
1.113552	298.620239
0.911978	277.456390
0.910208	272.924347
0.904933	261.667480
0.944172	277.135773
1.165049	243.387161
1.115105	251.349457
0.982902	287.345825
0.986235	289.416931
0.854768	250.745026
0.999445	299.886414
0.918368	285.141846
1.160477	244.860168
0.893732	253.557663
0.934830	280.277832
1.098474	285.226562
1.207566	222.591232
1.059847	342.341675
1.082266	305.695099
0.874671	250.086960
1.148778	248.901352
0.960822	293.182709
1.122516	281.110260
0.895929	261.558594
0.904423	269.192352
1.212933	195.376328
1.051704	303.289185
0.978321	294.977112
1.158134	255.538193
0.971584	277.996704
0.993809	286.222198
1.005580	300.755066
0.949520	271.665314
0.962831	275.128265
1.171957	219.275696
0.939071	289.491486
0.947810	273.277679
1.151367	238.346069
1.159779	232.538086
1.033607	348.960510
1.202871	211.827408
0.967321	286.945282
0.917897	258.076477
1.147587	250.157410
1.062780	310.331024
0.871288	255.741776
1.067401	304.431976
0.943483	281.619324
0.927786	278.828156
0.983569	291.646393
1.005002	343.200745
1.031663	335.358368
1.056878	308.802185
1.134897	274.181519
0.855285	242.449219
1.154295	252.374832
1.145003	256.801514
1.122819	264.362579
0.959935	268.827026
0.921108	286.220367
1.043499	351.351288
0.994133	297.659271
1.206864	204.055435
0.879392	267.269196
1.000273	308.443268
1.192631	200.076553
1.025563	350.172791
1.087685	294.369293
1.172530	230.703201
0.906417	288.313080
0.864012	236.132874
0.981548	277.836395
1.098304	315.328003
1.025698	312.359253
1.158988	249.165878
0.908130	261.796600
0.908332	263.004211
0.953693	258.136810
0.899399	273.564423
0.991301	296.690247
1.079893	330.541534
0.977215	276.449921
0.944928	300.906403
1.083153	330.381592
1.152634	248.883484
1.153967	227.106781
1.044168	363.311340
1.157277	224.043442
1.031036	339.259613
0.938865	277.127258
1.152117	238.238510
0.997313	297.570831
1.006369	314.902588
0.923530	266.595032
0.863555	250.449341
1.142308	262.261322
0.894377	258.566895
0.917323	261.303558
1.006503	323.766724
1.137222	253.717529
1.097761	291.507263
0.875365	259.051392
0.972523	263.902283
1.070780	342.653076
1.190699	214.129349
0.964876	289.865326
1.148803	233.733566
0.931042	283.112244
0.881635	257.420563
1.013994	333.061462
0.969339	288.669861
0.925869	284.079956
0.866078	248.032013
0.983241	286.572266
0.983829	299.810181
1.044095	325.863281
0.858824	247.454193
0.981714	318.527527
0.898412	257.189209
0.928355	287.366425
1.141374	262.599518
1.108522	279.799591
1.143001	239.148636
0.928005	285.524902
0.988046	290.888062
1.081120	331.954590
1.108092	265.091888
1.132580	276.032745
1.145610	254.703690
1.157401	238.175735
1.143021	249.805939
1.030698	323.080200
0.907758	288.336426
1.083777	300.298553
0.915309	280.520782
1.189262	208.774048
1.225779	200.398483
1.000153	287.307526
0.910662	286.317627
0.939393	288.742188
0.961386	278.628113
1.162486	231.897736
1.076249	313.257111
0.887300	255.423462
0.912778	268.472382
1.165335	214.477020
1.230602	199.475555
1.059620	295.149994
1.113517	291.783752
0.959304	287.552155
1.115439	259.463043
0.971522	287.909729
0.928189	277.640564
1.117209	254.027786
0.943081	289.406677
1.037334	339.223022
1.129882	250.913513
1.051155	331.154358
1.157199	227.007370
0.933955	279.248444
1.073270	309.445007
1.009522	289.046143
0.869678	250.281006
1.059241	328.198151
1.096862	276.324036
1.229239	202.584274
1.058051	328.288574
1.155939	235.968140
0.925656	256.044647
1.065916	322.709473
0.961778	285.816650
1.162401	229.191772
0.887969	278.635254
0.948129	266.043732
1.163723	236.748108
0.983974	298.958923
1.155528	231.835373
0.949224	283.745636
0.924382	264.075623
0.952944	272.348083
1.097289	308.036407
1.011020	311.912506
0.994210	316.504120
0.961343	274.616669
0.993476	307.350281
1.134904	267.441528
1.112885	294.590546
0.985123	327.572571
0.924684	286.152252
0.934829	261.299011
1.073707	298.127411
1.035344	308.757629
0.976798	299.380768
1.094057	315.353119
1.181893	221.170654
0.934225	260.594086
0.916421	263.080933
1.012814	288.046722
1.240446	190.104004
1.144632	233.723419
1.142532	270.003448
1.038792	322.245667
0.985328	295.086823
0.993270	312.608185
1.025572	312.667664
0.917196	270.800720
0.975964	286.674011
0.987725	306.621063
1.097536	282.595581
0.903294	285.821075
1.057524	314.445312
1.133443	262.325378
1.100150	278.421509
0.973531	277.046356
0.991614	299.405243
1.074052	326.423279
1.176973	207.150879
0.934213	272.503784
0.909852	269.825500
1.208362	212.744156
1.125437	263.729706
0.854329	247.199615
0.992406	301.322418
0.870023	247.983978
1.077235	315.676422
1.092759	318.181244
1.025226	329.464478
0.951656	294.084167
1.009271	304.902954
0.964897	290.793213
1.003179	284.782135
1.255090	188.736603
1.121492	263.210388
0.966636	297.332275
1.005725	300.014069
0.904185	286.227203
1.174735	236.728317
1.204864	195.095230
1.022279	324.575562
1.038004	318.592834
0.939122	269.984436
1.150025	242.810623
0.927377	272.210449
1.153459	235.276855
0.905202	280.705505
1.123162	268.202057
0.923520	254.042404
0.991598	293.799591
0.952350	265.773621
1.214068	201.704315
0.938920	272.258911
0.887455	250.766403
0.969477	289.413300
0.936281	284.863098
0.915992	251.861374
1.164340	232.608902
1.122326	268.866699
1.095913	297.421814
0.925291	258.122803
1.110880	286.325165
1.026032	328.819458
0.956695	258.987213
1.044532	335.848267
0.886230	266.928711
0.860186	249.262375
1.039567	315.187561
0.946011	266.174683
0.896842	274.203705
1.036593	285.699860
1.051280	309.024353
1.162915	232.154510
0.989332	288.131531
1.069157	333.225037
0.864183	257.280609
1.017034	324.474915
0.977663	293.547638
0.991252	266.687592
1.111439	293.097595
1.115192	298.626984
0.975036	290.125763
1.006775	286.215851
0.914889	283.299408
0.927250	276.471436
0.933990	280.813873
0.992620	304.134430
1.009330	321.177643
0.943578	277.955383
1.033599	338.358582
0.947427	256.797058
1.077628	287.649475
0.933058	299.814819
1.075271	318.187866
0.988773	288.496826
1.019706	332.285522
0.931076	279.948578
0.971488	275.637939
0.910858	270.136963
0.910315	272.099030
0.904654	259.361237
1.141607	251.458267
1.184019	205.992203
0.918891	272.203705
1.008131	307.692902
0.922710	280.766998
0.891222	254.308090
1.094491	300.451447
0.932327	266.086029
1.000111	305.349152
0.901935	256.686401
0.907449	288.130005
0.914770	270.523590
1.105647	277.052917
0.922718	272.575745
0.896618	278.998718
0.906959	254.741913
0.921890	257.069794
1.210413	215.257690
1.188432	208.583069
1.022031	303.362854
0.889868	252.971863
1.002048	315.379913
0.985220	317.573273
0.893772	251.406372
0.907361	290.190033
0.977827	310.156250
0.995368	317.172302
1.090308	312.061066
0.959632	281.719604
1.220223	187.677765
1.024088	307.491364
1.055002	334.501221
0.943569	287.113342
0.910897	275.977539
0.976835	282.914490
1.065835	336.384796
1.138583	252.344376
0.897515	260.025238
0.972016	273.912781
1.068314	314.434631
1.165059	229.447296
0.968538	268.818848
0.910129	259.087708
0.910782	264.635010
1.113512	269.170013
1.047260	316.066467
1.249224	184.184753
1.126984	262.541687
0.896176	274.055115
1.150073	223.947525
0.930118	271.128510
0.888098	276.639618
0.860196	251.997192
1.090832	284.660461
1.098257	292.603271
1.159811	234.217239
1.146668	233.573410
0.891377	259.171295
0.853909	237.214920
0.870966	255.118393
0.855891	245.685562
1.021696	342.530792
1.106676	276.116058
1.132999	263.280243
1.036179	336.171234
1.013219	287.350220
0.981207	295.774048
0.945094	294.293091
1.132340	273.734619
0.956215	287.978027
1.086316	315.308533
1.173897	247.040115
0.858922	244.671814
0.920232	284.891998
0.899589	261.273438
0.969087	272.846344
1.028511	338.579132
0.897306	276.379822
0.959383	296.518341
1.190060	222.466583
0.877011	257.211639
0.943737	280.240387
0.977469	307.225739
1.145546	250.697357
1.082663	317.596497
0.988828	307.355072
0.885878	246.658936
0.977299	291.317749
0.968452	280.518036
1.141162	253.021805
0.962270	297.153870
1.124953	245.721466
1.037091	323.179230
1.011068	297.191681
1.163782	236.279709
1.106977	302.802277
0.960321	271.007416
1.189298	204.338425
0.989484	281.367584
0.976626	285.078339
1.007972	309.510956
0.892554	265.916626
0.942110	281.041870
1.068069	324.329926
1.053320	333.708984
1.027531	326.957672
1.047750	334.125519
0.907976	271.216949
1.166927	247.622375
0.963714	292.246155
1.082241	301.268127
1.161428	236.195084
0.952500	298.539764
1.068957	319.795868
0.930448	298.025757
1.072822	326.169067
1.196288	202.159119
0.925673	283.460693
1.135528	262.564575
1.204086	203.879074
1.083040	304.014069
0.997491	311.486450
0.914352	294.410431
1.123966	277.882812
0.884469	260.686859
0.878837	250.001175
0.983885	305.675598
0.891253	261.840576
0.895398	258.877991
0.880493	256.781281
0.928160	252.897324
1.006807	308.262207
1.064391	320.449738
0.928376	261.763977
1.066278	311.071686
0.913940	252.276733
1.039327	327.954407
1.169044	231.012650
1.103338	286.341370
1.039913	316.631042
1.133102	252.113174
1.134461	265.762421
1.150747	257.760620
1.035717	353.448425
1.015204	319.751770
0.908611	266.353119
1.025492	333.100952
0.915053	252.616058
0.988050	323.819946
1.032961	306.734344
0.913947	265.799957
0.933582	291.498077
0.855985	244.150803
0.893661	262.552216
1.136125	267.944031
0.925252	275.099548
1.186277	201.968094
1.028909	351.065063
1.038288	358.913727
0.986209	298.033630
0.929490	296.964020
1.153238	235.953888
1.170536	226.264252
1.092582	297.615845
0.982611	289.610809
0.872333	261.859619
0.948771	275.275848
0.940457	279.750824
1.081570	317.805969
0.948210	274.574371
1.021177	318.903564
0.921527	279.282684
0.927188	286.146301
1.123093	284.447021
0.936380	278.047363
0.939869	259.592133
0.892105	269.076660
1.109799	290.085602
1.149708	235.958206
1.075730	323.601013
0.982186	302.594299
0.945732	269.138489
0.973640	269.071503
1.081735	286.736206
0.932188	267.399445
1.217300	196.646271
0.980756	315.727722
1.045419	333.026459
0.864489	254.981552
0.928299	263.728577
1.035785	358.281982
1.001291	326.135925
1.095919	291.306244
1.070788	344.547485
1.028457	315.421356
1.071381	344.961060
0.903790	263.730682
1.129848	253.176056
1.155280	250.107971
1.091950	291.812347
1.128805	258.145264
1.210890	197.193436
0.958089	276.477448
1.035702	327.538055
1.019740	342.237000
0.965491	296.569031
0.932351	287.234619
0.954754	300.966064
1.162974	236.251968
0.943635	286.266602
0.963335	302.943085
0.888996	258.663727
0.875154	244.902222
1.121523	283.738739
0.892553	264.355316
0.967963	302.365051
1.068006	300.086212
0.912089	271.641479
0.958634	291.254578
0.977343	283.478058
1.196225	217.780869
0.884667	263.112091
1.264448	182.819290
1.010667	322.336914
0.936656	292.234283
0.881282	244.790634
1.134649	274.021515
1.105254	280.631409
1.057166	354.160614
0.986279	302.634827
1.000324	300.709564
0.942895	289.702179
1.075373	326.141693
0.903217	261.040253
0.887252	259.273163
0.960226	266.394379
1.058113	315.074341
1.233078	196.939209
0.987157	311.205017
0.926781	276.487518
0.953548	268.728729
0.984239	294.955688
1.131772	259.924316
0.909834	292.087555
0.922385	281.715576
1.025680	319.668610
1.066223	315.588104
0.894266	257.841095
1.210858	202.884109
1.133910	252.436310
1.071380	308.546417
1.006745	317.923462
1.135388	258.088745
1.014012	329.354248
1.036069	325.827728
0.926841	270.114899
0.936651	271.542236
0.954497	280.949524
1.105034	311.325897
0.962320	260.946259
0.949887	280.538818
1.111405	292.402557
0.911929	281.493225
0.951573	285.120575
0.984358	315.437744
0.930951	276.542572
1.194513	216.450790
1.109681	288.412109
0.924644	285.951691
1.090666	300.455963
0.928812	264.106110
0.987379	317.649384
1.209209	210.913345
1.088855	302.835114
0.920875	268.212036
1.074348	306.417694
1.121925	267.279114
1.058670	314.574921
1.045595	349.102936
0.953331	260.558167
1.009343	279.188904
1.021813	297.208191
0.935812	286.561707
1.162074	251.257782
1.189686	202.338394
1.155317	229.641464
1.019126	300.098694
1.067568	322.106628
0.908743	280.631836
0.974091	281.988068
0.906177	275.262390
0.959961	301.387543
1.013023	343.134064
0.982149	297.345001
1.000384	294.939545
0.980312	289.418182
1.104241	278.988953
0.871082	253.096237
1.171724	215.567947
1.077176	326.644653
0.912504	269.255920
0.953369	275.499237
1.089865	301.662872
1.077857	297.240326
0.985108	297.068817
0.921549	279.125397
0.884321	253.271667
0.912870	267.426361
1.081783	309.209290
0.925587	256.779602
0.991342	278.955444
0.935079	294.126404
0.903901	285.973572
0.958989	284.928192
0.945251	284.893127
1.054085	339.044281
1.056383	340.066803
1.205905	198.283844
1.010973	326.112915
1.223426	200.012405
1.172671	203.929443
0.915568	271.966370
0.912316	280.205139
0.934222	261.077606
0.935304	288.920532
0.904691	271.400391
0.860993	236.975037
1.223303	199.117157
1.085569	319.862915
0.885900	281.096954
1.023647	314.854370
1.112311	256.583038
0.941293	293.208099
1.103322	270.585968
0.898351	261.049866
1.155180	252.736328
1.159612	233.384354
1.080356	297.354401
1.240713	186.162140
1.121395	242.789093
0.986124	302.293030
1.020720	323.410645
1.200631	203.238434
1.049716	321.552582
1.029332	337.568634
0.947224	282.973267
1.051816	344.845367
1.215961	201.819733
0.857291	250.987488
0.877963	255.717102
0.879357	258.123199
0.894028	271.141357
1.060086	305.444733
1.146412	261.484955
1.055779	341.747314
1.158213	239.512360
0.953648	300.600037
1.002407	324.256287
0.914997	282.803406
0.904981	275.708466
1.128071	248.980042
0.900190	270.792419
0.980000	304.536163
1.006604	308.231415
1.022024	337.232544
1.225573	198.452682
0.941904	255.324966
1.070935	328.767792
0.886374	252.878815
1.003660	349.135956
0.976939	268.241058
1.122220	259.217987
0.940509	283.890656
0.963126	300.598572
1.020700	338.486542
0.868137	258.904694
0.873030	251.968506
0.966285	283.072784
1.232198	197.648941
0.891633	260.948914
0.909862	298.753387
0.892882	255.064941
1.006536	306.349335
0.873508	246.566940
1.185986	217.923401
0.885325	266.403870
1.150111	243.740219
0.955515	263.335297
0.909240	271.222443
0.905900	250.711212
1.189025	206.532700
0.930630	286.583344
1.064132	331.598480
0.890649	269.538147
0.995860	287.711487
1.066826	320.821899
1.096196	268.620728
1.116771	260.130035
0.954844	300.065155
1.129747	235.252243
0.954750	298.108978
0.948480	301.433167
0.892585	266.170746
1.035840	317.782959
0.996447	276.707123
1.086173	301.513397
0.987931	290.798920
1.178769	225.335953
0.992785	287.798340
0.941519	270.485535
1.071131	295.048096
0.959773	279.229706
1.019056	311.568726
1.016412	332.974365
1.156155	233.571213
1.104024	268.829529
1.145454	243.421295
0.972911	283.260498
1.164022	230.962341
0.939632	261.582733
1.012447	292.352966
0.886373	252.545761
0.976671	307.103455
0.982751	296.078369
1.052173	313.998108
0.929330	272.811646
1.023655	298.215698
1.072451	293.482605
1.141657	270.007233
1.050506	324.919281
0.944382	292.438232
0.977398	265.093048
0.958627	297.794556
0.939394	278.455414
1.171749	235.477264
1.031930	339.231842
0.910734	259.109131
0.937250	280.613403
1.169539	223.396423
0.908172	278.722809
0.870260	248.881393
1.076116	296.625214
1.019607	352.498108
1.105896	292.909363
0.896439	278.669617
1.200518	205.148132
0.987460	283.947540
0.889546	269.304352
0.980459	282.996582
1.186010	230.182648
1.000716	312.921143
0.926364	273.853119
0.941752	290.121796
1.029314	314.298889
0.994824	295.721344
0.894236	244.277451
1.227700	200.548767
0.902218	270.215515
0.872689	248.198471
0.935516	261.681396
0.921615	267.824554
0.895133	254.382126
1.206315	200.743652
1.049617	310.642395
1.241600	210.742172
1.177542	246.663284
1.049763	322.836243
0.904287	255.184219
1.133026	245.439270
0.870480	244.287140
1.113327	289.736450
1.177461	227.387939
1.028286	313.974792
0.984667	296.936310
0.948571	268.211365
1.202542	206.772186
0.860633	240.631485
1.016733	316.926666
0.980817	299.414001
1.029211	334.266998
0.982118	283.913788
1.225328	199.063828
0.978613	300.277100
0.964886	295.147369
1.042905	336.957092
1.002917	298.017639
1.069101	291.271820
1.053827	356.752289
0.986546	297.575317
0.965019	288.663086
1.209808	211.945190
0.964096	282.906860
0.917397	279.296906
0.954736	277.736908
0.895231	257.247406
1.212761	215.256165
0.943845	263.300140
1.069916	313.163910
0.994127	290.467224
1.168296	232.015091
1.064215	302.025391
0.954729	262.892578
1.157664	227.308029
0.975375	275.884003
1.043108	310.290771
1.131701	239.682632
1.008573	321.329803
1.052185	335.919098
1.191421	233.273331
0.986768	295.008850
1.147992	251.103668
0.885712	254.117401
0.952821	311.339203
0.998380	311.704834
1.001902	306.709595
1.060466	332.330139
0.894148	259.832886
1.106482	303.666473
0.896736	260.017456
1.185168	222.054840
0.909784	273.107330
1.115988	285.963348
0.981425	293.231232
1.042582	350.321564
1.161618	240.195007
0.899001	262.560913
1.102801	302.669281
0.971087	268.782745
0.958901	263.029907
1.069407	330.536102
1.175361	218.403076
0.981749	299.313049
1.139513	254.120575
0.991440	348.933868
1.042968	338.861511
1.037882	333.495148
0.865682	249.390839
0.860471	249.554901
0.903570	284.492157
0.942068	274.175690
1.048881	342.170654
1.060107	312.828613
0.964238	273.092285
0.940624	289.388245
0.888348	267.235016
1.077148	310.622955
0.982341	303.566162
0.957929	283.463013
1.203779	205.061829
1.077817	290.282104
1.090806	317.513031
0.996945	308.042755
0.865029	250.667313
0.957811	288.867065
1.146868	255.071487
0.950937	278.026733
1.053363	346.615845
0.945611	288.868164
1.091129	298.361084
0.962234	285.327881
1.193882	221.603790
1.093243	299.282990
0.938409	268.103149
0.967450	276.098022
1.201997	209.976669
0.861422	255.090851
1.205686	192.619766
0.923417	260.597504
1.036281	321.299561
1.102854	285.909241
1.216430	197.991684
0.985710	295.535004
1.071164	331.435883
1.203850	217.275726
1.031475	343.131165
0.899901	266.581512
1.107353	294.035675
0.913182	273.283722
0.883224	274.077759
0.906613	262.112244
1.017502	327.233215
1.195336	194.187729
1.257652	199.478729
1.011762	302.519684
0.937634	264.848206
1.029343	311.599396
1.042506	326.906555
0.976209	291.904510
1.229879	186.732391
0.928873	294.401306
1.093345	285.093842
0.993008	313.465668
0.856490	248.047806
0.945797	279.427307
0.891680	261.314728
0.849994	245.902756
1.127765	259.489166
0.973956	289.211426
1.185301	207.264496
1.126478	280.202759
0.978203	307.641449
1.181618	215.178009
0.878220	250.329636
1.032635	322.815277
0.867163	251.371246
1.188234	206.637726
1.104799	298.952515
1.062125	322.017761
1.244860	194.656982
0.925896	257.262054
1.082457	320.086853
1.059768	347.062408
1.045298	332.076263
0.916152	265.661896
0.917056	261.848114
1.016807	315.502563
1.185692	199.582764
0.960742	286.510284
1.059406	348.772552
0.975779	279.003754
0.879118	244.770447
0.969865	274.623535
1.187093	216.840500
1.199426	201.504425
0.962304	271.245483
1.082773	318.987854
1.127602	240.878784
0.976261	313.895844
0.979990	302.728271
0.896050	269.769196
0.956310	294.378754
1.151458	238.903503
1.106115	292.368195
0.861131	252.580704
0.989287	277.965179
0.897364	251.219406
1.171076	221.185364
0.957134	296.680786
1.055319	365.570831
0.988855	295.831879
0.934525	275.980377
0.952108	267.639282
1.012706	312.015900
0.918871	272.323364
0.911489	271.572174
0.921088	274.241882
0.876809	253.406387
0.879485	252.315750
1.089059	328.136749
1.066654	345.091339
1.023950	343.860718
0.967257	284.433258
1.087673	304.206207
1.018988	346.276062
1.167616	227.519592
1.133132	263.769440
0.884198	246.180511
1.169724	218.893814
0.853604	246.982635
1.200413	214.095093
0.938899	273.855499
0.859509	249.434555
1.115210	254.363983
0.924369	264.002014
1.127144	272.700012
1.137454	250.439209
1.082997	330.549408
1.228341	195.727753
0.931762	261.632751
0.975503	294.394012
1.099178	289.824249
1.218310	214.105637
0.948499	290.238007
1.155495	236.032211
1.033980	321.382782
1.004742	315.073914
0.900869	276.470428
1.185357	222.492981
0.914436	285.548492
1.044183	343.779633
1.076616	313.968384
1.053643	306.129395
1.064346	307.863129
1.157182	244.945908
1.103413	268.083649
1.000015	298.119263
1.120435	262.875244
0.997676	283.704346
0.890960	279.873840
1.209657	195.530762
1.024706	323.438141
1.056950	341.563599
0.971291	292.857483
1.217133	191.347244
1.078878	315.785156
0.923477	255.206909
1.221038	198.098282
0.994507	284.797119
1.036370	362.540283
1.199931	209.409103
0.984379	292.528320
0.890336	265.536469
0.920561	256.827362
1.077184	323.846863
1.152091	230.809570
1.099352	315.866333
1.208750	205.826797
1.129321	255.354126
1.017858	317.599274
1.024039	330.393219
1.262175	190.160065
1.062302	334.491730
1.050662	317.228760
0.967447	289.596863
0.986830	305.178619
1.130203	250.580688
1.067752	341.456909
1.167151	235.928986
0.924254	258.846283
0.906321	277.083893
1.012615	345.141876
0.965359	284.038300
0.870837	255.256729
1.025874	349.084290
0.893157	262.867249
1.103309	280.395844
1.235617	189.353134
0.898231	278.817200
1.097338	284.410736
0.901463	267.869202
1.052067	311.547882
0.869796	256.888947
1.067356	307.511169
0.898557	260.105621
0.930341	282.324554
1.145937	236.401581
1.144439	246.967438
0.911783	288.652496
1.264999	192.817764
1.047204	330.322479
1.104394	309.482025
1.053319	356.056854
1.127134	269.457886
1.122109	285.305359
1.099256	281.068451
1.060780	326.345093
1.148378	255.209076
0.954130	285.167816
1.064312	328.090302
0.919360	275.609741
1.250139	185.357727
0.948475	279.173309
0.914715	282.937073
0.893436	255.654968
0.966530	296.463470
1.015877	319.445953
1.064962	324.252472
1.055615	354.536621
0.961530	290.413086
1.134018	272.247345
1.213017	212.088928
0.950246	271.856567
1.099962	285.895020
1.244354	199.958603
0.926049	280.815399
1.019620	312.087463
1.147367	254.793732
0.940218	277.617828
0.874769	263.905701
1.040768	338.592804
1.061339	336.512512
0.950430	293.262421
0.982763	300.194977
1.003605	319.430023
0.895931	253.396652
0.946319	261.183044
0.891512	267.957764
0.997483	305.421906
1.209599	209.736038
0.880114	252.680832
1.049716	318.735870
1.071250	333.478943
1.249769	193.082565
1.102307	277.973724
0.872661	250.000687
1.050482	343.378845
0.999911	310.612000
1.081207	296.196594
0.997792	292.031311
0.915798	274.943268
1.166480	241.878723
1.103452	290.015961
1.144074	245.162994
1.024304	333.671967
0.968278	282.608673
1.027950	313.538239
1.031610	316.794861
1.198236	215.509201
1.032993	303.828613
1.048653	307.748199
1.091985	306.422913
0.931641	293.390778
1.126594	245.966354
0.907596	280.585571
1.146336	237.586792
0.996762	317.833069
1.165977	240.181015
1.005294	308.493683
1.103137	289.682281
1.099470	308.183624
1.103148	297.684174
1.158963	224.088699
1.074885	338.202545
1.116417	268.727142
1.015413	310.760284
0.924175	267.807465
1.160008	222.788666
0.986193	297.527466
1.118999	270.231659
0.940754	262.804169
0.979337	277.704681
1.063169	316.657349
1.035414	330.179321
0.942841	288.857788
0.945182	297.041229
0.916207	295.661560
0.939468	273.374115
1.104275	298.556763
1.061340	339.612701
0.866044	249.952194
1.024312	325.881866
1.195823	225.126144
1.048073	333.592041
0.946370	276.389282
0.902012	282.073761
1.028666	324.895874
1.158255	222.110031
1.212317	208.107620
1.188362	222.833237
1.243706	188.291748
1.128837	260.145966
1.009946	299.036011
0.933964	280.082245
1.078507	308.271973
1.025607	325.767120
1.270838	191.566391
0.921210	257.088837
0.982239	304.889191
1.033975	318.110596
1.254336	199.098419
0.966537	303.338867
0.855813	241.348358
1.093596	321.056458
1.160014	241.046661
0.867230	252.853027
1.120598	277.827332
1.020776	303.649780
1.165132	222.382843
0.937646	273.123047
0.884485	256.180054
1.240689	190.647781
0.968251	292.294373
1.158049	238.883514
1.023497	324.088470
0.968135	286.863495
1.217146	203.862122
0.957563	286.378632
1.038291	349.235138
0.868227	259.633087
1.085495	308.121521
0.998688	308.192322
0.891667	252.631424
1.030448	349.585938
0.953704	280.786133
0.905176	286.796600
0.867518	247.202438
1.097982	297.451843
0.994397	308.324219
1.078452	326.483124
1.045670	332.762054
1.176607	218.213318
1.035839	332.038757
0.996923	278.409698
1.044611	334.910156
1.132398	263.329712
1.068285	308.952179
1.141019	259.190796
0.952633	293.306763
1.016549	364.795502
1.041044	346.790436
1.243505	192.376633
0.939225	279.457550
1.039220	343.104004
1.022458	336.829376
1.111109	293.262909
0.979450	284.043640
0.926790	299.001740
0.923529	264.924255
0.949360	289.205750
1.082120	296.177155
1.081496	317.657257
0.954687	277.882355
1.090517	301.328400
0.872327	250.217667
0.918826	266.671021
0.984914	284.237640
0.903666	259.600372
1.037636	317.272369
0.919755	278.420532
0.962222	281.775055
0.890560	267.611969
0.903746	281.610352
0.985488	295.417053
0.850182	234.425781
0.907768	274.015167
1.116042	281.611267
0.992809	299.540253
1.189109	209.260132
0.926903	276.007050
0.982701	280.195648
0.883550	256.286896
1.118737	258.049347
1.055779	329.439087
0.852834	247.335022
0.881481	258.876343
1.146473	226.282623
0.876397	264.819458
1.251612	189.393616
1.182798	230.445786
1.121157	269.347076
1.166127	241.728241
1.037072	336.165497
1.076698	315.329895
1.098593	307.339966
1.012591	327.034637
0.974076	283.949554
1.114839	255.651627
1.030484	320.513580
0.872244	248.676193
0.923729	279.901947
1.159190	239.213104
1.123224	290.825714
1.268396	192.865417
1.137154	266.201874
1.068278	330.943298
0.943328	300.660950
0.886157	273.387817
1.163587	229.526703
0.906123	275.351959
0.923891	291.573883
0.950932	299.522797
0.939947	262.837189
0.978070	294.846283
0.989437	304.704315
0.975912	270.425171
1.239156	183.459503
0.966463	273.859772
0.957698	271.843384
1.188181	228.809540
1.143505	253.832092
1.072351	318.049042
1.214710	210.875671
0.938846	256.672699
1.185531	219.666946
0.932958	263.964844
0.993341	299.582092
1.167105	220.708450
1.071483	317.302948
1.049766	312.823578
1.117987	256.363800
1.154458	229.144547
1.233978	205.769577
1.164052	231.111877
1.226787	202.588745
0.859170	243.226364
1.135258	253.991165
1.213300	207.512314
0.979731	280.188873
1.208374	216.967545
0.938923	254.609238
0.941478	278.779388
1.098625	274.366150
1.114468	257.214294
0.889366	272.141754
1.084250	294.678894
1.115716	280.545868
1.071229	330.170563
0.954671	268.072021
0.936410	265.101959
0.928950	270.716064
1.006058	280.657684
0.965315	299.554260
1.006715	322.661133
0.861564	253.854599
0.959412	269.500366
0.939436	297.377991
1.177292	226.368622
1.131394	265.724091
1.040634	313.535645
0.924326	280.534149
0.933326	282.532928
1.006344	320.133240
1.111757	258.867065
0.885105	248.260345
0.978529	307.952789
1.066805	333.291321
1.013363	322.914429
1.019667	348.681122
1.170269	229.521622
1.104956	290.468964
0.935254	283.872223
1.007093	307.265381
1.217726	210.952332
1.260051	188.042313
1.212597	211.854584
1.207004	203.816147
0.963983	293.569153
1.020143	326.229248
0.896403	272.919556
0.945833	290.154968
1.079266	301.328522
1.027069	306.726410
1.209719	195.799927
1.006581	337.578033
0.953937	296.830414
1.047415	297.871246
0.900343	255.107544
0.998152	299.993317
0.989748	288.011749
1.003415	293.853760
0.855162	249.083862
0.920164	281.785034
1.122509	288.940643
0.907791	265.084503
0.867783	254.758438
0.908376	266.159149
0.957281	280.816559
1.223809	208.821030
1.016606	326.464905
0.884292	260.600433
1.143019	244.962112
1.057048	335.104919
0.937520	283.372620
1.124238	244.112869
0.905955	291.757324
0.875218	251.454330
0.998772	289.851959
0.960308	314.426605
0.974276	270.975067
1.011599	294.409363
1.152259	254.493896
0.967993	286.859619
0.982201	277.306030
0.852330	250.669724
1.008454	324.259308
0.916425	259.337372
1.158998	214.339783
0.972581	270.967926
0.884083	256.652100
0.991913	285.199005
1.083418	315.146454
0.982475	295.067810
1.123678	274.917816
1.208919	203.463974
0.912103	276.566467
1.127080	266.212372
1.037216	307.574982
0.954895	282.655060
1.015208	324.145172
1.012622	292.742279
1.014228	301.555969
0.921481	271.867767
1.197937	213.915421
0.892807	254.359634
1.026391	309.547577
0.990684	300.197449
0.966650	276.984650
0.958657	275.494965
0.939967	269.130829
0.891996	248.894913
0.970135	294.374756
0.896750	265.267853
0.996942	305.552216
0.929432	281.658539
0.888202	261.500427
0.928612	299.428528
0.938161	287.192261
1.000263	296.364471
0.966070	291.664520
0.993969	302.332947
0.932642	290.658417
0.880564	266.212616
1.076611	301.159332
1.021392	355.517090
1.049455	348.240540
0.980179	272.917664
1.066650	356.131439
0.929972	266.404816
1.167227	225.252106
0.951942	264.911530
1.119565	273.780396
1.009661	334.860260
1.189227	213.671417
0.979858	302.245941
1.009089	309.071411
0.958642	280.196899
1.034128	342.467651
0.963346	295.965485
1.084777	305.586609
1.004186	329.346100
0.915407	299.676849
1.045205	344.119507
1.154638	247.526764
1.120052	279.959625
1.019892	350.938934
1.158625	242.411865
1.172306	214.897263
1.157004	234.259445
0.920135	281.903107
1.142589	251.829941
1.072333	317.053894
1.010486	290.047180
0.988488	273.542725
1.152187	244.833954
1.131850	247.958572
0.998758	311.545319
0.851595	248.560074
0.901269	270.118469
0.933650	276.783661
0.897395	254.393250
1.164459	232.430756
1.244045	185.227264
1.074897	296.449249
0.902542	268.958435
1.098033	284.078430
0.885043	264.182037
1.278192	189.396683
0.985008	296.691437
1.038966	344.099213
0.961601	277.068878
1.048615	330.350403
1.102426	294.144348
1.004045	324.649933
0.922903	292.956970
1.026656	327.345459
1.117576	263.550171
0.892302	275.445435
0.902995	273.736359
1.179143	227.914551
0.899218	250.837158
1.065332	332.919739
1.105149	301.893738
1.220546	208.239777
1.170453	230.548584
1.157514	237.365692
1.016502	320.326172
0.937228	288.397217
1.085230	293.096252
1.069309	307.819061
0.902913	265.575073
1.069061	321.179993
0.907722	280.966888
1.063380	356.769775
1.042533	331.037628
1.022130	355.461945
0.967607	291.989044
0.996864	283.503754
1.248092	199.267151
0.997968	309.346191
0.909634	275.781006
1.230398	189.747192
0.967026	294.138916
1.001204	309.667511
0.943953	263.029938
1.118336	273.768311
0.889092	271.725891
1.046261	322.092621
1.063383	330.424713
1.127744	276.067505
0.870892	240.010147
0.896222	251.670563
1.084070	298.276978
1.018500	354.127380
0.952731	277.238251
0.879294	263.453125
0.884390	258.559418
0.911644	271.320038
1.198504	197.079758
0.990314	297.866974
0.968869	295.317596
1.209571	203.331421
0.950195	279.555939
0.961835	294.792755
1.103625	288.602448
1.088785	324.720612
1.082395	323.001373
1.034294	304.199219
0.983191	295.851746
1.058863	325.344879
0.971995	288.829010
1.018426	317.500366
1.230669	201.410889
0.887614	264.127838
0.972189	294.655518
1.147529	261.255646
1.084207	283.274323
1.197460	218.375076
1.065936	317.446167
1.044219	334.058960
0.941323	270.654816
0.920360	270.826294
0.943630	266.353882
1.217644	201.285248
1.038675	307.782196
0.925287	264.048553
1.016960	305.525360
1.037431	307.028992
1.000274	322.073456
0.979931	273.688843
0.859454	253.153000
1.272612	177.091324
0.919366	286.458344
0.916328	260.821014
1.164864	234.813980
0.946607	309.543579
0.878094	248.961655
1.105090	298.019928
1.006127	301.754944
1.174524	229.520508
1.011020	317.807983
1.179805	227.582748
0.979479	283.211823
0.989389	266.051361
0.953495	297.052551
1.117312	266.778351
0.978202	282.174622
0.955893	263.764435
1.207057	191.221420
1.036520	350.295563
1.016531	315.910492
1.007475	303.758636
1.072330	338.807495
0.933539	264.458130
1.022200	331.040466
1.003527	320.326721
0.846192	242.868134
1.139165	254.782974
1.034179	335.458252
1.070145	350.620239
1.069253	323.547424
0.871832	262.334839
0.935162	270.822266
0.940175	273.428467
0.893294	274.957611
0.957480	292.270508
1.125344	264.715851
0.993409	305.050751
1.010658	322.615265
1.000723	295.791962
0.995331	294.412598
1.075797	313.209534
1.199190	193.596512
0.905719	259.120789
0.954823	271.241760
0.874943	249.048111
0.945762	257.092560
1.205349	207.659149
0.857770	244.475174
0.975272	293.500671
1.044979	342.688416
1.140731	263.840088
1.051682	351.360657
1.075200	293.003876
0.923744	273.372681
0.948878	284.569885
0.941585	274.968384
1.023204	326.440826
1.111972	287.999573
1.107770	306.782837
1.053778	329.832520
0.890993	256.721161
1.037344	337.260590
1.013803	328.141510
1.222387	197.255936
1.092740	291.370575
1.037904	335.024963
0.879667	261.242004
0.932858	274.324402
0.911276	257.736572
0.983724	269.977905
1.025367	327.244720
1.192177	223.812286
1.109600	276.316010
0.941141	263.859772
0.879104	259.387787
1.052571	318.965637
0.893298	263.273010
0.858688	244.085175
0.887616	253.669022
0.916341	253.029236
1.009313	321.052551
1.054980	350.479919
0.991023	297.257385
0.890951	266.599365
1.125872	278.512512
1.175823	233.255981
0.853708	243.174026
1.082300	330.558289
0.879653	257.360352
1.090042	295.851501
0.993961	323.375366
1.165590	232.594650
1.104891	283.848785
0.898929	266.717438
1.040571	318.835632
1.027079	341.477509
1.238034	196.202316
0.986485	317.150269
0.896728	278.689056
1.031224	358.584930
0.906362	258.261993
0.929525	281.966980
0.890813	277.435211
1.107557	291.123291
0.929821	290.796234
1.074511	326.395081
0.997027	293.936768
0.931466	299.854553
1.107576	281.871765
1.125241	281.609314
1.184500	210.777664
1.006312	305.377014
1.101290	289.734009
0.904079	277.727539
1.233090	191.272675
1.132427	276.662323
0.872540	259.300842
0.931075	279.595642
1.175943	223.062943
1.002819	323.327515
1.058675	341.617065
0.886768	253.911362
1.219121	204.039169
1.168686	236.567429
0.904761	269.552551
1.042539	327.390717
0.907583	278.751892
0.980579	288.638977
1.217660	210.586884
1.036025	324.869446
0.992146	297.663361
0.993951	279.198883
1.000587	292.134216
1.130516	263.811676
0.909741	285.013702
0.928986	289.242767
0.966890	275.809326
0.916982	264.288208
1.174253	227.769958
1.100082	265.769897
1.157597	226.859863
0.975684	300.910217
1.040411	330.396057
0.973180	286.105591
1.152601	253.605484
1.039639	335.733124
1.108070	264.429810
0.984364	281.976715
1.141382	255.691589
0.857035	246.175598
1.219939	205.817444
0.921062	287.136292
1.158762	230.410965
1.221687	192.317078
0.971566	295.898132
0.908361	285.503418
1.199750	214.892120
1.056629	324.347931
1.083566	294.322235
0.964093	287.214111
1.190672	206.272705
1.084580	320.361816
0.949742	295.362762
1.188848	210.352646
1.006939	310.021118
1.006541	306.408783
1.083231	296.735413
0.969113	266.533661
1.107579	277.225677
0.939325	296.056274
0.939872	281.221985
1.132931	241.732178
0.890162	262.944641
1.063229	329.606537
0.931598	273.792206
1.170698	225.160660
0.969034	304.124298
0.972627	313.281586
0.916799	287.705963
1.101814	287.239624
0.850474	251.974869
1.025442	306.889587
0.895430	273.016266
1.149327	237.402176
1.143588	259.688324
0.956200	281.811981
0.944284	294.045776
0.902368	276.236816
0.967390	273.316467
0.900744	259.822144
1.017163	307.468689
0.916162	290.100159
1.237265	192.044250
1.144032	252.195663
0.932315	283.649078
1.174280	208.166321
0.915996	265.242340
1.149914	241.647171
0.931515	278.378693
0.880308	249.844818
0.927679	288.190582
1.009508	292.176300
1.097726	277.779633
0.915012	263.840546
0.964844	291.689575
0.942348	291.495667
0.936774	266.255402
0.953430	271.121399
1.020327	327.239319
0.961684	277.915649
0.884884	278.039185
0.886301	269.204834
1.147418	242.897980
1.183931	227.972717
0.899792	256.051025
0.916983	279.781219
0.901502	258.415771
0.886053	262.545624
0.938538	265.694397
1.013880	341.197418
0.977159	304.224182
1.014738	306.427795
1.039815	320.204285
1.125988	258.261444
0.986324	286.543365
0.954261	286.582275
1.219437	202.767487
0.955447	285.100464
0.873502	258.378296
0.963210	297.743958
1.021480	332.542725
1.058693	331.752411
0.965033	269.566498
0.898833	280.653503
1.062541	312.513062
1.039527	337.410126
1.103753	283.606934
1.021658	345.705109
0.947098	269.984741
