224.11	0.000143116
224.11	0.000143254
224.11	0.0001433
224.11	0.000143213
224.11	0.000143084
224.11	0.000143049
224.11	0.000143142
224.11	0.00014326
224.11	0.000143279
224.11	0.000143184
224.11	0.000143079
224.11	0.000143073
224.11	0.000143163
224.11	0.000143254
224.11	0.000143252
224.11	0.000143163
224.11	0.000143084
224.11	0.000143097
224.11	0.000143183
224.11	0.000143251
244.279	0.000148894
244.279	0.000149034
244.279	0.000148767
244.279	0.000148421
244.279	0.000148394
244.279	0.000148701
244.279	0.000148975
244.279	0.0001489
244.279	0.000148582
244.279	0.000148398
244.279	0.000148551
244.279	0.000148847
244.279	0.000148939
244.279	0.000148731
244.279	0.000148477
244.279	0.000148473
244.279	0.000148709
244.279	0.000148902
244.279	0.000148833
244.279	0.000148597
264.449	0.000153418
264.449	0.000153161
264.449	0.000153101
264.449	0.000153304
264.449	0.000153502
264.449	0.000153441
264.449	0.000153215
264.449	0.000153114
264.449	0.000153258
264.449	0.000153454
264.449	0.000153454
264.449	0.000153266
264.449	0.000153142
264.449	0.000153228
264.449	0.000153405
264.449	0.000153446
264.449	0.000153305
264.449	0.00015317
264.449	0.00015321
264.449	0.000153364
284.619	0.00010182
284.619	1.09306e-06
284.619	6.79965e-08
284.619	2.33822e-08
284.619	4.09778e-08
284.619	3.395e-07
284.619	1.23197e-05
284.619	0.0010646
284.619	7.18186e-05
284.619	7.25805e-07
284.619	4.32305e-08
284.619	1.42697e-08
284.619	2.40536e-08
284.619	1.92057e-07
284.619	6.75022e-06
284.619	0.00071738
284.619	0.000111452
284.619	1.23399e-06
284.619	7.8624e-08
284.619	2.76563e-08
304.789	0.000160296
304.789	0.000160571
304.789	0.000160831
304.789	0.000160694
304.789	0.000160391
304.789	0.000160376
304.789	0.00016065
304.789	0.000160791
304.789	0.0001606
304.789	0.000160381
304.789	0.000160457
304.789	0.000160696
304.789	0.000160737
304.789	0.000160531
304.789	0.000160395
304.789	0.000160525
304.789	0.000160712
304.789	0.00016068
304.789	0.000160489
304.789	0.000160424
324.959	1.91995e-06
324.959	2.05808e-05
324.959	0.000684287
324.959	0.000121488
324.959	4.37109e-06
324.959	1.1031e-06
324.959	1.92208e-06
324.959	2.05826e-05
324.959	0.000683812
324.959	0.000121606
324.959	4.3806e-06
324.959	1.10661e-06
324.959	1.92991e-06
324.959	2.06808e-05
324.959	0.000685608
324.959	0.000121239
324.959	4.36859e-06
324.959	1.10416e-06
324.959	1.9267e-06
324.959	2.0658e-05
345.129	0.000166165
345.129	0.00016614
345.129	0.000165917
345.129	0.000165882
345.129	0.00016608
345.129	0.000166163
345.129	0.000165997
345.129	0.000165879
345.129	0.000166003
345.129	0.000166144
345.129	0.000166065
345.129	0.000165915
345.129	0.000165951
345.129	0.000166097
345.129	0.000166101
345.129	0.000165966
345.129	0.00016593
345.129	0.000166048
345.129	0.00016611
345.129	0.000166016
365.299	0.000168325
365.299	0.000168046
365.299	0.000168093
365.299	0.00016836
365.299	0.00016836
365.299	0.00016811
365.299	0.000168075
365.299	0.000168301
365.299	0.000168365
365.299	0.000168162
365.299	0.000168077
365.299	0.000168252
365.299	0.000168355
365.299	0.000168206
365.299	0.000168086
365.299	0.000168211
365.299	0.000168337
365.299	0.00016824
365.299	0.000168112
365.299	0.000168183
385.468	0.000170054
385.468	0.00017001
385.468	0.000170216
385.468	0.000170269
385.468	0.000170082
385.468	0.000170023
385.468	0.000170188
385.468	0.000170254
385.468	0.000170106
385.468	0.000170035
385.468	0.000170167
385.468	0.000170238
385.468	0.000170121
385.468	0.000170047
385.468	0.00017015
385.468	0.000170225
385.468	0.000170135
385.468	0.000170059
385.468	0.000170139
385.468	0.000170213
405.638	0.000171654
405.638	0.000171795
405.638	0.000171935
405.638	0.0001718
405.638	0.00017168
405.638	0.000171806
405.638	0.000171913
405.638	0.000171792
405.638	0.000171698
405.638	0.000171814
405.638	0.000171894
405.638	0.000171786
405.638	0.000171717
405.638	0.000171818
405.638	0.000171875
405.638	0.00017178
405.638	0.00017173
405.638	0.000171819
405.638	0.000171864
405.638	0.000171779
425.808	9.32311e-07
425.808	0.000877063
425.808	1.4603e-05
425.808	2.93363e-08
425.808	1.21668e-09
425.808	8.45262e-10
425.808	8.18914e-09
425.808	9.43079e-07
425.808	0.000885182
425.808	1.44681e-05
425.808	2.90596e-08
425.808	1.20506e-09
425.808	8.37086e-10
425.808	8.10904e-09
425.808	9.33764e-07
425.808	0.000878293
425.808	1.45808e-05
425.808	2.92856e-08
425.808	1.21435e-09
425.808	8.43492e-10
445.978	0.00017485
445.978	0.000174804
445.978	0.000174626
445.978	0.000174712
445.978	0.000174851
445.978	0.00017474
445.978	0.000174641
445.978	0.000174766
445.978	0.000174827
445.978	0.000174694
445.978	0.000174674
445.978	0.000174799
445.978	0.000174785
445.978	0.000174678
445.978	0.000174719
445.978	0.000174805
445.978	0.000174743
445.978	0.000174684
445.978	0.000174756
445.978	0.000174793
466.148	0.000175991
466.148	0.000175832
466.148	0.000175813
466.148	0.000175962
466.148	0.00017593
466.148	0.000175808
466.148	0.000175878
466.148	0.000175965
466.148	0.000175872
466.148	0.000175825
466.148	0.000175921
466.148	0.000175934
466.148	0.000175839
466.148	0.000175854
466.148	0.000175937
466.148	0.000175898
466.148	0.000175837
466.148	0.00017589
466.148	0.000175929
466.148	0.000175866
486.318	3.66527e-07
486.318	3.66793e-06
486.318	0.000495206
486.318	4.91875e-05
486.318	8.12136e-07
486.318	3.67703e-07
486.318	3.6803e-06
486.318	0.000496476
486.318	4.90721e-05
486.318	8.10285e-07
486.318	3.66923e-07
486.318	3.6731e-06
486.318	0.000495833
486.318	4.91254e-05
486.318	8.1099e-07
486.318	3.67159e-07
486.318	3.67466e-06
486.318	0.000495902
486.318	4.91249e-05
486.318	8.11157e-07
506.488	0.000177869
506.488	0.000177845
506.488	0.000178056
506.488	0.000177976
506.488	0.000177824
506.488	0.000177967
506.488	0.000178037
506.488	0.000177878
506.488	0.000177889
506.488	0.000178024
506.488	0.000177951
506.488	0.000177868
506.488	0.000177974
506.488	0.000177997
506.488	0.000177892
506.488	0.000177922
506.488	0.000178001
506.488	0.000177933
506.488	0.000177897
506.488	0.000177981
526.658	0.000178607
526.658	0.000178757
526.658	0.000178814
526.658	0.000178647
526.658	0.000178689
526.658	0.00017882
526.658	0.000178712
526.658	0.000178652
526.658	0.000178783
526.658	0.000178761
526.658	0.000178651
526.658	0.000178733
526.658	0.000178785
526.658	0.000178685
526.658	0.000178694
526.658	0.000178775
526.658	0.000178726
526.658	0.000178678
526.658	0.00017875
526.658	0.000178753
546.827	0.000179425
546.827	0.000179569
546.827	0.000179487
546.827	0.000179417
546.827	0.000179533
546.827	0.000179529
546.827	0.000179422
546.827	0.000179489
546.827	0.000179542
546.827	0.000179451
546.827	0.000179462
546.827	0.000179533
546.827	0.000179481
546.827	0.000179449
546.827	0.000179518
546.827	0.0001795
546.827	0.000179449
546.827	0.000179501
546.827	0.000179513
546.827	0.000179459
566.997	0.000527315
566.997	1.92821e-05
566.997	1.53985e-07
566.997	6.83466e-08
566.997	1.21501e-06
566.997	0.000526871
566.997	1.92976e-05
566.997	1.54106e-07
566.997	6.83968e-08
566.997	1.21584e-06
566.997	0.000527143
566.997	1.92893e-05
566.997	1.54059e-07
566.997	6.83846e-08
566.997	1.21577e-06
566.997	0.000527166
566.997	1.92875e-05
566.997	1.54034e-07
566.997	6.83692e-08
566.997	1.21542e-06
587.167	0.000180859
587.167	0.00018076
587.167	0.00018069
587.167	0.000180832
587.167	0.000180782
587.167	0.000180699
587.167	0.000180808
587.167	0.000180794
587.167	0.000180712
587.167	0.000180789
587.167	0.000180797
587.167	0.000180726
587.167	0.000180774
587.167	0.000180799
587.167	0.000180738
587.167	0.000180762
587.167	0.000180799
587.167	0.000180749
587.167	0.000180754
587.167	0.000180796
607.337	0.000387876
607.337	4.809e-05
607.337	1.92681e-06
607.337	4.74099e-06
607.337	0.000388334
607.337	4.80416e-05
607.337	1.92526e-06
607.337	4.73841e-06
607.337	0.000388262
607.337	4.80406e-05
607.337	1.92454e-06
607.337	4.7352e-06
607.337	0.000387994
607.337	4.80729e-05
607.337	1.92602e-06
607.337	4.73901e-06
607.337	0.000388219
607.337	4.80495e-05
607.337	1.92531e-06
607.337	4.73792e-06
627.507	0.000181717
627.507	0.000181654
627.507	0.000181766
627.507	0.000181716
627.507	0.000181663
627.507	0.000181757
627.507	0.000181713
627.507	0.00018167
627.507	0.000181749
627.507	0.000181712
627.507	0.000181677
627.507	0.000181742
627.507	0.000181713
627.507	0.000181682
627.507	0.000181735
627.507	0.000181713
627.507	0.000181687
627.507	0.000181729
627.507	0.000181712
627.507	0.000181692
647.677	0.000182145
647.677	0.00018219
647.677	0.000182274
647.677	0.00018215
647.677	0.000182199
647.677	0.00018226
647.677	0.000182156
647.677	0.000182205
647.677	0.000182248
647.677	0.000182163
647.677	0.00018221
647.677	0.000182238
647.677	0.000182168
647.677	0.000182213
647.677	0.000182232
647.677	0.000182174
647.677	0.000182214
647.677	0.000182227
647.677	0.000182181
647.677	0.000182214
667.847	0.000316714
667.847	0.000123818
667.847	4.94582e-05
667.847	0.000316742
667.847	0.000123803
667.847	4.94547e-05
667.847	0.000316757
667.847	0.000123793
667.847	4.94477e-05
667.847	0.000316754
667.847	0.000123791
667.847	4.9442e-05
667.847	0.000316742
667.847	0.000123792
667.847	4.94384e-05
667.847	0.000316728
667.847	0.000123798
667.847	4.94379e-05
667.847	0.000316716
667.847	0.000123802
688.016	0.000317734
688.016	0.000109711
688.016	3.71508e-05
688.016	0.000317719
688.016	0.000109709
688.016	3.71426e-05
688.016	0.000317675
688.016	0.000109724
688.016	3.71434e-05
688.016	0.000317657
688.016	0.000109735
688.016	3.71471e-05
688.016	0.000317655
688.016	0.00010974
688.016	3.71524e-05
688.016	0.000317678
688.016	0.000109737
688.016	3.71544e-05
688.016	0.000317699
688.016	0.000109731
708.186	0.000183152
708.186	0.00018315
708.186	0.000183073
708.186	0.000183163
708.186	0.000183126
708.186	0.000183089
708.186	0.000183162
708.186	0.00018311
708.186	0.000183107
708.186	0.000183153
708.186	0.000183102
708.186	0.000183122
708.186	0.000183141
708.186	0.000183102
708.186	0.000183133
708.186	0.000183128
708.186	0.000183105
708.186	0.000183137
708.186	0.000183116
708.186	0.000183114
728.356	0.000183433
728.356	0.000183373
728.356	0.000183347
728.356	0.000183431
728.356	0.000183356
728.356	0.000183369
728.356	0.000183417
728.356	0.000183351
728.356	0.000183386
728.356	0.000183401
728.356	0.000183353
728.356	0.000183395
728.356	0.000183387
728.356	0.000183362
728.356	0.000183399
728.356	0.000183376
728.356	0.000183371
728.356	0.000183396
728.356	0.00018337
728.356	0.00018338
748.526	0.000183689
748.526	0.000183577
748.526	0.000183624
748.526	0.000183661
748.526	0.000183578
748.526	0.000183649
748.526	0.000183631
748.526	0.000183592
748.526	0.000183658
748.526	0.000183611
748.526	0.000183614
748.526	0.00018365
748.526	0.000183606
748.526	0.00018363
748.526	0.000183637
748.526	0.000183607
748.526	0.00018364
748.526	0.000183626
748.526	0.000183612
748.526	0.00018364
768.696	0.000183981
768.696	0.000183911
768.696	0.00018401
768.696	0.000183944
768.696	0.000183945
768.696	0.000184
768.696	0.00018393
768.696	0.000183972
768.696	0.000183983
768.696	0.000183934
768.696	0.000183985
768.696	0.000183966
768.696	0.000183948
768.696	0.000183986
768.696	0.000183956
768.696	0.000183963
768.696	0.000183983
768.696	0.000183953
768.696	0.000183973
768.696	0.000183976
788.866	0.000183931
788.866	0.000183939
788.866	0.000183992
788.866	0.000183916
788.866	0.000183973
788.866	0.000183961
788.866	0.000183929
788.866	0.000183983
788.866	0.000183937
788.866	0.000183953
788.866	0.000183971
788.866	0.000183933
788.866	0.00018397
788.866	0.000183952
788.866	0.000183946
788.866	0.000183971
788.866	0.000183944
788.866	0.000183959
788.866	0.000183962
788.866	0.000183946
809.036	0.000183895
809.036	0.000183973
809.036	0.000183943
809.036	0.000183917
809.036	0.00018398
809.036	0.000183916
809.036	0.000183951
809.036	0.000183957
809.036	0.000183921
809.036	0.000183964
809.036	0.000183934
809.036	0.000183938
809.036	0.000183957
809.036	0.000183927
809.036	0.000183952
809.036	0.000183943
809.036	0.000183934
809.036	0.000183952
809.036	0.000183934
809.036	0.000183942
829.205	0.000183947
829.205	0.00018403
829.205	0.000183971
829.205	0.00018398
829.205	0.000184016
829.205	0.000183957
829.205	0.000184004
829.205	0.000183991
829.205	0.00018397
829.205	0.000184005
829.205	0.000183973
829.205	0.000183986
829.205	0.000183993
829.205	0.00018397
829.205	0.000183994
829.205	0.00018398
829.205	0.000183978
829.205	0.000183991
829.205	0.000183973
829.205	0.000183986
849.375	0.00018409
849.375	0.000184136
849.375	0.000184066
849.375	0.000184127
849.375	0.000184096
849.375	0.000184091
849.375	0.000184125
849.375	0.00018408
849.375	0.000184116
849.375	0.000184099
849.375	0.000184094
849.375	0.000184117
849.375	0.000184087
849.375	0.00018411
849.375	0.000184101
849.375	0.000184095
849.375	0.000184113
849.375	0.000184093
849.375	0.000184105
849.375	0.000184104
869.545	0.000184289
869.545	0.000184267
869.545	0.000184242
869.545	0.000184298
869.545	0.000184235
869.545	0.000184283
869.545	0.000184265
869.545	0.000184255
869.545	0.000184285
869.545	0.000184247
869.545	0.000184279
869.545	0.000184264
869.545	0.000184261
869.545	0.00018428
869.545	0.000184254
869.545	0.000184277
869.545	0.000184265
869.545	0.000184264
869.545	0.000184276
869.545	0.00018426
889.715	5.78525e-06
889.715	0.000276497
889.715	3.5e-05
889.715	5.79039e-06
889.715	0.000276702
889.715	3.49842e-05
889.715	5.79027e-06
889.715	0.00027679
889.715	3.4971e-05
889.715	5.78695e-06
889.715	0.000276653
889.715	3.49824e-05
889.715	5.7874e-06
889.715	0.000276613
889.715	3.49896e-05
889.715	5.78914e-06
889.715	0.000276683
889.715	3.49851e-05
889.715	5.78945e-06
889.715	0.000276733
909.885	4.96325e-06
909.885	0.000275307
909.885	3.0932e-05
909.885	4.96652e-06
909.885	0.000275433
909.885	3.09245e-05
909.885	4.96708e-06
909.885	0.000275522
909.885	3.09133e-05
909.885	4.96515e-06
909.885	0.000275453
909.885	3.09169e-05
909.885	4.96482e-06
909.885	0.0002754
909.885	3.09219e-05
909.885	4.96561e-06
909.885	0.000275428
909.885	3.09211e-05
909.885	4.96603e-06
909.885	0.000275464
930.055	4.28109e-06
930.055	0.000275924
930.055	2.72943e-05
930.055	4.28422e-06
930.055	0.000276054
930.055	2.72884e-05
930.055	4.28513e-06
930.055	0.000276181
930.055	2.72761e-05
930.055	4.28338e-06
930.055	0.00027611
930.055	2.72784e-05
930.055	4.28277e-06
930.055	0.000276038
930.055	2.72841e-05
930.055	4.28348e-06
930.055	0.000276055
930.055	2.72843e-05
930.055	4.28414e-06
930.055	0.000276116
950.225	3.72281e-06
950.225	0.000279421
950.225	2.40806e-05
950.225	3.72585e-06
950.225	0.000279551
950.225	2.4077e-05
950.225	3.72697e-06
950.225	0.000279704
950.225	2.40644e-05
950.225	3.72504e-06
950.225	0.000279605
950.225	2.40695e-05
950.225	3.72498e-06
950.225	0.000279554
950.225	2.40749e-05
950.225	3.72603e-06
950.225	0.00027962
950.225	2.40712e-05
950.225	3.72583e-06
950.225	0.000279631
970.395	0.000183979
970.395	0.00018404
970.395	0.000183996
970.395	0.000184017
970.395	0.000184018
970.395	0.000184
970.395	0.000184026
970.395	0.000183998
970.395	0.000184025
970.395	0.000184004
970.395	0.000184018
970.395	0.000184012
970.395	0.000184009
970.395	0.000184018
970.395	0.000184007
970.395	0.000184019
970.395	0.000184008
970.395	0.000184018
970.395	0.000184011
970.395	0.000184015
990.564	0.000183992
990.564	0.000184025
990.564	0.000183984
990.564	0.000184026
990.564	0.000183986
990.564	0.00018402
990.564	0.000183996
990.564	0.00018401
990.564	0.000184009
990.564	0.000183999
990.564	0.000184014
990.564	0.000183997
990.564	0.000184012
990.564	0.000184
990.564	0.000184011
990.564	0.000184001
990.564	0.00018401
990.564	0.000184004
990.564	0.000184008
990.564	0.000184006
1010.73	0.000183937
1010.73	0.000183917
1010.73	0.000183917
1010.73	0.000183934
1010.73	0.000183904
1010.73	0.00018394
1010.73	0.000183903
1010.73	0.000183936
1010.73	0.000183907
1010.73	0.00018393
1010.73	0.000183915
1010.73	0.000183922
1010.73	0.000183921
1010.73	0.000183917
1010.73	0.000183926
1010.73	0.000183912
1010.73	0.000183928
1010.73	0.000183913
1010.73	0.000183925
1010.73	0.000183916
1030.9	1.36356e-05
1030.9	2.19226e-06
1030.9	0.000316021
1030.9	1.36393e-05
1030.9	2.19201e-06
1030.9	0.000315902
1030.9	1.36439e-05
1030.9	2.19257e-06
1030.9	0.000315938
1030.9	1.36435e-05
1030.9	2.19294e-06
1030.9	0.000316022
1030.9	1.36401e-05
1030.9	2.19257e-06
1030.9	0.000316004
1030.9	1.36397e-05
1030.9	2.19236e-06
1030.9	0.000315968
1030.9	1.36403e-05
1030.9	2.19239e-06
1051.07	1.17012e-05
1051.07	1.94575e-06
1051.07	0.00033394
1051.07	1.17056e-05
1051.07	1.94587e-06
1051.07	0.000333874
1051.07	1.17083e-05
1051.07	1.94634e-06
1051.07	0.000333938
1051.07	1.17072e-05
1051.07	1.9465e-06
1051.07	0.000334001
1051.07	1.17053e-05
1051.07	1.94629e-06
1051.07	0.000333988
1051.07	1.1705e-05
1051.07	1.94607e-06
1051.07	0.000333941
1051.07	1.17062e-05
1051.07	1.94616e-06
1071.24	9.98118e-06
1071.24	1.72948e-06
1071.24	0.000354781
1071.24	9.98503e-06
1071.24	1.72963e-06
1071.24	0.000354725
1071.24	9.98728e-06
1071.24	1.73009e-06
1071.24	0.000354809
1071.24	9.98608e-06
1071.24	1.73019e-06
1071.24	0.000354871
1071.24	9.98449e-06
1071.24	1.72995e-06
1071.24	0.000354841
1071.24	9.98485e-06
1071.24	1.72986e-06
1071.24	0.000354809
1071.24	9.98568e-06
1071.24	1.72992e-06
1091.41	8.47818e-06
1091.41	1.53902e-06
1091.41	0.000378284
1091.41	8.48158e-06
1091.41	1.53933e-06
1091.41	0.00037828
1091.41	8.48254e-06
1091.41	1.53965e-06
1091.41	0.000378368
1091.41	8.48148e-06
1091.41	1.53966e-06
1091.41	0.000378405
1091.41	8.48071e-06
1091.41	1.53949e-06
1091.41	0.000378359
1091.41	8.48178e-06
1091.41	1.53963e-06
1091.41	0.000378379
1091.41	8.48174e-06
1091.41	1.53966e-06
1111.58	7.16928e-06
1111.58	1.36919e-06
1111.58	0.000403582
1111.58	7.1712e-06
1111.58	1.36929e-06
1111.58	0.000403543
1111.58	7.1722e-06
1111.58	1.36954e-06
1111.58	0.000403611
1111.58	7.17172e-06
1111.58	1.36966e-06
1111.58	0.000403677
1111.58	7.17038e-06
1111.58	1.3694e-06
1111.58	0.000403621
1111.58	7.17095e-06
1111.58	1.36938e-06
1111.58	0.00040359
1111.58	7.17152e-06
1111.58	1.3695e-06
1131.75	6.05119e-06
1131.75	1.21809e-06
1131.75	0.000430497
1131.75	6.05396e-06
1131.75	1.2184e-06
1131.75	0.000430513
1131.75	6.05444e-06
1131.75	1.21868e-06
1131.75	0.000430633
1131.75	6.05303e-06
1131.75	1.21853e-06
1131.75	0.000430625
1131.75	6.05286e-06
1131.75	1.21842e-06
1131.75	0.000430577
1131.75	6.0532e-06
1131.75	1.2184e-06
1131.75	0.000430548
1131.75	6.05358e-06
1131.75	1.21845e-06
1151.92	5.12193e-06
1151.92	1.0887e-06
1151.92	0.000461414
1151.92	5.12324e-06
1151.92	1.0888e-06
1151.92	0.000461366
1151.92	5.12379e-06
1151.92	1.08901e-06
1151.92	0.000461424
1151.92	5.12318e-06
1151.92	1.08897e-06
1151.92	0.000461413
1151.92	5.12295e-06
1151.92	1.0889e-06
1151.92	0.000461377
1151.92	5.12304e-06
1151.92	1.08892e-06
1151.92	0.000461391
1151.92	5.12251e-06
1151.92	1.08883e-06
1172.09	4.36433e-06
1172.09	9.79968e-07
1172.09	0.000497227
1172.09	4.36514e-06
1172.09	9.80035e-07
1172.09	0.00049721
1172.09	4.36552e-06
1172.09	9.80188e-07
1172.09	0.000497291
1172.09	4.36507e-06
1172.09	9.80173e-07
1172.09	0.000497314
1172.09	4.36474e-06
1172.09	9.80068e-07
1172.09	0.000497269
1172.09	4.36492e-06
1172.09	9.80054e-07
1172.09	0.000497244
1172.09	4.36513e-06
1172.09	9.80087e-07
1192.26	3.68692e-06
1192.26	8.76607e-07
1192.26	0.000532477
1192.26	3.6879e-06
1192.26	8.76661e-07
1192.26	0.000532429
1192.26	3.68841e-06
1192.26	8.76832e-07
1192.26	0.00053253
1192.26	3.68788e-06
1192.26	8.76765e-07
1192.26	0.000532527
1192.26	3.68774e-06
1192.26	8.76687e-07
1192.26	0.000532469
1192.26	3.68814e-06
1192.26	8.76777e-07
1192.26	0.00053251
1192.26	3.68795e-06
1192.26	8.76765e-07
1212.43	3.11671e-06
1212.43	7.86706e-07
1212.43	0.00057178
1212.43	3.11734e-06
1212.43	7.86703e-07
1212.43	0.0005717
1212.43	3.11779e-06
1212.43	7.86811e-07
1212.43	0.000571754
1212.43	3.11768e-06
1212.43	7.86844e-07
1212.43	0.000571803
1212.43	3.11746e-06
1212.43	7.86827e-07
1212.43	0.000571811
1212.43	3.11738e-06
1212.43	7.86798e-07
1212.43	0.000571793
1212.43	3.11741e-06
1212.43	7.86786e-07
1232.6	2.6343e-06
1232.6	7.08995e-07
1232.6	0.000617031
1232.6	2.63485e-06
1232.6	7.09036e-07
1232.6	0.000616998
1232.6	2.63501e-06
1232.6	7.09095e-07
1232.6	0.000617047
1232.6	2.63493e-06
1232.6	7.0914e-07
1232.6	0.000617118
1232.6	2.63457e-06
1232.6	7.09047e-07
1232.6	0.000617064
1232.6	2.63464e-06
1232.6	7.09032e-07
1232.6	0.000617035
1232.6	2.63474e-06
1232.6	7.09066e-07
1252.77	2.22832e-06
1252.77	6.44209e-07
1252.77	0.000672284
1252.77	2.22822e-06
1252.77	6.44112e-07
1252.77	0.000672163
1252.77	2.22838e-06
1252.77	6.44096e-07
1252.77	0.000672105
1252.77	2.22854e-06
1252.77	6.44143e-07
1252.77	0.000672134
1252.77	2.22844e-06
1252.77	6.4413e-07
1252.77	0.000672134
1252.77	2.22839e-06
1252.77	6.44112e-07
1252.77	0.000672113
1252.77	2.22837e-06
1252.77	6.44082e-07
1272.94	1.88302e-06
1272.94	5.91928e-07
1272.94	0.000742468
1272.94	1.88268e-06
1272.94	5.91821e-07
1272.94	0.000742379
1272.94	1.88274e-06
1272.94	5.9178e-07
1272.94	0.000742291
1272.94	1.88295e-06
1272.94	5.91833e-07
1272.94	0.000742327
1272.94	1.88289e-06
1272.94	5.91828e-07
1272.94	0.000742333
1272.94	1.88287e-06
1272.94	5.9182e-07
1272.94	0.000742325
1272.94	1.88287e-06
1272.94	5.91812e-07
1293.11	7.89118e-05
1293.11	0.000196942
1293.11	7.89216e-05
1293.11	0.000196941
1293.11	7.89289e-05
1293.11	0.000196953
1293.11	7.89298e-05
1293.11	0.000196969
1293.11	7.89248e-05
1293.11	0.00019697
1293.11	7.89222e-05
1293.11	0.000196965
1293.11	7.89235e-05
1293.11	0.000196963
1293.11	7.89255e-05
1293.11	0.000196964
1293.11	7.89268e-05
1293.11	0.000196967
1293.11	7.89269e-05
1293.11	0.00019697
1313.28	7.32586e-05
1313.28	0.000194104
1313.28	7.32692e-05
1313.28	0.000194116
1313.28	7.32706e-05
1313.28	0.000194135
1313.28	7.32666e-05
1313.28	0.000194141
1313.28	7.32625e-05
1313.28	0.000194136
1313.28	7.3261e-05
1313.28	0.000194128
1313.28	7.32626e-05
1313.28	0.000194126
1313.28	7.32637e-05
1313.28	0.000194126
1313.28	7.32644e-05
1313.28	0.000194129
1313.28	7.3264e-05
1313.28	0.000194132
1333.45	0.00019187
1333.45	6.82905e-05
1333.45	0.000191865
1333.45	6.82923e-05
1333.45	0.000191865
1333.45	6.82937e-05
1333.45	0.000191869
1333.45	6.82937e-05
1333.45	0.000191872
1333.45	6.82927e-05
1333.45	0.000191871
1333.45	6.82927e-05
1333.45	0.000191871
1333.45	6.82929e-05
1333.45	0.000191871
1333.45	6.82929e-05
1333.45	0.000191871
1333.45	6.82933e-05
1333.45	0.00019187
1333.45	6.82941e-05
1353.62	6.35095e-05
1353.62	0.00018904
1353.62	6.3514e-05
1353.62	0.000189063
1353.62	6.35101e-05
1353.62	0.000189071
1353.62	6.35059e-05
1353.62	0.000189065
1353.62	6.3505e-05
1353.62	0.000189056
1353.62	6.35063e-05
1353.62	0.000189052
1353.62	6.35085e-05
1353.62	0.000189055
1353.62	6.35085e-05
1353.62	0.000189057
1353.62	6.35082e-05
1353.62	0.000189058
1353.62	6.35081e-05
1353.62	0.000189059
1373.79	5.91588e-05
1373.79	0.000186528
1373.79	5.91622e-05
1373.79	0.000186547
1373.79	5.91583e-05
1373.79	0.000186555
1373.79	5.91542e-05
1373.79	0.00018655
1373.79	5.9152e-05
1373.79	0.000186539
1373.79	5.91528e-05
1373.79	0.000186532
1373.79	5.91549e-05
1373.79	0.000186533
1373.79	5.91546e-05
1373.79	0.000186536
1373.79	5.91534e-05
1373.79	0.000186534
1373.79	5.91529e-05
1373.79	0.000186533
1393.96	5.52348e-05
1393.96	0.000184445
1393.96	5.524e-05
1393.96	0.000184466
1393.96	5.5239e-05
1393.96	0.00018448
1393.96	5.5235e-05
1393.96	0.000184478
1393.96	5.52333e-05
1393.96	0.00018447
1393.96	5.52341e-05
1393.96	0.000184464
1393.96	5.52356e-05
1393.96	0.000184466
1393.96	5.52362e-05
1393.96	0.000184468
1393.96	5.52364e-05
1393.96	0.000184471
1393.96	5.52362e-05
1393.96	0.000184472
1414.13	5.15332e-05
1414.13	0.00018234
1414.13	5.15359e-05
1414.13	0.000182359
1414.13	5.15334e-05
1414.13	0.000182368
1414.13	5.15294e-05
1414.13	0.00018236
1414.13	5.1529e-05
1414.13	0.000182352
1414.13	5.15304e-05
1414.13	0.000182349
1414.13	5.15314e-05
1414.13	0.000182354
1414.13	5.15305e-05
1414.13	0.000182357
1414.13	5.15286e-05
1414.13	0.000182352
1414.13	5.15289e-05
1414.13	0.00018235
1434.3	0.000180366
1434.3	4.80736e-05
1434.3	0.00018037
1434.3	4.8073e-05
1434.3	0.000180373
1434.3	4.80722e-05
1434.3	0.000180373
1434.3	4.80716e-05
1434.3	0.000180371
1434.3	4.80714e-05
1434.3	0.00018037
1434.3	4.8071e-05
1434.3	0.000180368
1434.3	4.80709e-05
1434.3	0.000180367
1434.3	4.80708e-05
1434.3	0.000180365
1434.3	4.80708e-05
1434.3	0.000180364
1434.3	4.80706e-05
1454.47	0.000178795
1454.47	4.4904e-05
1454.47	0.000178799
1454.47	4.49041e-05
1454.47	0.000178805
1454.47	4.49031e-05
1454.47	0.000178805
1454.47	4.49025e-05
1454.47	0.000178801
1454.47	4.49026e-05
1454.47	0.000178799
1454.47	4.4903e-05
1454.47	0.000178799
1454.47	4.49031e-05
1454.47	0.000178801
1454.47	4.49027e-05
1454.47	0.000178801
1454.47	4.49025e-05
1454.47	0.0001788
1454.47	4.49024e-05
1474.64	0.000177574
1474.64	4.19726e-05
1474.64	0.00017758
1474.64	4.1973e-05
1474.64	0.000177587
1474.64	4.19723e-05
1474.64	0.00017759
1474.64	4.19715e-05
1474.64	0.000177587
1474.64	4.1972e-05
1474.64	0.000177585
1474.64	4.19727e-05
1474.64	0.000177587
1474.64	4.19731e-05
1474.64	0.000177589
1474.64	4.19729e-05
1474.64	0.000177587
1474.64	4.19736e-05
1474.64	0.000177589
1474.64	4.19736e-05
1494.81	0.00017646
1494.81	3.91788e-05
1494.81	0.000176474
1494.81	3.91764e-05
1494.81	0.000176477
1494.81	3.91746e-05
1494.81	0.000176466
1494.81	3.91763e-05
1494.81	0.000176467
1494.81	3.91771e-05
1494.81	0.000176473
1494.81	3.91751e-05
1494.81	0.000176468
1494.81	3.91759e-05
1494.81	0.000176469
1494.81	3.91758e-05
1494.81	0.00017647
1494.81	3.91752e-05
1494.81	0.000176467
1494.81	3.91755e-05
1514.98	0.000175692
1514.98	3.65644e-05
1514.98	0.0001757
1514.98	3.65647e-05
1514.98	0.000175709
1514.98	3.65637e-05
1514.98	0.000175713
1514.98	3.65624e-05
1514.98	0.000175708
1514.98	3.65631e-05
1514.98	0.000175707
1514.98	3.65632e-05
1514.98	0.000175705
1514.98	3.65635e-05
1514.98	0.000175705
1514.98	3.65636e-05
1514.98	0.000175705
1514.98	3.65637e-05
1514.98	0.000175705
1514.98	3.65637e-05
1535.15	0.00017527
1535.15	3.411e-05
1535.15	0.000175266
1535.15	3.41112e-05
1535.15	0.000175268
1535.15	3.41112e-05
1535.15	0.000175269
1535.15	3.41111e-05
1535.15	0.00017527
1535.15	3.41109e-05
1535.15	0.00017527
1535.15	3.41106e-05
1535.15	0.000175268
1535.15	3.41106e-05
1535.15	0.000175267
1535.15	3.41107e-05
1535.15	0.000175267
1535.15	3.41105e-05
1535.15	0.000175267
1535.15	3.41103e-05
1555.32	0.000175516
1555.32	3.18569e-05
1555.32	0.000175516
1555.32	3.18579e-05
1555.32	0.000175525
1555.32	3.18573e-05
1555.32	0.000175528
1555.32	3.18568e-05
1555.32	0.000175528
1555.32	3.18568e-05
1555.32	0.000175527
1555.32	3.1857e-05
1555.32	0.000175526
1555.32	3.18571e-05
1555.32	0.000175527
1555.32	3.18571e-05
1555.32	0.000175527
1555.32	3.18571e-05
1555.32	0.000175526
1555.32	3.1857e-05
1575.49	0.000176034
1575.49	2.96974e-05
1575.49	0.000176031
1575.49	2.96983e-05
1575.49	0.000176035
1575.49	2.96982e-05
1575.49	0.000176038
1575.49	2.96981e-05
1575.49	0.00017604
1575.49	2.96977e-05
1575.49	0.000176039
1575.49	2.96977e-05
1575.49	0.000176039
1575.49	2.96978e-05
1575.49	0.000176039
1575.49	2.96979e-05
1575.49	0.000176039
1575.49	2.96978e-05
1575.49	0.000176039
1575.49	2.96978e-05
1595.66	0.000177255
1595.66	2.7693e-05
1595.66	0.000177264
1595.66	2.76932e-05
1595.66	0.000177272
1595.66	2.76926e-05
1595.66	0.000177274
1595.66	2.76925e-05
1595.66	0.000177274
1595.66	2.76924e-05
1595.66	0.000177273
1595.66	2.76929e-05
1595.66	0.000177271
1595.66	2.76936e-05
1595.66	0.000177276
1595.66	2.76935e-05
1595.66	0.000177277
1595.66	2.76936e-05
1595.66	0.000177278
1595.66	2.76938e-05
1615.83	2.57286e-05
1615.83	0.000178669
1615.83	2.57308e-05
1615.83	0.000178674
1615.83	2.57313e-05
1615.83	0.000178686
1615.83	2.573e-05
1615.83	0.000178685
1615.83	2.57293e-05
1615.83	0.000178678
1615.83	2.57298e-05
1615.83	0.000178677
1615.83	2.57301e-05
1615.83	0.000178682
1615.83	2.57295e-05
1615.83	0.000178681
1615.83	2.57292e-05
1615.83	0.00017868
1615.83	2.57289e-05
1615.83	0.000178677
1636	2.39801e-05
1636	0.000181446
1636	2.3982e-05
1636	0.000181455
1636	2.39824e-05
1636	0.00018147
1636	2.39813e-05
1636	0.000181477
1636	2.39801e-05
1636	0.000181471
1636	2.39802e-05
1636	0.000181463
1636	2.39815e-05
1636	0.000181469
1636	2.39814e-05
1636	0.000181474
1636	2.39808e-05
1636	0.000181472
1636	2.39807e-05
1636	0.000181466
1656.17	2.2284e-05
1656.17	0.000184706
1656.17	2.22864e-05
1656.17	0.00018471
1656.17	2.2287e-05
1656.17	0.000184722
1656.17	2.22865e-05
1656.17	0.000184729
1656.17	2.22857e-05
1656.17	0.000184727
1656.17	2.22854e-05
1656.17	0.000184721
1656.17	2.22857e-05
1656.17	0.000184717
1656.17	2.22861e-05
1656.17	0.000184719
1656.17	2.22862e-05
1656.17	0.000184722
1656.17	2.22861e-05
1656.17	0.000184723
1676.34	2.07009e-05
1676.34	0.000188935
1676.34	2.07028e-05
1676.34	0.00018894
1676.34	2.07036e-05
1676.34	0.000188954
1676.34	2.07036e-05
1676.34	0.000188966
1676.34	2.07027e-05
1676.34	0.000188968
1676.34	2.07022e-05
1676.34	0.00018896
1676.34	2.07029e-05
1676.34	0.000188958
1676.34	2.07036e-05
1676.34	0.000188963
1676.34	2.07035e-05
1676.34	0.000188965
1676.34	2.07034e-05
1676.34	0.000188964
1696.51	1.91667e-05
1696.51	0.000193739
1696.51	1.91686e-05
1696.51	0.000193742
1696.51	1.9169e-05
1696.51	0.000193751
1696.51	1.91685e-05
1696.51	0.000193753
1696.51	1.91681e-05
1696.51	0.00019375
1696.51	1.9168e-05
1696.51	0.000193745
1696.51	1.91683e-05
1696.51	0.000193745
1696.51	1.91684e-05
1696.51	0.000193746
1696.51	1.91682e-05
1696.51	0.000193746
1696.51	1.91681e-05
1696.51	0.000193744
1716.68	1.77742e-05
1716.68	0.00019995
1716.68	1.77754e-05
1716.68	0.000199947
1716.68	1.77762e-05
1716.68	0.000199956
1716.68	1.7776e-05
1716.68	0.000199961
1716.68	1.77759e-05
1716.68	0.000199966
1716.68	1.77758e-05
1716.68	0.00019997
1716.68	1.77756e-05
1716.68	0.000199971
1716.68	1.77754e-05
1716.68	0.000199969
1716.68	1.77755e-05
1716.68	0.000199968
1716.68	1.77757e-05
1716.68	0.000199968
1736.85	0.00020696
1736.85	1.64499e-05
1736.85	0.000206951
1736.85	1.64506e-05
1736.85	0.000206954
1736.85	1.64509e-05
1736.85	0.000206961
1736.85	1.64506e-05
1736.85	0.000206962
1736.85	1.64505e-05
1736.85	0.000206961
1736.85	1.64505e-05
1736.85	0.000206961
1736.85	1.64505e-05
1736.85	0.000206961
1736.85	1.64506e-05
1736.85	0.000206962
1736.85	1.64506e-05
1736.85	0.000206963
1736.85	1.64506e-05
1757.02	0.000214957
1757.02	1.52125e-05
1757.02	0.000214958
1757.02	1.52128e-05
1757.02	0.000214964
1757.02	1.52127e-05
1757.02	0.000214969
1757.02	1.52125e-05
1757.02	0.000214971
1757.02	1.52124e-05
1757.02	0.00021497
1757.02	1.52124e-05
1757.02	0.000214968
1757.02	1.52125e-05
1757.02	0.000214968
1757.02	1.52125e-05
1757.02	0.000214967
1757.02	1.52126e-05
1757.02	0.000214968
1757.02	1.52126e-05
1777.19	0.00022317
1777.19	1.40171e-05
1777.19	0.000223166
1777.19	1.40174e-05
1777.19	0.000223166
1777.19	1.40174e-05
1777.19	0.000223171
1777.19	1.4017e-05
1777.19	0.000223169
1777.19	1.40168e-05
1777.19	0.000223164
1777.19	1.40167e-05
1777.19	0.000223163
1777.19	1.40167e-05
1777.19	0.000223156
1777.19	1.40169e-05
1777.19	0.000223156
1777.19	1.40168e-05
1777.19	0.000223156
1777.19	1.40165e-05
1797.36	0.000233458
1797.36	1.29924e-05
1797.36	0.000233453
1797.36	1.29928e-05
1797.36	0.000233457
1797.36	1.29929e-05
1797.36	0.000233463
1797.36	1.2993e-05
1797.36	0.00023347
1797.36	1.29928e-05
1797.36	0.00023347
1797.36	1.29928e-05
1797.36	0.000233471
1797.36	1.29929e-05
1797.36	0.000233471
1797.36	1.2993e-05
1797.36	0.000233475
1797.36	1.29931e-05
1797.36	0.00023348
1797.36	1.29929e-05
1817.53	0.00024337
1817.53	1.198e-05
1817.53	0.000243368
1817.53	1.19805e-05
1817.53	0.000243379
1817.53	1.19806e-05
1817.53	0.000243391
1817.53	1.19802e-05
1817.53	0.000243391
1817.53	1.19801e-05
1817.53	0.000243389
1817.53	1.19801e-05
1817.53	0.000243386
1817.53	1.19802e-05
1817.53	0.000243384
1817.53	1.19804e-05
1817.53	0.000243386
1817.53	1.19805e-05
1817.53	0.000243388
1817.53	1.19804e-05
1837.7	0.000253876
1837.7	1.10527e-05
1837.7	0.000253889
1837.7	1.10525e-05
1837.7	0.000253893
1837.7	1.10522e-05
1837.7	0.000253888
1837.7	1.10523e-05
1837.7	0.000253887
1837.7	1.10524e-05
1837.7	0.00025389
1837.7	1.10523e-05
1837.7	0.000253887
1837.7	1.10525e-05
1837.7	0.000253891
1837.7	1.10523e-05
1837.7	0.000253887
1837.7	1.10525e-05
1837.7	0.000253889
1837.7	1.10525e-05
1857.87	0.000264889
1857.87	1.01942e-05
1857.87	0.000264894
1857.87	1.01943e-05
1857.87	0.000264899
1857.87	1.01941e-05
1857.87	0.0002649
1857.87	1.0194e-05
1857.87	0.000264897
1857.87	1.01939e-05
1857.87	0.000264894
1857.87	1.01939e-05
1857.87	0.000264895
1857.87	1.01939e-05
1857.87	0.000264893
1857.87	1.0194e-05
1857.87	0.00026489
1857.87	1.01942e-05
1857.87	0.000264897
1857.87	1.01939e-05
1878.04	0.00017029
1878.04	0.000170275
1878.04	0.000170288
1878.04	0.000170276
1878.04	0.000170287
1878.04	0.000170276
1878.04	0.000170288
1878.04	0.000170276
1878.04	0.000170286
1878.04	0.000170276
1878.04	0.000170287
1878.04	0.000170276
1878.04	0.000170287
1878.04	0.000170276
1878.04	0.000170287
1878.04	0.000170276
1878.04	0.000170287
1878.04	0.000170276
1878.04	0.000170286
1878.04	0.000170276
1898.21	0.000169902
1898.21	0.000169898
1898.21	0.000169902
1898.21	0.000169899
1898.21	0.000169903
1898.21	0.000169899
1898.21	0.000169903
1898.21	0.0001699
1898.21	0.000169904
1898.21	0.000169901
1898.21	0.000169904
1898.21	0.000169902
1898.21	0.000169904
1898.21	0.000169902
1898.21	0.000169905
1898.21	0.000169903
1898.21	0.000169905
1898.21	0.000169904
1898.21	0.000169906
1898.21	0.000169904
1918.38	0.000169386
1918.38	0.000169395
1918.38	0.000169387
1918.38	0.000169395
1918.38	0.000169388
1918.38	0.000169396
1918.38	0.000169388
1918.38	0.000169397
1918.38	0.000169388
1918.38	0.000169398
1918.38	0.000169389
1918.38	0.000169399
1918.38	0.000169389
1918.38	0.0001694
1918.38	0.00016939
1918.38	0.000169401
1918.38	0.000169391
1918.38	0.000169402
1918.38	0.000169392
1918.38	0.000169401
1938.55	7.44678e-06
1938.55	0.00031459
1938.55	7.44669e-06
1938.55	0.000314606
1938.55	7.44638e-06
1938.55	0.000314605
1938.55	7.44611e-06
1938.55	0.000314594
1938.55	7.44611e-06
1938.55	0.00031459
1938.55	7.44612e-06
1938.55	0.000314592
1938.55	7.44595e-06
1938.55	0.000314583
1938.55	7.44591e-06
1938.55	0.000314576
1938.55	7.4459e-06
1938.55	0.000314577
1938.55	7.44573e-06
1938.55	0.000314574
1958.72	6.90045e-06
1958.72	0.000328603
1958.72	6.9006e-06
1958.72	0.000328615
1958.72	6.90047e-06
1958.72	0.00032862
1958.72	6.90034e-06
1958.72	0.000328616
1958.72	6.90025e-06
1958.72	0.000328609
1958.72	6.90028e-06
1958.72	0.000328605
1958.72	6.90027e-06
1958.72	0.000328601
1958.72	6.90036e-06
1958.72	0.000328602
1958.72	6.90036e-06
1958.72	0.000328604
1958.72	6.90029e-06
1958.72	0.000328602
1978.89	0.000167898
1978.89	0.000167896
1978.89	0.000167901
1978.89	0.000167897
1978.89	0.000167899
1978.89	0.000167898
1978.89	0.000167897
1978.89	0.000167899
1978.89	0.000167897
1978.89	0.000167897
1978.89	0.000167898
1978.89	0.000167897
1978.89	0.000167897
1978.89	0.000167898
1978.89	0.000167897
1978.89	0.000167897
1978.89	0.000167897
1978.89	0.000167896
1978.89	0.000167896
1978.89	0.000167897
1999.06	0.000167415
1999.06	0.000167411
1999.06	0.000167414
1999.06	0.000167413
1999.06	0.000167412
1999.06	0.000167413
1999.06	0.000167412
1999.06	0.000167412
1999.06	0.000167413
1999.06	0.000167412
1999.06	0.000167413
1999.06	0.000167412
1999.06	0.000167412
1999.06	0.000167413
1999.06	0.000167412
1999.06	0.000167413
1999.06	0.000167412
1999.06	0.000167413
1999.06	0.000167412
1999.06	0.000167412
2019.23	5.50197e-06
2019.23	0.000374819
2019.23	5.50191e-06
2019.23	0.00037482
2019.23	5.5019e-06
2019.23	0.00037482
2019.23	5.50186e-06
2019.23	0.000374818
2019.23	5.50179e-06
2019.23	0.000374814
2019.23	5.50176e-06
2019.23	0.000374806
2019.23	5.50184e-06
2019.23	0.000374812
2019.23	5.50172e-06
2019.23	0.000374805
2019.23	5.50177e-06
2019.23	0.000374812
2019.23	5.50167e-06
2019.23	0.000374812
2039.4	5.12405e-06
2039.4	0.000393492
2039.4	5.12415e-06
2039.4	0.000393495
2039.4	5.12418e-06
2039.4	0.000393504
2039.4	5.12411e-06
2039.4	0.000393506
2039.4	5.124e-06
2039.4	0.0003935
2039.4	5.12398e-06
2039.4	0.000393494
2039.4	5.124e-06
2039.4	0.000393496
2039.4	5.12398e-06
2039.4	0.000393496
2039.4	5.12392e-06
2039.4	0.000393494
2039.4	5.12388e-06
2039.4	0.00039349
2059.57	4.77914e-06
2059.57	0.000413994
2059.57	4.77943e-06
2059.57	0.000414015
2059.57	4.77943e-06
2059.57	0.000414034
2059.57	4.77932e-06
2059.57	0.000414029
2059.57	4.77935e-06
2059.57	0.00041402
2059.57	4.77945e-06
2059.57	0.000414014
2059.57	4.77967e-06
2059.57	0.000414033
2059.57	4.77967e-06
2059.57	0.000414042
2059.57	4.7796e-06
2059.57	0.000414035
2059.57	4.7797e-06
2059.57	0.000414041
2079.74	4.45424e-06
2079.74	0.00043609
2079.74	4.45441e-06
2079.74	0.000436104
2079.74	4.45444e-06
2079.74	0.000436118
2079.74	4.45445e-06
2079.74	0.000436121
2079.74	4.45452e-06
2079.74	0.000436131
2079.74	4.45444e-06
2079.74	0.000436121
2079.74	4.45457e-06
2079.74	0.000436125
2079.74	4.45462e-06
2079.74	0.000436131
2079.74	4.45464e-06
2079.74	0.00043613
2079.74	4.45472e-06
2079.74	0.000436137
2099.91	0.0001649
2099.91	0.000164894
2099.91	0.000164898
2099.91	0.000164897
2099.91	0.000164896
2099.91	0.000164897
2099.91	0.000164898
2099.91	0.000164896
2099.91	0.000164897
2099.91	0.000164898
2099.91	0.000164897
2099.91	0.000164897
2099.91	0.000164898
2099.91	0.000164897
2099.91	0.000164898
2099.91	0.000164897
2099.91	0.000164898
2099.91	0.000164898
2099.91	0.000164898
2099.91	0.000164898
2120.08	0.000164392
2120.08	0.000164394
2120.08	0.000164391
2120.08	0.000164394
2120.08	0.000164394
2120.08	0.000164394
2120.08	0.000164394
2120.08	0.000164395
2120.08	0.000164396
2120.08	0.000164395
2120.08	0.000164397
2120.08	0.000164397
2120.08	0.000164397
2120.08	0.000164398
2120.08	0.000164397
2120.08	0.0001644
2120.08	0.000164397
2120.08	0.0001644
2120.08	0.000164398
2120.08	0.0001644
2140.25	0.00016391
2140.25	0.000163909
2140.25	0.000163908
2140.25	0.00016391
2140.25	0.000163908
2140.25	0.00016391
2140.25	0.000163909
2140.25	0.00016391
2140.25	0.00016391
2140.25	0.00016391
2140.25	0.00016391
2140.25	0.00016391
2140.25	0.00016391
2140.25	0.00016391
2140.25	0.000163911
2140.25	0.00016391
2140.25	0.00016391
2140.25	0.000163911
2140.25	0.000163911
2140.25	0.000163911
2160.42	0.000163278
2160.42	0.000163271
2160.42	0.000163277
2160.42	0.000163271
2160.42	0.000163276
2160.42	0.000163271
2160.42	0.000163277
2160.42	0.000163271
2160.42	0.000163277
2160.42	0.00016327
2160.42	0.000163277
2160.42	0.000163271
2160.42	0.000163276
2160.42	0.000163271
2160.42	0.000163276
2160.42	0.00016327
2160.42	0.000163276
2160.42	0.00016327
2160.42	0.000163276
2160.42	0.00016327
2180.59	0.000162669
2180.59	0.000162669
2180.59	0.000162669
2180.59	0.000162668
2180.59	0.000162669
2180.59	0.000162667
2180.59	0.000162669
2180.59	0.000162666
2180.59	0.000162668
2180.59	0.000162666
2180.59	0.000162668
2180.59	0.000162666
2180.59	0.000162667
2180.59	0.000162666
2180.59	0.000162666
2180.59	0.000162666
2180.59	0.000162666
2180.59	0.000162665
2180.59	0.000162666
2180.59	0.000162665
2200.76	0.00016211
2200.76	0.000162111
2200.76	0.000162108
2200.76	0.000162111
2200.76	0.000162108
2200.76	0.000162112
2200.76	0.000162108
2200.76	0.000162111
2200.76	0.000162109
2200.76	0.00016211
2200.76	0.00016211
2200.76	0.000162109
2200.76	0.000162111
2200.76	0.000162109
2200.76	0.000162111
2200.76	0.00016211
2200.76	0.00016211
2200.76	0.00016211
2200.76	0.00016211
2200.76	0.000162111
2220.93	0.000161603
2220.93	0.0001616
2220.93	0.000161602
2220.93	0.0001616
2220.93	0.000161601
2220.93	0.0001616
2220.93	0.000161601
2220.93	0.0001616
2220.93	0.0001616
2220.93	0.0001616
2220.93	0.0001616
2220.93	0.0001616
2220.93	0.0001616
2220.93	0.0001616
2220.93	0.0001616
2220.93	0.000161599
2220.93	0.000161601
2220.93	0.000161598
2220.93	0.000161601
2220.93	0.000161598
