60	0.137188	0.000740697
120	0.137291	0.0016906
180	0.137318	0.00260048
240	0.137389	0.00334016
300	0.137527	0.00397135
360	0.137733	0.0044645
420	0.137921	0.00477535
480	0.138015	0.00499985
540	0.137999	0.00522211
600	0.137938	0.00551599
660	0.137936	0.00581506
720	0.13794	0.00585396
780	0.13795	0.00587693
840	0.137976	0.00582713
900	0.137805	0.00562849
960	0.137644	0.0055
1020	0.137513	0.00564469
1080	0.137342	0.00591145
1140	0.137214	0.00609621
1200	0.137168	0.00609609
1260	0.137159	0.00597286
1320	0.137145	0.00580633
1380	0.137085	0.00582013
1440	0.137101	0.00600083
1500	0.137199	0.00619098
1560	0.137324	0.00637987
1620	0.137491	0.00642878
1680	0.137715	0.00629124
1740	0.137808	0.00607544
1800	0.137786	0.00596744
1860	0.137791	0.00605177
1920	0.137782	0.00611471
1980	0.137786	0.00608994
2040	0.137764	0.00592094
2100	0.137701	0.00581724
2160	0.137565	0.00585988
2220	0.137421	0.0060348
2280	0.137391	0.00619605
2340	0.137371	0.00632287
2400	0.137248	0.00634802
2460	0.137165	0.00629259
2520	0.137163	0.00611851
2580	0.13721	0.00596612
2640	0.137134	0.00596121
2700	0.137033	0.00594799
2760	0.136971	0.00605113
2820	0.136944	0.00611333
2880	0.136926	0.00629647
2940	0.136988	0.00640645
3000	0.137138	0.00636549
3060	0.137222	0.0063081
3120	0.137257	0.00633739
3180	0.13742	0.00637194
3240	0.137564	0.00612778
3300	0.137581	0.00594853
3360	0.137525	0.00582941
3420	0.137389	0.00570758
3480	0.137299	0.00552734
3540	0.137186	0.00543804
3600	0.137089	0.00563906
3660	0.137025	0.0059962
3720	0.137106	0.00635009
3780	0.137293	0.00660893
3840	0.13748	0.00669763
3900	0.137562	0.00659857
3960	0.137597	0.00635809
4020	0.137536	0.00615046
4080	0.137483	0.00598892
4140	0.137386	0.00587876
4200	0.137284	0.00586544
4260	0.137365	0.00599414
4320	0.137549	0.0062629
4380	0.137842	0.00651383
4440	0.138057	0.00658179
4500	0.138096	0.0065588
4560	0.138097	0.00641721
4620	0.138	0.00614714
4680	0.137928	0.00581825
4740	0.137776	0.00559924
4800	0.13753	0.00562802
4860	0.13737	0.00583211
4920	0.137317	0.00605206
4980	0.13726	0.00609669
5040	0.137185	0.00602453
5100	0.137049	0.00589553
5160	0.136847	0.00590128
5220	0.136826	0.00608978
5280	0.136848	0.00628813
5340	0.136835	0.00625123
5400	0.136806	0.00616853
5460	0.136877	0.00610722
5520	0.136994	0.00608471
5580	0.13711	0.00614224
5640	0.137315	0.00613268
5700	0.137542	0.00606152
5760	0.137676	0.00609719
5820	0.137773	0.00621512
5880	0.137861	0.00636658
5940	0.137936	0.00643128
6000	0.138041	0.0064441
6060	0.138015	0.00648255
6120	0.137934	0.00643394
6180	0.137689	0.00634801
6240	0.137454	0.00623007
6300	0.137367	0.00612206
6360	0.137274	0.0061234
6420	0.137103	0.00632508
6480	0.136895	0.00641307
6540	0.136737	0.00638048
6600	0.136686	0.00627504
6660	0.136599	0.00612359
6720	0.13656	0.00595904
6780	0.136593	0.00597431
6840	0.136722	0.00600428
6900	0.136971	0.00598208
6960	0.13729	0.00592385
7020	0.137527	0.00584614
7080	0.137644	0.00583211
7140	0.137705	0.00590641
7200	0.137752	0.00606376
7260	0.137684	0.00615261
7320	0.137632	0.00629335
7380	0.137571	0.00638292
7440	0.137464	0.00644076
7500	0.137469	0.00640098
7560	0.13747	0.00632284
7620	0.137428	0.00630639
7680	0.137378	0.00620457
7740	0.137326	0.00616766
7800	0.13723	0.00633506
7860	0.137272	0.00652613
7920	0.137309	0.00657488
7980	0.137194	0.00656484
8040	0.137104	0.00654885
8100	0.137152	0.00650862
8160	0.137227	0.00642022
8220	0.137242	0.00637319
8280	0.137343	0.00638774
8340	0.137425	0.00646671
8400	0.137545	0.00666208
8460	0.137673	0.00670255
8520	0.137829	0.00660463
8580	0.1379	0.00648855
8640	0.137988	0.00640192
8700	0.138042	0.00643691
8760	0.13815	0.00644545
8820	0.138223	0.00640264
8880	0.138245	0.00637228
8940	0.138215	0.0065076
9000	0.138223	0.00658819
9060	0.138219	0.00657612
9120	0.138106	0.0064865
9180	0.137976	0.00637798
9240	0.137834	0.0063175
9300	0.13765	0.00636682
9360	0.137473	0.00643765
9420	0.137376	0.00641078
9480	0.137269	0.00642536
9540	0.13718	0.006465
9600	0.137152	0.00650881
9660	0.137204	0.00646153
9720	0.137283	0.00630742
9780	0.137279	0.00614205
9840	0.137235	0.0062043
9900	0.137244	0.00637309
9960	0.137278	0.00662779
10020	0.137269	0.00673143
10080	0.137237	0.00660241
10140	0.13732	0.0064166
10200	0.137398	0.0063042
10260	0.137526	0.00615122
10320	0.137657	0.00594327
10380	0.137687	0.00587389
10440	0.137598	0.00594373
10500	0.137545	0.00605664
10560	0.137626	0.00611547
10620	0.137633	0.00612839
10680	0.137575	0.0060768
10740	0.137514	0.00598189
10800	0.137501	0.00595694
10860	0.137392	0.00599124
10920	0.137314	0.00602275
10980	0.13715	0.00605425
11040	0.137011	0.0060791
11100	0.136975	0.00620604
11160	0.136944	0.00620075
11220	0.136938	0.00627082
11280	0.137062	0.00640857
11340	0.137219	0.00655278
11400	0.1374	0.00655809
11460	0.13755	0.00649685
11520	0.137753	0.0063457
11580	0.137984	0.00618131
11640	0.138143	0.00607247
11700	0.138202	0.0061009
11760	0.138332	0.00624701
11820	0.138374	0.00649085
11880	0.138354	0.00663852
11940	0.138248	0.00679052
12000	0.138098	0.00666957
12060	0.137907	0.00656214
12120	0.137667	0.00651685
12180	0.137405	0.00653679
12240	0.137171	0.00658135
12300	0.137036	0.00647635
12360	0.136958	0.00640974
12420	0.136844	0.00632584
12480	0.136763	0.00628549
12540	0.136684	0.00643309
12600	0.136764	0.00662939
12660	0.13702	0.00671154
12720	0.137304	0.00655336
12780	0.137466	0.00634107
12840	0.137553	0.00615508
12900	0.137704	0.00601042
12960	0.137872	0.00590606
13020	0.137933	0.0058583
13080	0.137977	0.00590866
13140	0.138002	0.0060189
13200	0.138043	0.00616797
13260	0.138043	0.00629686
13320	0.137967	0.00645517
13380	0.138004	0.00660598
13440	0.138156	0.00650085
13500	0.138193	0.00625161
13560	0.138185	0.00609279
13620	0.138043	0.00598436
13680	0.137902	0.00596292
13740	0.137758	0.00603435
13800	0.137688	0.00616918
13860	0.13765	0.00611002
13920	0.13759	0.00599863
13980	0.13746	0.00598611
14040	0.137389	0.00614185
14100	0.137436	0.00628351
14160	0.137447	0.00634503
14220	0.137462	0.00631629
14280	0.137546	0.00627079
14340	0.137533	0.00619415
14400	0.137471	0.00609071
14460	0.1375	0.00599429
14520	0.137464	0.00578608
14580	0.137385	0.00577207
14640	0.137384	0.00593479
14700	0.137403	0.0061658
14760	0.137594	0.00638609
14820	0.137792	0.00642952
14880	0.137886	0.00636585
14940	0.137853	0.00642256
15000	0.13785	0.00641536
15060	0.137879	0.0064466
15120	0.137811	0.00639064
15180	0.137721	0.00639542
15240	0.137586	0.00623513
15300	0.137413	0.00613182
15360	0.137231	0.00609447
15420	0.137079	0.00611307
15480	0.137073	0.00619352
15540	0.137105	0.00618625
15600	0.13719	0.00610427
15660	0.137266	0.00608893
15720	0.13743	0.0062894
15780	0.137534	0.00641018
15840	0.137602	0.00639769
15900	0.13767	0.00626177
15960	0.137788	0.006226
16020	0.137857	0.00620948
16080	0.13801	0.00621443
16140	0.138037	0.00636202
16200	0.13804	0.0064332
16260	0.138114	0.00646353
16320	0.137994	0.00637745
16380	0.137783	0.00628452
16440	0.137587	0.00618926
16500	0.137365	0.00611528
16560	0.1372	0.0062088
16620	0.137087	0.0064689
16680	0.136993	0.00678632
16740	0.136918	0.00694291
16800	0.136855	0.00691136
16860	0.136845	0.00663748
16920	0.136871	0.00627953
16980	0.136867	0.00610986
17040	0.136866	0.00621361
17100	0.137044	0.00641584
17160	0.137189	0.00650774
17220	0.13739	0.00660676
17280	0.137591	0.00670807
17340	0.137786	0.00676888
17400	0.137879	0.00676616
17460	0.137855	0.00663346
17520	0.137787	0.00656591
17580	0.13776	0.0064725
17640	0.137666	0.00641246
17700	0.137566	0.00640665
17760	0.137382	0.00633711
17820	0.137205	0.00620053
17880	0.137074	0.00622792
17940	0.137008	0.00635692
18000	0.137012	0.00641715
18060	0.137094	0.00634543
18120	0.137301	0.00624306
18180	0.137577	0.00602195
18240	0.137764	0.00580769
18300	0.137934	0.00572032
18360	0.138041	0.00578396
18420	0.138102	0.00590485
18480	0.138178	0.00602666
18540	0.138207	0.006164
18600	0.138167	0.0062159
18660	0.138105	0.00627571
18720	0.138132	0.00631607
18780	0.138069	0.0061969
18840	0.138003	0.00602999
18900	0.137852	0.00590633
18960	0.137536	0.00592344
19020	0.137431	0.00601755
19080	0.137423	0.00612277
19140	0.137445	0.0061438
19200	0.137498	0.00611138
19260	0.13752	0.0062026
19320	0.137476	0.00628072
19380	0.137355	0.006306
19440	0.137238	0.00633372
19500	0.137162	0.00635638
19560	0.137084	0.00635979
19620	0.137024	0.00625922
19680	0.136896	0.00624428
19740	0.136883	0.00621639
19800	0.136979	0.00622385
19860	0.137107	0.00625663
19920	0.137358	0.00617868
19980	0.137615	0.00612081
20040	0.137831	0.00610322
20100	0.138005	0.00607327
20160	0.137935	0.00604956
20220	0.137801	0.00594897
20280	0.137618	0.00600582
20340	0.137502	0.00613043
20400	0.137363	0.00619917
20460	0.137228	0.00635214
20520	0.1372	0.0065041
20580	0.137333	0.00661272
20640	0.137497	0.00662157
20700	0.137579	0.00662168
20760	0.137612	0.00646681
20820	0.137523	0.006337
20880	0.137408	0.00631659
20940	0.137214	0.00644088
21000	0.137087	0.00675131
21060	0.137155	0.00699624
21120	0.137363	0.00705051
21180	0.137644	0.00693119
21240	0.13787	0.00677005
21300	0.137972	0.0065017
21360	0.137887	0.00627708
21420	0.137685	0.00603203
21480	0.137385	0.00591183
21540	0.137051	0.00594045
21600	0.1368	0.00608849
21660	0.13663	0.00616564
21720	0.136638	0.00618812
21780	0.136717	0.00619108
21840	0.136963	0.00607949
21900	0.137194	0.00588829
21960	0.137273	0.00572609
22020	0.137339	0.00563386
22080	0.137452	0.00559568
22140	0.137608	0.00564644
22200	0.137825	0.00573654
22260	0.137998	0.00578246
22320	0.138113	0.00586198
22380	0.138138	0.00608507
22440	0.138145	0.00618347
22500	0.138061	0.00625738
22560	0.137917	0.00622362
22620	0.137688	0.00607585
22680	0.137562	0.00605089
22740	0.137495	0.00609135
22800	0.137389	0.00616132
22860	0.137234	0.00620053
22920	0.137121	0.00628249
22980	0.136935	0.00621851
23040	0.136815	0.00612964
23100	0.136713	0.00597493
23160	0.13662	0.00575663
23220	0.136653	0.00563335
23280	0.136672	0.00557009
23340	0.136709	0.0055429
23400	0.136843	0.00554633
23460	0.136958	0.00560921
23520	0.137034	0.00581981
23580	0.137227	0.00609751
23640	0.137475	0.00625529
23700	0.137588	0.00624954
23760	0.137688	0.0062424
23820	0.137769	0.00626947
23880	0.137838	0.0062557
23940	0.13777	0.006311
24000	0.137723	0.00643207
24060	0.137655	0.00652647
24120	0.137682	0.00656691
24180	0.137615	0.00660835
24240	0.137504	0.00658268
24300	0.137396	0.00664218
24360	0.137293	0.00674167
24420	0.13707	0.0067935
24480	0.13685	0.00669922
24540	0.136692	0.00660644
24600	0.136544	0.00659183
24660	0.136584	0.00662047
24720	0.136723	0.00652579
24780	0.136994	0.00641509
24840	0.137197	0.00617518
24900	0.137323	0.00594201
24960	0.137495	0.0058074
25020	0.137688	0.00580217
25080	0.137888	0.00588103
25140	0.138074	0.00596082
25200	0.138222	0.00595443
25260	0.138309	0.00583905
25320	0.138192	0.00576655
25380	0.138014	0.0058658
25440	0.13779	0.0061222
25500	0.137642	0.00639866
25560	0.137593	0.00664491
25620	0.137664	0.00667728
25680	0.137632	0.00662822
25740	0.137594	0.00664164
25800	0.137628	0.00674869
25860	0.137755	0.00689656
25920	0.137842	0.00685965
25980	0.137849	0.00671699
26040	0.137775	0.00655064
26100	0.137618	0.00642446
26160	0.137506	0.00644409
26220	0.13739	0.00657274
26280	0.137311	0.00660573
26340	0.137243	0.00666644
26400	0.137113	0.00671807
26460	0.137091	0.00657953
26520	0.137027	0.00633133
26580	0.13708	0.00616452
26640	0.137159	0.00615911
26700	0.137172	0.00620708
26760	0.137129	0.00622007
26820	0.137126	0.00613662
26880	0.137095	0.00608236
26940	0.136982	0.00603209
27000	0.1369	0.00597318
27060	0.136879	0.00588906
27120	0.136872	0.00583563
27180	0.136907	0.00588287
27240	0.136932	0.00598483
27300	0.137074	0.00616382
27360	0.137298	0.0062761
27420	0.13751	0.00624658
27480	0.137698	0.00622293
27540	0.137903	0.00626264
27600	0.138109	0.00632984
27660	0.138316	0.00642508
27720	0.138478	0.0064957
27780	0.13856	0.00641978
27840	0.138477	0.00626701
27900	0.13824	0.00627597
27960	0.137967	0.00628391
28020	0.137718	0.00628438
28080	0.137487	0.00622978
28140	0.137325	0.00632124
28200	0.137396	0.00636668
28260	0.137455	0.00632923
28320	0.137493	0.00642071
28380	0.137559	0.00663057
28440	0.137681	0.00676232
28500	0.13786	0.00678952
28560	0.138034	0.00677114
28620	0.138132	0.00662564
28680	0.138094	0.00647337
28740	0.137833	0.00646363
28800	0.137515	0.00671214
28860	0.137386	0.00691904
28920	0.137374	0.00691462
28980	0.137419	0.00666949
29040	0.137345	0.0063725
29100	0.13733	0.00626538
29160	0.137426	0.00629453
29220	0.137521	0.00646189
29280	0.137707	0.00664173
29340	0.137797	0.00665547
29400	0.137899	0.0065564
29460	0.13791	0.00644414
29520	0.137843	0.00637809
29580	0.137816	0.00633266
29640	0.137776	0.00628053
29700	0.137737	0.00621705
29760	0.137645	0.0062573
29820	0.137614	0.00636944
29880	0.137604	0.00636574
29940	0.137486	0.00620416
30000	0.137296	0.00628834
30060	0.137173	0.0064849
30120	0.137091	0.00674083
30180	0.137014	0.00687348
30240	0.1369	0.00670885
30300	0.136847	0.0064398
30360	0.136824	0.0062597
30420	0.136785	0.00616601
30480	0.136718	0.00609797
30540	0.136706	0.00607139
30600	0.136741	0.00603153
30660	0.136796	0.0059221
30720	0.136865	0.00581739
30780	0.136951	0.00567409
30840	0.137056	0.00563154
30900	0.137234	0.00565078
30960	0.137421	0.00585237
31020	0.137625	0.00606279
31080	0.137843	0.00617986
31140	0.13802	0.00625651
31200	0.13812	0.00634073
31260	0.138115	0.00657675
31320	0.138059	0.0067854
31380	0.138086	0.00680748
31440	0.138007	0.00671822
31500	0.137857	0.00670822
31560	0.137763	0.00676399
31620	0.137776	0.00682869
31680	0.137871	0.00689305
31740	0.137936	0.00682821
31800	0.137904	0.00674036
31860	0.137832	0.00666965
31920	0.137676	0.00664207
31980	0.137413	0.00660133
32040	0.137126	0.00645604
32100	0.136958	0.00636493
32160	0.136892	0.00613647
32220	0.136802	0.00587153
32280	0.136639	0.00571385
32340	0.136617	0.00575323
32400	0.136662	0.00577962
32460	0.13683	0.00586222
32520	0.137022	0.00586182
32580	0.137222	0.00584593
32640	0.137382	0.00592654
32700	0.137422	0.00606278
32760	0.137381	0.00627
32820	0.137315	0.00638199
32880	0.137385	0.00638223
32940	0.137377	0.0060958
33000	0.137319	0.0058061
33060	0.137195	0.00557281
33120	0.13713	0.00551472
33180	0.137121	0.00569614
33240	0.137211	0.00577105
33300	0.137296	0.00585101
33360	0.137328	0.00587144
33420	0.137439	0.00591481
33480	0.137627	0.00598739
33540	0.137861	0.00605657
33600	0.13802	0.00612051
33660	0.138147	0.0061153
33720	0.138286	0.00613103
33780	0.138276	0.00614681
33840	0.138227	0.00632034
33900	0.138112	0.00652018
33960	0.137988	0.00654603
34020	0.137828	0.00648063
34080	0.137604	0.00631802
34140	0.137416	0.0062787
34200	0.137208	0.00636739
34260	0.137015	0.00640716
34320	0.136873	0.00633004
34380	0.136738	0.00626892
34440	0.136659	0.00637066
34500	0.136693	0.00651529
34560	0.136853	0.00664405
34620	0.137109	0.00664252
34680	0.137385	0.00668565
34740	0.137531	0.00670649
34800	0.137618	0.00665404
34860	0.137732	0.00656842
34920	0.137604	0.00649245
34980	0.137343	0.00645704
35040	0.137193	0.00643231
35100	0.137188	0.00645506
35160	0.137314	0.00639675
35220	0.137551	0.00637797
35280	0.137829	0.00639145
35340	0.13805	0.00637149
35400	0.138103	0.00625433
35460	0.137915	0.00620306
35520	0.137765	0.00621533
35580	0.137676	0.00632354
35640	0.137618	0.00645735
35700	0.137596	0.00651269
35760	0.137533	0.00641747
35820	0.137422	0.00636164
35880	0.137402	0.00632763
35940	0.13744	0.00636903
36000	0.137586	0.0064919
36060	0.137741	0.00644972
36120	0.137742	0.00642551
36180	0.137542	0.00653997
36240	0.137423	0.0066573
36300	0.137426	0.00673831
36360	0.137398	0.00661947
36420	0.137418	0.00652169
36480	0.137514	0.00631948
36540	0.137541	0.00626196
36600	0.137522	0.00633379
36660	0.137541	0.00631964
36720	0.137524	0.00612363
36780	0.137446	0.00602929
36840	0.137441	0.00615332
36900	0.13757	0.00621956
36960	0.137675	0.00604135
37020	0.137656	0.00578991
37080	0.137637	0.00576656
37140	0.137618	0.00589111
37200	0.137635	0.00600239
37260	0.137607	0.00603075
37320	0.137605	0.00587569
37380	0.137584	0.00569259
37440	0.137554	0.00538199
37500	0.137395	0.00510432
37560	0.137318	0.00509004
37620	0.13734	0.00534474
37680	0.137354	0.00566216
37740	0.13734	0.00590692
37800	0.137393	0.00592593
37860	0.137425	0.00598027
37920	0.13749	0.00591764
37980	0.137495	0.00584602
38040	0.137539	0.00590738
38100	0.137594	0.00595579
38160	0.137654	0.00600195
38220	0.137557	0.00610262
38280	0.137548	0.006163
38340	0.137463	0.00623678
38400	0.137349	0.00635539
38460	0.13724	0.00643783
38520	0.137249	0.00654008
38580	0.137307	0.00672419
38640	0.137388	0.00680283
38700	0.137552	0.00681237
38760	0.137726	0.00689589
38820	0.137905	0.00690215
38880	0.138078	0.00689994
38940	0.138211	0.00696921
39000	0.138349	0.00709909
39060	0.138417	0.00708929
39120	0.138374	0.00679843
39180	0.138151	0.0064625
39240	0.137873	0.00627293
39300	0.13762	0.00629254
39360	0.137457	0.00644642
39420	0.137398	0.00651328
39480	0.137396	0.00655308
39540	0.137433	0.00663432
39600	0.13743	0.00650666
39660	0.137289	0.00633787
39720	0.137175	0.00624273
39780	0.137113	0.00626335
39840	0.137217	0.00640364
39900	0.137415	0.00646115
39960	0.13762	0.00625682
40020	0.137823	0.00600336
40080	0.137859	0.00579001
40140	0.137849	0.005615
40200	0.137846	0.00561905
40260	0.137737	0.00569983
40320	0.137523	0.00593533
40380	0.137356	0.00609382
40440	0.137138	0.00624521
40500	0.137001	0.00622438
40560	0.136889	0.00613747
40620	0.136834	0.00605967
40680	0.136776	0.00599633
40740	0.136686	0.00588392
40800	0.136611	0.0058187
40860	0.136696	0.00584231
40920	0.136879	0.00597457
40980	0.137106	0.0060578
41040	0.137285	0.00613958
41100	0.137497	0.00616951
41160	0.137834	0.00617374
41220	0.138132	0.00608808
41280	0.13832	0.00599313
41340	0.138341	0.00604059
41400	0.138245	0.00619967
41460	0.138114	0.00635554
41520	0.137909	0.00664169
41580	0.13771	0.00685509
41640	0.137468	0.00689024
41700	0.137233	0.00677959
41760	0.137008	0.00659632
41820	0.136745	0.00638997
41880	0.136694	0.00622355
41940	0.136783	0.00612818
42000	0.136901	0.00601667
42060	0.136997	0.00591652
42120	0.137069	0.00585064
42180	0.137186	0.00600167
42240	0.137455	0.00612313
42300	0.137742	0.00611678
42360	0.138108	0.00605246
42420	0.138395	0.00599638
42480	0.138532	0.00599736
42540	0.138523	0.00604256
42600	0.138404	0.00615897
42660	0.138192	0.00627692
42720	0.137952	0.00632073
42780	0.137742	0.00636488
42840	0.137554	0.00641031
42900	0.137448	0.00644377
42960	0.137363	0.00655459
43020	0.137256	0.00675
43080	0.137207	0.00680289
43140	0.137195	0.00667327
43200	0.137173	0.00651308
43260	0.137136	0.0063139
43320	0.137134	0.00619021
43380	0.137187	0.00621517
43440	0.137372	0.00631878
43500	0.137506	0.00623478
43560	0.13753	0.00608132
43620	0.13763	0.00597992
43680	0.137651	0.00595964
43740	0.13772	0.00608838
43800	0.137873	0.00615417
43860	0.138059	0.0062956
43920	0.138167	0.00643741
43980	0.138247	0.00652959
44040	0.138139	0.00652323
44100	0.137858	0.00639002
44160	0.137529	0.00634567
44220	0.137281	0.00636803
44280	0.137104	0.00646305
44340	0.137075	0.00659757
44400	0.137033	0.00659899
44460	0.137025	0.00660719
44520	0.137087	0.00656346
44580	0.137149	0.00653294
44640	0.13732	0.00639207
44700	0.137451	0.00623622
44760	0.13758	0.00622164
44820	0.137658	0.00635326
44880	0.137678	0.00649481
44940	0.137707	0.00652606
45000	0.137678	0.0064173
45060	0.137695	0.0062139
45120	0.137739	0.00619375
45180	0.137841	0.00622002
45240	0.13794	0.00626266
45300	0.137988	0.00617813
45360	0.138038	0.0060346
45420	0.137982	0.00591612
45480	0.137842	0.00587068
45540	0.13765	0.00604882
45600	0.137614	0.00634466
45660	0.137628	0.00659419
45720	0.137619	0.00677255
45780	0.137586	0.00662279
45840	0.137531	0.00643329
45900	0.137462	0.00631232
45960	0.137249	0.00646042
46020	0.13711	0.00666121
46080	0.137107	0.00679472
46140	0.13717	0.00676976
46200	0.137248	0.00672273
46260	0.137391	0.00663966
46320	0.137521	0.00646049
46380	0.137645	0.00627262
46440	0.137674	0.00610923
46500	0.137564	0.00612232
46560	0.137589	0.00625271
46620	0.137683	0.00633634
46680	0.137787	0.00626101
46740	0.137854	0.00613933
46800	0.137975	0.00611035
46860	0.138112	0.00600561
46920	0.138176	0.00586643
46980	0.138166	0.00587579
47040	0.138064	0.0060187
47100	0.137852	0.00620008
47160	0.137601	0.00636267
47220	0.137371	0.00651207
47280	0.137158	0.00661884
47340	0.136991	0.00651907
47400	0.136869	0.00622215
47460	0.136741	0.006075
47520	0.13667	0.0060815
47580	0.136764	0.00621334
47640	0.136921	0.00635037
47700	0.137048	0.00638614
47760	0.137092	0.00629443
47820	0.137087	0.00619233
47880	0.137056	0.00603864
47940	0.137108	0.00593077
48000	0.137329	0.00585928
48060	0.137474	0.00579411
48120	0.13757	0.00577872
48180	0.137642	0.00568874
48240	0.137722	0.00560399
48300	0.137737	0.00562653
48360	0.137784	0.00572623
48420	0.137722	0.00590032
48480	0.137691	0.00611492
48540	0.137691	0.00615265
48600	0.137688	0.00612927
48660	0.13763	0.00612766
48720	0.137428	0.00624838
48780	0.13724	0.00636344
48840	0.137294	0.00651077
48900	0.13736	0.00642135
48960	0.137433	0.00618096
49020	0.137406	0.00598711
49080	0.137361	0.00595485
49140	0.137416	0.00592994
49200	0.137491	0.00589263
49260	0.137471	0.00608502
49320	0.137538	0.00639624
49380	0.137653	0.00657761
49440	0.137671	0.00654674
49500	0.137714	0.00653766
49560	0.137793	0.00649122
49620	0.137832	0.00645146
49680	0.137866	0.00651739
49740	0.13788	0.00663116
49800	0.137874	0.00666022
49860	0.137898	0.00659944
49920	0.137842	0.00649405
49980	0.137666	0.00621174
50040	0.137464	0.00608613
50100	0.137342	0.00596639
50160	0.13724	0.00608157
50220	0.1373	0.00610672
50280	0.137314	0.00602747
50340	0.137278	0.006016
50400	0.137281	0.00600682
50460	0.137282	0.00601735
50520	0.137355	0.00600759
50580	0.137536	0.00600439
50640	0.137684	0.00610077
50700	0.13784	0.0061756
50760	0.137979	0.0062718
50820	0.138096	0.00628259
50880	0.138086	0.00635552
50940	0.137965	0.00645101
51000	0.137808	0.00636963
51060	0.137571	0.00612526
51120	0.137286	0.005934
51180	0.137023	0.00597471
51240	0.136889	0.00617281
51300	0.136929	0.00636056
51360	0.137127	0.00651562
51420	0.137433	0.00657011
51480	0.137683	0.00649527
51540	0.137846	0.00648421
51600	0.137956	0.00654057
51660	0.13792	0.00662212
51720	0.137826	0.00655108
51780	0.137653	0.00641971
51840	0.137433	0.00636563
51900	0.137206	0.00625446
51960	0.137039	0.00615181
52020	0.136969	0.00618638
52080	0.136994	0.0060859
52140	0.136983	0.00598409
52200	0.136938	0.00601126
52260	0.136994	0.00618914
52320	0.137056	0.00641928
52380	0.137093	0.00655927
52440	0.137296	0.00651399
52500	0.137546	0.00642444
52560	0.13779	0.00623862
52620	0.137996	0.00615711
52680	0.13824	0.00610539
52740	0.138443	0.00601833
52800	0.138553	0.0059092
52860	0.1386	0.00572753
52920	0.138485	0.00570923
52980	0.138432	0.00596488
53040	0.138362	0.00620738
53100	0.138255	0.00645715
53160	0.138097	0.00667412
53220	0.137843	0.0068655
53280	0.137633	0.00698461
53340	0.137412	0.00691509
53400	0.137221	0.00689277
53460	0.137056	0.00694186
53520	0.137045	0.00683942
53580	0.137047	0.00666685
53640	0.137065	0.00657021
53700	0.13714	0.00656163
53760	0.137277	0.00660996
53820	0.137537	0.00666352
53880	0.137661	0.00671129
53940	0.137734	0.00686992
54000	0.137846	0.00699675
54060	0.137912	0.00688117
54120	0.137936	0.00661576
54180	0.137842	0.00649427
54240	0.13767	0.00653236
54300	0.137447	0.00667592
54360	0.137269	0.00680234
54420	0.137106	0.00687033
54480	0.137005	0.00689236
54540	0.137004	0.00693222
54600	0.1372	0.00690981
54660	0.137401	0.00668767
54720	0.137492	0.00636434
54780	0.137459	0.00596781
54840	0.137419	0.005785
54900	0.137366	0.00592382
54960	0.137483	0.00619519
55020	0.137643	0.00634485
55080	0.137725	0.00645512
55140	0.137762	0.00654482
55200	0.137739	0.00659906
55260	0.13769	0.00655931
55320	0.137774	0.00643607
55380	0.137709	0.00622024
55440	0.137664	0.0060847
55500	0.137592	0.00609484
55560	0.137443	0.0059479
55620	0.137307	0.00579197
55680	0.137143	0.00569842
55740	0.137091	0.0057887
55800	0.137102	0.00597437
55860	0.13714	0.00598869
55920	0.137223	0.00600593
55980	0.137338	0.0060863
56040	0.137537	0.00619386
56100	0.1377	0.00635059
56160	0.137797	0.00645513
56220	0.137794	0.00642932
56280	0.137823	0.00628672
56340	0.13765	0.0061022
56400	0.137414	0.00589826
56460	0.137211	0.005829
56520	0.137021	0.00590356
56580	0.136915	0.00597409
56640	0.136987	0.00600377
56700	0.137132	0.00594602
56760	0.137288	0.0059625
56820	0.137418	0.00601381
56880	0.137582	0.00605713
56940	0.137727	0.00618836
57000	0.137926	0.00628938
57060	0.138004	0.00647373
57120	0.137979	0.00667259
57180	0.137959	0.00671538
57240	0.137816	0.00679866
57300	0.137604	0.00676059
57360	0.137428	0.00655342
57420	0.137204	0.00628682
57480	0.1369	0.0059944
57540	0.136666	0.00592438
57600	0.136514	0.00595329
57660	0.136558	0.00619581
57720	0.136637	0.00647472
57780	0.13673	0.00652573
57840	0.136899	0.00645137
57900	0.13703	0.00631531
57960	0.137173	0.00621966
58020	0.137357	0.00615889
58080	0.137443	0.00607317
58140	0.137545	0.0060915
58200	0.137477	0.00607702
58260	0.137427	0.00613538
58320	0.137427	0.00617196
58380	0.137442	0.00620372
58440	0.137479	0.00619972
58500	0.137534	0.00628234
58560	0.137568	0.00634426
58620	0.13773	0.00630162
58680	0.13786	0.00620779
58740	0.137801	0.00606083
58800	0.13774	0.00613742
58860	0.137741	0.00634337
58920	0.137708	0.00656324
58980	0.137713	0.00665978
59040	0.137696	0.00671386
59100	0.137706	0.00663628
59160	0.137529	0.00646785
59220	0.137361	0.00641057
59280	0.137175	0.00646098
59340	0.137011	0.00658142
59400	0.136972	0.00671774
59460	0.137064	0.00676675
59520	0.137188	0.00670771
59580	0.137242	0.00649695
59640	0.137257	0.00626723
59700	0.137323	0.00614433
59760	0.137335	0.005957
59820	0.137254	0.00589344
59880	0.137205	0.00602331
59940	0.137194	0.00629208
60000	0.137229	0.00636988
60060	0.137214	0.00637164
60120	0.137225	0.00637002
60180	0.137321	0.00631497
60240	0.137414	0.0061638
60300	0.137495	0.00607938
60360	0.137606	0.00619933
60420	0.137652	0.00630394
60480	0.13761	0.0063294
60540	0.137559	0.00620055
60600	0.137571	0.00607771
60660	0.137543	0.00601072
60720	0.137481	0.00591704
60780	0.137404	0.00575591
60840	0.137282	0.00578962
60900	0.137291	0.00590057
60960	0.137339	0.0059703
61020	0.137395	0.00597757
61080	0.137339	0.00589484
61140	0.137359	0.00580945
61200	0.137464	0.00582549
61260	0.137518	0.00586244
61320	0.137493	0.00585652
61380	0.137488	0.00588906
61440	0.137541	0.00594922
61500	0.137558	0.00605058
61560	0.137594	0.00615611
61620	0.137596	0.00633778
61680	0.137626	0.0065091
61740	0.137622	0.00663825
61800	0.137617	0.0066336
61860	0.137609	0.00653098
61920	0.137604	0.00647073
61980	0.137509	0.00638082
62040	0.13733	0.00644561
62100	0.137296	0.00653209
62160	0.137295	0.00655974
62220	0.137359	0.00664651
62280	0.137368	0.00676306
62340	0.137268	0.00682847
62400	0.137067	0.00675467
62460	0.136884	0.00665081
62520	0.13673	0.00659668
62580	0.136671	0.00649951
62640	0.136703	0.00636015
62700	0.136774	0.00623727
62760	0.136913	0.00624229
62820	0.137119	0.00626912
62880	0.137352	0.00616556
62940	0.137424	0.00605451
63000	0.137461	0.00602187
63060	0.137527	0.00606396
63120	0.137459	0.00618653
63180	0.13741	0.00638154
63240	0.137422	0.00646341
63300	0.137291	0.00651034
63360	0.137104	0.00650678
63420	0.136973	0.00644361
63480	0.136912	0.0065535
63540	0.136928	0.00663563
63600	0.13703	0.00666692
63660	0.137028	0.00658886
63720	0.136944	0.00641672
63780	0.136742	0.00630864
63840	0.136658	0.0063259
63900	0.136596	0.00641161
63960	0.13668	0.00648499
64020	0.136824	0.00649025
64080	0.137033	0.00642606
64140	0.137213	0.00638236
64200	0.137449	0.00625444
64260	0.13769	0.00617499
64320	0.137919	0.0061057
64380	0.138045	0.00609825
64440	0.138095	0.00607582
64500	0.138119	0.00606524
64560	0.138028	0.00609274
64620	0.13794	0.00611074
64680	0.137868	0.00602781
64740	0.137829	0.00597058
64800	0.137677	0.00594514
64860	0.137512	0.00573318
64920	0.137378	0.00560007
64980	0.137206	0.00575228
65040	0.137088	0.00611093
65100	0.137097	0.00634315
65160	0.13718	0.00647449
65220	0.137314	0.00640487
65280	0.137342	0.00634005
65340	0.137213	0.00639878
65400	0.137158	0.00645177
65460	0.137121	0.00635494
65520	0.13695	0.00608277
65580	0.13678	0.00590059
65640	0.136707	0.00585425
65700	0.136805	0.00602502
65760	0.136943	0.00616252
65820	0.137164	0.00615362
65880	0.137397	0.00597632
65940	0.137568	0.00570648
66000	0.137615	0.00554878
66060	0.137675	0.00571848
66120	0.137776	0.00608729
66180	0.137877	0.0064128
66240	0.137867	0.00651719
66300	0.137829	0.00642971
66360	0.137782	0.00642106
66420	0.137724	0.00646941
66480	0.137603	0.00652784
66540	0.137496	0.006529
66600	0.137475	0.00641305
66660	0.137405	0.00636021
66720	0.137417	0.00628399
66780	0.137486	0.00622435
66840	0.137576	0.00621923
66900	0.137702	0.00625577
66960	0.137798	0.00640222
67020	0.137905	0.00652577
67080	0.137932	0.00659134
67140	0.137907	0.00658632
67200	0.137933	0.00660359
67260	0.137948	0.00646996
67320	0.137977	0.00638013
67380	0.138021	0.00631466
67440	0.137992	0.00612962
67500	0.137924	0.00599477
67560	0.137743	0.00595953
67620	0.137549	0.00600947
67680	0.137359	0.00611163
67740	0.137194	0.0062541
67800	0.136965	0.00650594
67860	0.136812	0.00669425
67920	0.136769	0.00669816
67980	0.136697	0.0065265
68040	0.136609	0.00622441
68100	0.136618	0.00597163
68160	0.136657	0.00578956
68220	0.1367	0.00560603
68280	0.136843	0.00554217
68340	0.137013	0.00570697
68400	0.137145	0.00596922
68460	0.137432	0.00625058
68520	0.137732	0.00649193
68580	0.138043	0.00648313
68640	0.138182	0.00627763
68700	0.138125	0.0060215
68760	0.137962	0.00590012
68820	0.137629	0.00591111
68880	0.137385	0.00604829
68940	0.137182	0.00638507
69000	0.137042	0.00673965
69060	0.136934	0.00698058
69120	0.136838	0.007003
69180	0.136774	0.0068422
69240	0.136823	0.00665647
69300	0.136866	0.0064939
69360	0.136933	0.00644803
69420	0.137044	0.00641367
69480	0.137168	0.00644219
69540	0.137284	0.00645496
69600	0.1373	0.00632267
69660	0.137374	0.00623426
69720	0.137381	0.00626966
69780	0.137495	0.00630801
69840	0.137644	0.00628364
69900	0.137737	0.00615705
69960	0.137846	0.00602629
70020	0.137891	0.00596137
70080	0.137812	0.00583422
70140	0.137606	0.00584086
70200	0.137536	0.00597344
70260	0.137452	0.0059967
70320	0.137355	0.0060182
70380	0.137354	0.00618688
70440	0.13743	0.00628358
70500	0.13748	0.00629727
70560	0.137524	0.00631174
70620	0.137674	0.00634807
70680	0.137773	0.00624443
70740	0.137766	0.00609594
70800	0.137825	0.00595529
70860	0.137921	0.00596839
70920	0.137979	0.00609633
70980	0.138045	0.00619779
71040	0.138054	0.00624863
71100	0.137965	0.00618733
71160	0.137863	0.00616688
71220	0.137863	0.00608338
71280	0.137811	0.00595255
71340	0.137505	0.0061728
71400	0.137218	0.00647192
71460	0.136971	0.00665322
71520	0.136925	0.00669177
71580	0.137006	0.00661089
71640	0.137092	0.00638494
71700	0.137212	0.00616874
71760	0.13725	0.00615968
71820	0.137188	0.00619744
71880	0.137223	0.0062251
71940	0.137371	0.006275
72000	0.137536	0.00631303
72060	0.137685	0.00649666
72120	0.137861	0.00664241
72180	0.138004	0.00669253
72240	0.138101	0.00671334
72300	0.138228	0.00671903
72360	0.138321	0.00657759
72420	0.138381	0.00642724
72480	0.138383	0.00634044
72540	0.138419	0.00631295
72600	0.138314	0.00645918
72660	0.138047	0.0066371
72720	0.13771	0.00689433
72780	0.137497	0.00686272
72840	0.1373	0.00669231
72900	0.137129	0.00649873
72960	0.137026	0.00633495
73020	0.13687	0.00624296
73080	0.136818	0.0062807
73140	0.136887	0.00628984
73200	0.13702	0.00629999
73260	0.137254	0.00635069
73320	0.137499	0.00625562
73380	0.137718	0.00609179
73440	0.137829	0.00600091
73500	0.137845	0.00600631
73560	0.137906	0.00604795
73620	0.13799	0.00607221
73680	0.13809	0.00612453
73740	0.138096	0.00616247
73800	0.138047	0.00628637
73860	0.138038	0.00631465
73920	0.137957	0.00605629
73980	0.137757	0.0060139
74040	0.137604	0.00621561
74100	0.137484	0.00645782
74160	0.137285	0.00671361
74220	0.137239	0.00688386
74280	0.137304	0.0069321
74340	0.137322	0.00687736
74400	0.137288	0.00677058
74460	0.137232	0.00659499
74520	0.137241	0.0064816
74580	0.137312	0.00630379
74640	0.137283	0.00618158
74700	0.137329	0.00637197
74760	0.13738	0.00664345
74820	0.137485	0.00691157
74880	0.13779	0.00708391
74940	0.138045	0.0071028
75000	0.138279	0.00677271
75060	0.13837	0.0063519
75120	0.138347	0.00617963
75180	0.138276	0.00628658
75240	0.13813	0.00654037
75300	0.137965	0.00662678
75360	0.137764	0.00650334
75420	0.137518	0.00648363
75480	0.137292	0.00647108
75540	0.137126	0.00636749
75600	0.137095	0.00628238
75660	0.137105	0.00613068
75720	0.136992	0.00593478
75780	0.136826	0.0058571
75840	0.136772	0.00598264
75900	0.13689	0.00612392
75960	0.137116	0.0062408
76020	0.137333	0.00630076
76080	0.137401	0.00638654
76140	0.13744	0.00649818
76200	0.137495	0.00657469
76260	0.137583	0.00661938
76320	0.137587	0.00644741
76380	0.137577	0.00630281
76440	0.137444	0.00607709
76500	0.137261	0.00598107
76560	0.137087	0.00606421
76620	0.136961	0.00618667
76680	0.136964	0.00627331
76740	0.136998	0.00638822
76800	0.13712	0.00645837
76860	0.137133	0.00646982
76920	0.137157	0.00653653
76980	0.137244	0.00650746
77040	0.137372	0.00637473
77100	0.137442	0.00619445
77160	0.137478	0.00592143
77220	0.137457	0.00584812
77280	0.137485	0.00599097
77340	0.13748	0.00612
77400	0.137579	0.00621834
77460	0.137718	0.00643895
77520	0.137738	0.00647087
77580	0.137743	0.00641299
77640	0.137671	0.00640278
77700	0.137573	0.00632293
77760	0.13735	0.00628093
77820	0.137128	0.00644176
77880	0.136945	0.00644132
77940	0.136785	0.00622105
78000	0.136695	0.00601749
78060	0.136765	0.00598182
78120	0.136921	0.00591359
78180	0.137125	0.0059293
78240	0.137371	0.00595144
78300	0.137581	0.00588206
78360	0.137721	0.00574586
78420	0.137793	0.00575813
78480	0.137841	0.00591165
78540	0.137951	0.00602939
78600	0.138043	0.00597922
78660	0.138166	0.00587237
78720	0.138152	0.00578088
78780	0.138031	0.00588967
78840	0.137873	0.00616021
78900	0.137847	0.00628979
78960	0.137795	0.00628476
79020	0.137702	0.00620257
79080	0.137505	0.0061592
79140	0.137363	0.00621395
79200	0.137241	0.00620604
79260	0.137136	0.00616777
79320	0.137079	0.0059709
79380	0.137112	0.00582638
79440	0.137205	0.0057826
79500	0.137424	0.00579393
79560	0.137658	0.00591579
79620	0.137953	0.00599397
79680	0.138121	0.0061041
79740	0.138206	0.00606051
79800	0.138209	0.0061619
79860	0.138295	0.00638978
79920	0.138347	0.00645852
79980	0.138334	0.00635018
80040	0.138182	0.0062435
80100	0.137909	0.00620379
80160	0.137619	0.0062743
80220	0.137245	0.00635806
80280	0.136987	0.00656327
80340	0.136835	0.00674501
80400	0.136725	0.00677962
80460	0.136693	0.00678197
80520	0.136655	0.00671845
80580	0.136694	0.00666995
80640	0.13683	0.0065435
80700	0.137021	0.0063718
80760	0.137154	0.0064625
80820	0.137308	0.0066667
80880	0.137561	0.00682893
80940	0.137763	0.00679728
81000	0.137877	0.00666138
81060	0.137912	0.00657295
81120	0.137964	0.00651346
81180	0.138054	0.00648347
81240	0.138029	0.00641709
81300	0.138119	0.00640702
81360	0.138153	0.00632035
81420	0.13802	0.00631959
81480	0.137685	0.00640953
81540	0.13734	0.0063584
81600	0.137077	0.00627831
81660	0.136826	0.00616303
81720	0.136573	0.00615053
81780	0.13642	0.00616395
81840	0.136469	0.00626502
81900	0.136576	0.00631196
81960	0.13669	0.00637405
82020	0.136926	0.00645469
82080	0.137349	0.00647982
82140	0.137707	0.00644759
82200	0.137953	0.00629313
82260	0.138134	0.0061564
82320	0.138204	0.00602515
82380	0.138171	0.00591016
82440	0.137891	0.00591496
82500	0.137556	0.00598836
82560	0.137293	0.00612848
82620	0.137114	0.00635846
82680	0.136869	0.00644184
82740	0.136826	0.00640662
82800	0.13679	0.00627607
82860	0.13674	0.00616707
82920	0.136855	0.00622957
82980	0.137105	0.00629277
83040	0.137447	0.00628106
83100	0.137753	0.00624763
83160	0.138049	0.00620706
83220	0.138292	0.00618346
83280	0.138433	0.00618192
83340	0.138554	0.00608126
83400	0.138559	0.00595459
83460	0.13857	0.0058064
83520	0.138353	0.00592315
83580	0.138163	0.00614752
83640	0.138019	0.00618703
83700	0.137833	0.00606106
83760	0.137662	0.00594272
83820	0.137561	0.00598748
83880	0.137369	0.00609435
83940	0.137271	0.00636671
84000	0.137257	0.00664304
84060	0.137331	0.00669333
84120	0.137367	0.00657522
84180	0.137407	0.00640303
84240	0.137576	0.00620586
84300	0.137646	0.00603702
84360	0.137729	0.00583206
84420	0.13779	0.00567923
84480	0.13785	0.00556059
84540	0.137939	0.00570312
84600	0.138112	0.00594202
84660	0.138234	0.00610075
84720	0.138207	0.00617307
84780	0.138058	0.00615491
84840	0.137859	0.00603372
84900	0.137517	0.00590929
84960	0.137244	0.00583865
85020	0.136928	0.00587914
85080	0.136733	0.00609489
85140	0.13672	0.0062207
85200	0.136805	0.00615895
85260	0.136918	0.00594117
85320	0.137022	0.00586632
85380	0.137175	0.00591563
85440	0.13742	0.00608219
85500	0.137649	0.00621886
85560	0.137842	0.00634608
85620	0.137929	0.00635112
85680	0.137985	0.0063762
85740	0.138067	0.00642257
85800	0.138039	0.00651642
85860	0.138001	0.00666728
85920	0.137951	0.00673564
85980	0.137846	0.00675104
86040	0.137655	0.00685319
86100	0.137439	0.0070337
86160	0.137321	0.00715795
86220	0.137267	0.00705863
86280	0.137248	0.00688552
86340	0.137296	0.0066173
86400	0.137297	0.00643201
86460	0.137233	0.00629737
86520	0.137201	0.00635645
86580	0.137266	0.0064717
86640	0.137386	0.00638406
86700	0.137523	0.0062214
86760	0.137664	0.00626336
86820	0.137863	0.00642991
86880	0.138071	0.00638736
86940	0.138258	0.00634641
87000	0.138402	0.0063566
87060	0.13843	0.00641889
87120	0.138359	0.00648236
87180	0.138238	0.00653005
87240	0.138114	0.00643598
87300	0.137945	0.00646274
87360	0.137715	0.00661165
87420	0.137434	0.00687488
87480	0.137079	0.00701933
87540	0.13675	0.00697279
87600	0.13655	0.00694722
87660	0.136349	0.00696706
87720	0.136292	0.00703906
87780	0.136347	0.00702471
87840	0.136464	0.00693527
87900	0.136675	0.00677899
87960	0.136827	0.00658589
88020	0.136981	0.00634177
88080	0.137026	0.00599148
88140	0.136956	0.00575979
88200	0.136948	0.00578808
88260	0.136932	0.00610417
88320	0.137062	0.00647258
88380	0.137272	0.00655001
88440	0.137421	0.00655783
88500	0.137544	0.00658169
88560	0.13759	0.00661856
88620	0.13763	0.00664813
88680	0.137631	0.00661946
88740	0.137616	0.00659766
88800	0.137454	0.00653363
88860	0.137294	0.00655854
88920	0.137058	0.00663336
88980	0.136894	0.00675549
89040	0.136884	0.00674977
89100	0.136951	0.00670726
89160	0.137117	0.00669867
89220	0.137282	0.00667279
89280	0.137494	0.00659989
89340	0.137682	0.00651845
89400	0.137836	0.00632255
89460	0.137873	0.00595469
89520	0.137782	0.00559174
89580	0.137666	0.0055015
89640	0.137617	0.00570653
89700	0.137532	0.00607838
89760	0.137647	0.00636748
89820	0.137838	0.00661831
89880	0.137864	0.0066798
89940	0.137863	0.00647772
90000	0.137774	0.00621522
90060	0.137534	0.00608372
90120	0.137226	0.00609497
90180	0.136964	0.00611322
90240	0.136829	0.00616102
90300	0.136825	0.00624255
90360	0.136921	0.00634483
90420	0.13711	0.006394
90480	0.137187	0.00636824
90540	0.137259	0.00638004
90600	0.137345	0.00644702
90660	0.137499	0.00649679
90720	0.137689	0.00657187
90780	0.137899	0.00644603
90840	0.137988	0.00614578
90900	0.138067	0.00586575
90960	0.138022	0.00590538
91020	0.138003	0.00613101
91080	0.138109	0.0064542
91140	0.138222	0.00660065
91200	0.138315	0.00656614
91260	0.138321	0.00643878
91320	0.138212	0.0063454
91380	0.138071	0.00639494
91440	0.137906	0.00643795
91500	0.137673	0.00647516
91560	0.137407	0.00637025
91620	0.137038	0.00617924
91680	0.136683	0.0061483
91740	0.136495	0.00622507
91800	0.136393	0.00617697
91860	0.136413	0.00615068
91920	0.136516	0.00619016
91980	0.136747	0.0062333
92040	0.136996	0.00625476
92100	0.137307	0.00618816
92160	0.137546	0.006093
92220	0.13775	0.00619515
92280	0.138006	0.00625599
92340	0.138079	0.0062151
92400	0.138055	0.00616579
92460	0.13807	0.00623095
92520	0.137955	0.00624302
92580	0.137868	0.00623668
92640	0.137751	0.00607455
92700	0.137629	0.00593319
92760	0.137529	0.00593301
92820	0.137409	0.00595723
92880	0.137342	0.00607746
92940	0.137374	0.00607669
93000	0.137481	0.00607371
93060	0.137607	0.00612217
93120	0.137637	0.00614693
93180	0.13771	0.00620092
93240	0.137847	0.00616524
93300	0.137924	0.00609871
93360	0.137747	0.00599556
93420	0.137507	0.00574226
93480	0.13725	0.005551
93540	0.136978	0.00572539
93600	0.136836	0.00602968
93660	0.136806	0.00628865
93720	0.136846	0.00653452
93780	0.137091	0.00664802
93840	0.137505	0.00669283
93900	0.137829	0.00661755
93960	0.138015	0.00642379
94020	0.13799	0.00621932
94080	0.13785	0.00610677
94140	0.1377	0.00606667
94200	0.137566	0.00600899
94260	0.137428	0.00610945
94320	0.1374	0.00632099
94380	0.137456	0.00642211
94440	0.137458	0.00639687
94500	0.137536	0.00630561
94560	0.137581	0.00599576
94620	0.137508	0.00574778
94680	0.137349	0.00570659
94740	0.137319	0.0059607
94800	0.137459	0.00604921
94860	0.13758	0.00602293
94920	0.137638	0.00610176
94980	0.137618	0.00631974
95040	0.137596	0.00646389
95100	0.137609	0.00662024
95160	0.137647	0.00658784
95220	0.137662	0.00646986
95280	0.137643	0.00632453
95340	0.137608	0.00625042
95400	0.137451	0.0062276
95460	0.137415	0.00619231
95520	0.13747	0.00611022
95580	0.137521	0.00607296
95640	0.137581	0.0060796
95700	0.137577	0.00611408
95760	0.137594	0.00608212
95820	0.137586	0.00604451
95880	0.137499	0.00601385
95940	0.137393	0.00596988
96000	0.137114	0.0060666
96060	0.136862	0.00622319
96120	0.136818	0.0063717
96180	0.136901	0.00655313
96240	0.137065	0.00654846
96300	0.137141	0.00630286
96360	0.137185	0.00611253
96420	0.137325	0.00606404
96480	0.137405	0.00603176
96540	0.137413	0.00608583
96600	0.137431	0.00611285
96660	0.137443	0.00610497
96720	0.137457	0.00612062
96780	0.137505	0.00614372
96840	0.137683	0.00608419
96900	0.137809	0.00611413
96960	0.137912	0.00611307
97020	0.138002	0.00601596
97080	0.138092	0.00599973
97140	0.138104	0.00609776
97200	0.137998	0.00624484
97260	0.137904	0.00639341
97320	0.137788	0.00649601
97380	0.137743	0.0065741
97440	0.137801	0.00659817
97500	0.137899	0.00656664
97560	0.13792	0.00649728
97620	0.137784	0.00647518
97680	0.137592	0.00638498
97740	0.137279	0.00640457
97800	0.137038	0.00658601
97860	0.136826	0.00676359
97920	0.136694	0.00673907
97980	0.136656	0.00657121
98040	0.136603	0.00628545
98100	0.136602	0.00615609
98160	0.136648	0.00604193
98220	0.136779	0.00602379
98280	0.136841	0.00611971
98340	0.136933	0.00620063
98400	0.137078	0.00624113
98460	0.137271	0.00628895
98520	0.137507	0.00627125
98580	0.137595	0.00616683
98640	0.137465	0.00595232
98700	0.137273	0.00596245
98760	0.13713	0.0061485
98820	0.137009	0.00625085
98880	0.136899	0.00623045
98940	0.136848	0.00607103
99000	0.136738	0.00603227
99060	0.136613	0.00592173
99120	0.136423	0.00595848
99180	0.136352	0.00614474
99240	0.136479	0.00623783
99300	0.13678	0.00628528
99360	0.137021	0.00626677
99420	0.137182	0.00623614
99480	0.137355	0.00624048
99540	0.137537	0.00617618
99600	0.137612	0.00612697
99660	0.137715	0.00622688
99720	0.137903	0.00625541
99780	0.138042	0.00628823
99840	0.138151	0.00634024
99900	0.138212	0.00632564
99960	0.138168	0.00619131
100020	0.138077	0.00615166
100080	0.137874	0.00622068
100140	0.137666	0.00637907
100200	0.137499	0.00641409
100260	0.137398	0.00643642
100320	0.137349	0.00658413
100380	0.137384	0.00670635
100440	0.137525	0.00670063
100500	0.137541	0.00653245
100560	0.137526	0.00633904
100620	0.137405	0.00616821
100680	0.137226	0.00614503
100740	0.137224	0.00608636
100800	0.137242	0.00609963
100860	0.137267	0.00625243
100920	0.137317	0.00644772
100980	0.137371	0.0064342
101040	0.137395	0.0062822
101100	0.13746	0.00618722
101160	0.13756	0.00625817
101220	0.137612	0.00640853
101280	0.137604	0.00645466
101340	0.137456	0.00627013
101400	0.137261	0.00606015
101460	0.137262	0.00600785
101520	0.137364	0.00611043
101580	0.137507	0.00623901
101640	0.137558	0.0063361
101700	0.137629	0.00638525
101760	0.137662	0.00636899
101820	0.137661	0.00617399
101880	0.137661	0.00599718
101940	0.137764	0.00588927
102000	0.137996	0.00584916
102060	0.138151	0.00591848
102120	0.138256	0.00606782
102180	0.138392	0.00622128
102240	0.138444	0.00631169
102300	0.138442	0.00638559
102360	0.13842	0.00638571
102420	0.13828	0.00638503
102480	0.138171	0.0065466
102540	0.138061	0.00663216
102600	0.137935	0.00655445
102660	0.137702	0.00644981
102720	0.137503	0.00624303
102780	0.137319	0.0062076
102840	0.137022	0.00638905
102900	0.136759	0.00669464
102960	0.13667	0.00685613
103020	0.136705	0.00681653
103080	0.136784	0.00663018
103140	0.136845	0.00645055
103200	0.137082	0.00641758
103260	0.137234	0.0063321
103320	0.137405	0.00635365
103380	0.137703	0.00642344
103440	0.137961	0.00645744
103500	0.138138	0.00641867
103560	0.138309	0.00629367
103620	0.138411	0.00614371
103680	0.138393	0.00614691
103740	0.138242	0.00633756
103800	0.138135	0.00649593
103860	0.137865	0.0064694
103920	0.137616	0.00657293
103980	0.137471	0.00657603
104040	0.13746	0.0064833
104100	0.137412	0.00641635
104160	0.137304	0.00640699
104220	0.137289	0.00640625
104280	0.137309	0.00641407
104340	0.137304	0.00643564
104400	0.137314	0.0064626
104460	0.13742	0.00646743
104520	0.137479	0.00642091
104580	0.137497	0.0064253
104640	0.137502	0.00642393
104700	0.137405	0.0064113
104760	0.137273	0.00648611
104820	0.13715	0.0064958
104880	0.137004	0.00640779
104940	0.136975	0.00636362
105000	0.137083	0.00641618
105060	0.137297	0.00661752
105120	0.137589	0.00678266
105180	0.1378	0.00676635
105240	0.137937	0.00654429
105300	0.137889	0.00618457
105360	0.137804	0.00594749
105420	0.137694	0.00589772
105480	0.137579	0.00592207
105540	0.137579	0.00600953
105600	0.137601	0.00612519
105660	0.137631	0.00628462
105720	0.137676	0.00641854
105780	0.137686	0.00654057
105840	0.137731	0.006552
105900	0.137758	0.00633768
105960	0.137659	0.00597037
106020	0.137472	0.00574966
106080	0.137274	0.00568589
106140	0.137229	0.00585037
106200	0.137235	0.00609668
106260	0.137236	0.00631871
106320	0.137299	0.00636861
106380	0.137247	0.00632899
106440	0.13732	0.00625783
106500	0.137375	0.00615321
106560	0.137481	0.00596765
106620	0.137583	0.00580502
106680	0.137635	0.00566907
106740	0.137693	0.00565212
106800	0.137794	0.00583902
106860	0.137979	0.00605332
106920	0.138158	0.00620393
106980	0.138395	0.00625568
107040	0.138544	0.0062008
107100	0.138537	0.00614586
107160	0.138474	0.00631982
107220	0.138352	0.00655811
107280	0.138306	0.00653507
107340	0.138243	0.00627471
107400	0.137997	0.00601181
107460	0.137732	0.00586037
107520	0.137504	0.00590756
107580	0.137303	0.00611669
107640	0.137184	0.00634526
107700	0.137151	0.00651921
107760	0.137129	0.00652484
107820	0.137101	0.00641987
107880	0.137026	0.00630643
107940	0.137014	0.00627971
108000	0.136982	0.00629096
108060	0.136938	0.00632724
108120	0.136985	0.00640598
108180	0.137064	0.00639917
108240	0.137082	0.00633884
108300	0.137168	0.00618066
108360	0.137291	0.00607629
108420	0.137408	0.00609881
108480	0.137469	0.00628478
108540	0.13756	0.00648276
108600	0.137702	0.0065465
108660	0.137842	0.00653373
108720	0.137856	0.00650256
108780	0.137709	0.00651815
108840	0.137392	0.00658817
108900	0.137071	0.00662199
108960	0.136679	0.00656993
109020	0.136362	0.00653077
109080	0.136164	0.00637236
109140	0.136077	0.00626714
109200	0.136157	0.0062112
109260	0.136336	0.00610193
109320	0.136642	0.00603709
109380	0.136802	0.00596917
109440	0.136899	0.00595637
109500	0.13705	0.00598471
109560	0.137279	0.00612118
109620	0.137552	0.00629669
109680	0.13784	0.00639462
109740	0.138158	0.00646381
109800	0.138419	0.00652687
109860	0.138503	0.00646526
109920	0.138509	0.0063211
109980	0.138463	0.00620861
110040	0.13826	0.00623454
110100	0.138038	0.00631799
110160	0.137776	0.00633523
110220	0.137635	0.00646779
110280	0.137564	0.00670476
110340	0.137572	0.00685272
110400	0.137525	0.00675198
110460	0.13751	0.00652702
110520	0.137391	0.00643599
110580	0.137314	0.00647767
110640	0.137212	0.00651871
110700	0.137156	0.00640327
110760	0.137144	0.00631812
110820	0.137144	0.0063081
110880	0.137186	0.00631611
110940	0.137307	0.00641324
111000	0.137492	0.00663713
111060	0.13768	0.00681949
111120	0.137815	0.00683901
111180	0.137846	0.00674774
111240	0.137764	0.00661184
111300	0.137655	0.0064738
111360	0.137486	0.00642626
111420	0.137352	0.00642695
111480	0.137291	0.00645513
111540	0.137214	0.00664755
111600	0.137206	0.00672665
111660	0.137264	0.00671216
111720	0.137311	0.00668791
111780	0.137316	0.0067334
111840	0.137426	0.0066385
111900	0.137416	0.00647276
111960	0.137357	0.006512
112020	0.137289	0.00663544
112080	0.137239	0.00662211
112140	0.137238	0.00660472
112200	0.137325	0.00660212
112260	0.137485	0.00646809
112320	0.137684	0.00626729
112380	0.137863	0.00609674
112440	0.137854	0.00603802
112500	0.137709	0.0060587
112560	0.137433	0.00617889
112620	0.137336	0.00633203
112680	0.137292	0.00629002
112740	0.137271	0.00624495
112800	0.137181	0.0062413
112860	0.137048	0.00629809
112920	0.137001	0.00631815
112980	0.137019	0.0063229
113040	0.137145	0.00626503
113100	0.137286	0.00622018
113160	0.137462	0.00621113
113220	0.137426	0.00616864
113280	0.13731	0.00609217
113340	0.137235	0.00629775
113400	0.137322	0.00658576
113460	0.137303	0.00678493
113520	0.137362	0.00674431
113580	0.13748	0.00658747
113640	0.137598	0.00645674
113700	0.137658	0.00641241
113760	0.13771	0.00634034
113820	0.137731	0.00635834
113880	0.137761	0.00635322
113940	0.137709	0.00642068
114000	0.137696	0.00648875
114060	0.13767	0.00647768
114120	0.137587	0.00641133
114180	0.137639	0.00640539
114240	0.137674	0.0065004
114300	0.137688	0.00654913
114360	0.137647	0.00647902
114420	0.137609	0.00632769
114480	0.137536	0.00613773
114540	0.13743	0.0059769
114600	0.137372	0.00595936
114660	0.137489	0.00609915
114720	0.137661	0.00622547
114780	0.137755	0.00625121
114840	0.137777	0.00616034
114900	0.137765	0.00605384
114960	0.137719	0.00596524
115020	0.137621	0.00600079
115080	0.137472	0.00617672
115140	0.137348	0.00619693
115200	0.137362	0.00632428
115260	0.137378	0.00647832
115320	0.137534	0.00659793
115380	0.137641	0.00655984
115440	0.137729	0.00634516
115500	0.13779	0.00618827
115560	0.137797	0.00623941
115620	0.137842	0.00647099
115680	0.137909	0.00657868
115740	0.137994	0.00661444
115800	0.138012	0.00663932
115860	0.137893	0.00653897
115920	0.137653	0.00643898
115980	0.137404	0.00655147
116040	0.137131	0.0065775
116100	0.137003	0.00665965
116160	0.137021	0.00669544
116220	0.137103	0.00666126
116280	0.137216	0.00659368
116340	0.137289	0.00652614
116400	0.13728	0.00640661
116460	0.13718	0.00639543
116520	0.13711	0.00632678
116580	0.137267	0.00626317
116640	0.137461	0.00615165
116700	0.137739	0.00609039
116760	0.137909	0.00599343
116820	0.138031	0.00598342
116880	0.137991	0.00598135
116940	0.137794	0.00597857
117000	0.137693	0.0060967
117060	0.137635	0.00627327
117120	0.137585	0.00620755
117180	0.137529	0.00599081
117240	0.137393	0.00594915
117300	0.13719	0.00614375
117360	0.137014	0.0062961
117420	0.136822	0.00636993
117480	0.136607	0.00645794
117540	0.136609	0.00656969
117600	0.136747	0.00651916
117660	0.136961	0.00643964
117720	0.137147	0.00633788
117780	0.137387	0.0063812
117840	0.137675	0.00645325
117900	0.137882	0.00639419
117960	0.137946	0.00619165
118020	0.137799	0.00590262
118080	0.137663	0.00591261
118140	0.137574	0.00610852
118200	0.13757	0.0061947
118260	0.137591	0.00614477
118320	0.137547	0.00611102
118380	0.137316	0.00614008
118440	0.1372	0.00634391
118500	0.137132	0.00634257
118560	0.137095	0.00631042
118620	0.137126	0.00621735
118680	0.137146	0.00618828
118740	0.137165	0.00618105
118800	0.137089	0.00620074
118860	0.137022	0.00604369
118920	0.136954	0.00575364
118980	0.136921	0.00568019
119040	0.137075	0.00589929
119100	0.137258	0.0061306
119160	0.137383	0.0062355
119220	0.137446	0.00612859
119280	0.137433	0.0060634
119340	0.13745	0.00620601
119400	0.137383	0.00632637
119460	0.137399	0.0063868
119520	0.13741	0.00650323
119580	0.137391	0.00673921
119640	0.13739	0.00680709
119700	0.137382	0.0067714
119760	0.137381	0.00656613
119820	0.137274	0.00618941
119880	0.137146	0.00579488
119940	0.136907	0.00557184
120000	0.136782	0.00562033
120060	0.136793	0.00580178
120120	0.13687	0.00608735
120180	0.137107	0.00628085
120240	0.137438	0.00627784
120300	0.137705	0.00617383
120360	0.137952	0.00592992
120420	0.138179	0.00560621
120480	0.138138	0.00546359
120540	0.137967	0.00572052
120600	0.137851	0.0060993
120660	0.137735	0.00625981
120720	0.137637	0.00632282
120780	0.137562	0.00637766
120840	0.13738	0.00639939
120900	0.137182	0.00641661
120960	0.136994	0.00633937
121020	0.13688	0.00626071
121080	0.1368	0.00616487
121140	0.136705	0.00607555
121200	0.136599	0.0059892
121260	0.136477	0.00597159
121320	0.136445	0.0059271
121380	0.136414	0.00591322
121440	0.136436	0.00600011
121500	0.136601	0.00611011
121560	0.136798	0.0061704
121620	0.137003	0.00617805
121680	0.137243	0.00617652
121740	0.137469	0.00621875
121800	0.137686	0.00617954
121860	0.137898	0.00608007
121920	0.138085	0.00588877
121980	0.138098	0.00581614
122040	0.137949	0.00577086
122100	0.137813	0.00582824
122160	0.137758	0.00593067
122220	0.1377	0.00587571
122280	0.137478	0.00587778
122340	0.137238	0.00589884
122400	0.137086	0.00598657
122460	0.136972	0.00603089
122520	0.136941	0.00603641
122580	0.137039	0.00598231
122640	0.137095	0.00588133
122700	0.137226	0.00578221
122760	0.137322	0.00572521
122820	0.1374	0.0056621
122880	0.13744	0.00554687
122940	0.137442	0.0054774
123000	0.137426	0.00566605
123060	0.137435	0.00582078
123120	0.137517	0.00595135
123180	0.137507	0.00603055
123240	0.137373	0.0061381
123300	0.137427	0.00628338
123360	0.137451	0.00630134
123420	0.137501	0.0062846
123480	0.137554	0.00634789
123540	0.13765	0.00644666
123600	0.13769	0.00644999
123660	0.137686	0.00629228
123720	0.137615	0.00622604
123780	0.137459	0.00636995
123840	0.137471	0.00648129
123900	0.137531	0.00650596
123960	0.137651	0.00639104
124020	0.137692	0.00621238
124080	0.137709	0.00611383
124140	0.137663	0.00603922
124200	0.137564	0.00599499
124260	0.13751	0.00603427
124320	0.137491	0.00610877
124380	0.137419	0.00620041
124440	0.137339	0.00639148
124500	0.1373	0.00646946
124560	0.137194	0.00644713
124620	0.137057	0.00647452
124680	0.137021	0.00650424
124740	0.137055	0.00647376
124800	0.137138	0.00636554
124860	0.137323	0.00623044
124920	0.137403	0.00614204
124980	0.137356	0.00597991
125040	0.137293	0.00601163
125100	0.13724	0.0060906
125160	0.137196	0.00610195
125220	0.137187	0.00597683
125280	0.137146	0.00584174
125340	0.13719	0.00578846
125400	0.137356	0.00589687
125460	0.137592	0.00603256
125520	0.137748	0.00617046
125580	0.137881	0.00615544
125640	0.137927	0.00608352
125700	0.137965	0.00588515
125760	0.137979	0.00587018
125820	0.138065	0.00588058
125880	0.138074	0.00602866
125940	0.138033	0.00618677
126000	0.137936	0.00627222
126060	0.13792	0.0063332
126120	0.137907	0.0064271
126180	0.137999	0.00650495
126240	0.138048	0.00652805
126300	0.138119	0.00647769
126360	0.138179	0.00645324
126420	0.138143	0.00635001
126480	0.137983	0.00623431
126540	0.137737	0.00608581
126600	0.137434	0.00614785
126660	0.137174	0.00637331
126720	0.136952	0.00658066
126780	0.136701	0.00679134
126840	0.136655	0.00703549
126900	0.136669	0.00717928
126960	0.136657	0.00715383
127020	0.13666	0.00698052
127080	0.136708	0.00674575
127140	0.136735	0.00655914
127200	0.136858	0.00643285
127260	0.136962	0.00633102
127320	0.13709	0.00615838
127380	0.137268	0.00612826
127440	0.137368	0.00614021
127500	0.137472	0.00604979
127560	0.137579	0.0058488
127620	0.137638	0.00577448
127680	0.137667	0.00591504
127740	0.137707	0.00613463
127800	0.137764	0.00637814
127860	0.137884	0.00670246
127920	0.137972	0.00682529
127980	0.13799	0.00669056
128040	0.137937	0.00661706
128100	0.137799	0.00665964
128160	0.137769	0.00674506
128220	0.137689	0.00668772
128280	0.137531	0.00664685
128340	0.137439	0.00662211
128400	0.137441	0.00659224
128460	0.137428	0.00654101
128520	0.137359	0.00662806
128580	0.137343	0.00666482
128640	0.137398	0.00668342
128700	0.137387	0.00662876
128760	0.137338	0.00632785
128820	0.137238	0.00611095
128880	0.137228	0.00609491
128940	0.137277	0.00618483
129000	0.137373	0.00635442
129060	0.137464	0.00643337
129120	0.137635	0.00643811
129180	0.137789	0.00631585
129240	0.137769	0.00618757
129300	0.137758	0.00603435
129360	0.137707	0.00591083
129420	0.13769	0.00583853
129480	0.137843	0.00590636
129540	0.13801	0.0058947
129600	0.138019	0.00594333
129660	0.137882	0.00609624
129720	0.137725	0.00624766
129780	0.137619	0.00634516
129840	0.137468	0.00652372
129900	0.137356	0.00668597
129960	0.137221	0.00669509
130020	0.137055	0.00650408
130080	0.136862	0.00624135
130140	0.136701	0.00596898
130200	0.136629	0.00583903
130260	0.136644	0.00585864
130320	0.136746	0.00587431
130380	0.136946	0.00576799
130440	0.137209	0.00563278
130500	0.137486	0.00557142
130560	0.137744	0.00565937
130620	0.138068	0.00572611
130680	0.138255	0.00580817
130740	0.138394	0.00597602
130800	0.138336	0.00619787
130860	0.13819	0.00640358
130920	0.138008	0.00647298
130980	0.137745	0.00633658
131040	0.137535	0.00613124
131100	0.137348	0.0060318
131160	0.137177	0.00612215
131220	0.137148	0.00625546
131280	0.137257	0.00628137
131340	0.137351	0.00645353
131400	0.137547	0.00662212
131460	0.137722	0.00669236
131520	0.137815	0.00674465
131580	0.137903	0.00669004
131640	0.137944	0.00660455
131700	0.138062	0.00659192
131760	0.138129	0.00651092
131820	0.13808	0.00656093
131880	0.138049	0.00660088
131940	0.137952	0.00671523
132000	0.13784	0.00677457
132060	0.137682	0.00672384
132120	0.137466	0.00668041
132180	0.137285	0.006675
132240	0.137226	0.00662479
132300	0.137102	0.00647781
132360	0.136907	0.00633555
132420	0.136809	0.00612922
132480	0.136702	0.00601231
132540	0.136672	0.00597976
132600	0.136682	0.00590137
132660	0.136681	0.00582953
132720	0.136689	0.00571908
132780	0.136823	0.00564599
132840	0.137012	0.00559628
132900	0.137227	0.0055789
132960	0.137472	0.00553289
133020	0.137682	0.00547904
133080	0.137845	0.00547529
133140	0.138057	0.00549231
133200	0.138155	0.00549463
133260	0.138247	0.0055676
133320	0.13826	0.00583297
133380	0.138239	0.00609052
133440	0.138277	0.00616948
133500	0.138152	0.00610342
133560	0.137939	0.00606803
133620	0.13772	0.00607675
133680	0.137468	0.00623318
133740	0.137237	0.00635657
133800	0.137051	0.00643496
133860	0.136947	0.00649815
133920	0.136902	0.00648343
133980	0.136903	0.00630171
134040	0.136916	0.00607698
134100	0.136906	0.00584869
134160	0.137045	0.00588234
134220	0.137267	0.00597983
134280	0.137389	0.00592311
134340	0.13749	0.00584535
134400	0.137615	0.00579994
134460	0.137691	0.00580264
134520	0.137741	0.00576344
134580	0.137862	0.00571514
134640	0.137896	0.00573543
134700	0.137924	0.00586294
134760	0.137957	0.00604761
134820	0.137943	0.00617649
134880	0.137928	0.00625849
