0.000002	70.000000
0.000004	70.000000
0.000006	70.000000
0.000008	70.000000
0.000010	70.000000
0.000012	70.000000
0.000014	70.000000
0.000016	70.000000
0.000018	70.000000
0.000020	70.000000
0.000022	70.000000
0.000024	70.000000
0.000026	70.000000
0.000028	70.000000
0.000030	70.000000
0.000032	70.000000
0.000034	70.000000
0.000036	70.000000
0.000038	70.000000
0.000040	70.000000
0.000042	70.000000
0.000044	70.000000
0.000046	70.000000
0.000048	70.000000
0.000050	70.000000
0.000052	70.000000
0.000054	70.000000
0.000056	70.000000
0.000058	70.000000
0.000060	70.000000
0.000062	70.000000
0.000064	70.000000
0.000066	70.000000
0.000068	70.000000
0.000070	70.000000
0.000072	70.000000
0.000074	70.000000
0.000076	70.000000
0.000078	70.000000
0.000080	70.000000
0.000082	70.000000
0.000084	70.000000
0.000086	70.000000
0.000088	70.000000
0.000090	70.000000
0.000092	70.000000
0.000094	70.000000
0.000096	70.000000
0.000098	70.000000
0.000100	70.000000
0.000102	70.000000
0.000104	70.000000
0.000106	70.000000
0.000108	70.000000
0.000110	70.000000
0.000112	70.000000
0.000114	70.000000
0.000116	70.000000
0.000118	70.000000
0.000120	70.000000
0.000122	70.000000
0.000124	70.000000
0.000126	70.000000
0.000128	70.000000
0.000130	70.000000
0.000132	70.000000
0.000134	70.000000
0.000136	70.000000
0.000138	70.000000
0.000140	70.000000
0.000142	70.000000
0.000144	70.000000
0.000146	70.000000
0.000148	70.000000
0.000150	70.000000
0.000152	70.000000
0.000154	70.000000
0.000156	70.000000
0.000158	70.000000
0.000160	70.000000
0.000162	70.000000
0.000164	70.000000
0.000166	70.000000
0.000168	70.000000
0.000170	70.000000
0.000172	70.000000
0.000174	70.000000
0.000176	70.000000
0.000178	70.000000
0.000180	70.000000
0.000182	70.000000
0.000184	70.000000
0.000186	70.000000
0.000188	70.000000
0.000190	70.000000
0.000192	70.000000
0.000194	70.000000
0.000196	70.000000
0.000198	70.000000
0.000200	70.000000
0.000202	70.000000
0.000204	70.000000
0.000206	70.000000
0.000208	70.000000
0.000210	70.000000
0.000212	70.000000
0.000214	70.000000
0.000216	70.000000
0.000218	70.000000
0.000220	70.000000
0.000222	70.000000
0.000224	70.000000
0.000226	70.000000
0.000228	70.000000
0.000230	70.000000
0.000232	70.000000
0.000234	70.000000
0.000236	70.000000
0.000238	70.000000
0.000240	70.000000
0.000242	70.000000
0.000244	70.000000
0.000246	70.000000
0.000248	70.000000
0.000250	70.000000
0.000252	70.000000
0.000254	70.000000
0.000256	70.000000
0.000258	70.000000
0.000260	70.000000
0.000262	70.000000
0.000264	70.000000
0.000266	70.000000
0.000268	70.000000
0.000270	70.000000
0.000272	70.000000
0.000274	70.000000
0.000276	70.000000
0.000278	70.000000
0.000280	70.000000
0.000282	70.000000
0.000284	70.000000
0.000286	70.000000
0.000288	70.000000
0.000290	70.000000
0.000292	70.000000
0.000294	70.000000
0.000296	70.000000
0.000298	70.000000
0.000300	70.000000
0.000302	70.000000
0.000304	70.000000
0.000306	70.000000
0.000308	70.000000
0.000310	70.000000
0.000312	70.000000
0.000314	70.000000
0.000316	70.000000
0.000318	70.000000
0.000320	70.000000
0.000322	70.000000
0.000324	70.000000
0.000326	70.000000
0.000328	70.000000
0.000330	70.000000
0.000332	70.000000
0.000334	70.000000
0.000336	70.000000
0.000338	70.000000
0.000340	70.000000
0.000342	70.000000
0.000344	70.000000
0.000346	70.000000
0.000348	70.000000
0.000350	70.000000
0.000352	70.000000
0.000354	70.000000
0.000356	70.000000
0.000358	70.000000
0.000360	70.000000
0.000362	70.000000
0.000364	70.000000
0.000366	70.000000
0.000368	70.000000
0.000370	70.000000
0.000372	70.000000
0.000374	70.000000
0.000376	70.000000
0.000378	70.000000
0.000380	70.000000
0.000382	70.000000
0.000384	70.000000
0.000386	70.000000
0.000388	70.000000
0.000390	70.000000
0.000392	70.000000
0.000394	70.000000
0.000396	70.000000
0.000398	70.000000
0.000400	70.000000
0.000402	70.000000
0.000404	70.000000
0.000406	70.000000
0.000408	70.000000
0.000410	70.000000
0.000412	70.000000
0.000414	70.000000
0.000416	70.000000
0.000418	70.000000
0.000420	70.000000
0.000422	70.000000
0.000424	70.000000
0.000426	70.000000
0.000428	70.000000
0.000430	70.000000
0.000432	70.000000
0.000434	70.000000
0.000436	70.000000
0.000438	70.000000
0.000440	70.000000
0.000442	70.000000
0.000444	70.000000
0.000446	70.000000
0.000448	70.000000
0.000450	70.000000
0.000452	70.000000
0.000454	70.000000
0.000456	70.000000
0.000458	70.000000
0.000460	70.000000
0.000462	70.000000
0.000464	70.000000
0.000466	70.000000
0.000468	70.000000
0.000470	70.000000
0.000472	70.000000
0.000474	70.000000
0.000476	70.000000
0.000478	70.000000
0.000480	70.000000
0.000482	70.000000
0.000484	70.000000
0.000486	70.000000
0.000488	70.000000
0.000490	70.000000
0.000492	70.000000
0.000494	70.000000
0.000496	70.000000
0.000498	70.000000
0.000500	70.000000
0.000502	70.000000
0.000504	70.000000
0.000506	70.000000
0.000508	70.000000
0.000510	70.000000
0.000512	70.000000
0.000514	70.000000
0.000516	70.000000
0.000518	70.000000
0.000520	70.000000
0.000522	70.000000
0.000524	70.000000
0.000526	70.000000
0.000528	70.000000
0.000530	70.000000
0.000532	70.000000
0.000534	70.000000
0.000536	70.000000
0.000538	70.000000
0.000540	70.000000
0.000542	70.000000
0.000544	70.000000
0.000546	70.000000
0.000548	70.000000
0.000550	70.000000
0.000552	70.000000
0.000554	70.000000
0.000556	70.000000
0.000558	70.000000
0.000560	70.000000
0.000562	70.000000
0.000564	70.000000
0.000566	70.000000
0.000568	70.000000
0.000570	70.000000
0.000572	70.000000
0.000574	70.000000
0.000576	70.000000
0.000578	70.000000
0.000580	70.000000
0.000582	70.000000
0.000584	70.000000
0.000586	70.000000
0.000588	70.000000
0.000590	70.000000
0.000592	70.000000
0.000594	70.000000
0.000596	70.000000
0.000598	70.000000
0.000600	70.000000
0.000602	70.000000
0.000604	70.000000
0.000606	70.000000
0.000608	70.000000
0.000610	70.000000
0.000612	70.000000
0.000614	70.000000
0.000616	70.000000
0.000618	70.000000
0.000620	70.000000
0.000622	70.000000
0.000624	70.000000
0.000626	70.000000
0.000628	70.000000
0.000630	70.000000
0.000632	70.000000
0.000634	70.000000
0.000636	70.000000
0.000638	70.000000
0.000640	70.000000
0.000642	70.000000
0.000644	70.000000
0.000646	70.000000
0.000648	70.000000
0.000650	70.000000
0.000652	70.000000
0.000654	70.000000
0.000656	70.000000
0.000658	70.000000
0.000660	70.000000
0.000662	70.000000
0.000664	70.000000
0.000666	70.000000
0.000668	70.000000
0.000670	70.000000
0.000672	70.000000
0.000674	70.000000
0.000676	70.000000
0.000678	70.000000
0.000680	70.000000
0.000682	70.000000
0.000684	70.000000
0.000686	70.000000
0.000688	70.000000
0.000690	70.000000
0.000692	70.000000
0.000694	70.000000
0.000696	70.000000
0.000698	70.000000
0.000700	70.000000
0.000702	70.000000
0.000704	70.000000
0.000706	70.000000
0.000708	70.000000
0.000710	70.000000
0.000712	70.000000
0.000714	70.000000
0.000716	70.000000
0.000718	70.000000
0.000720	70.000000
0.000722	70.000000
0.000724	70.000000
0.000726	70.000000
0.000728	70.000000
0.000730	70.000000
0.000732	70.000000
0.000734	70.000000
0.000736	70.000000
0.000738	70.000000
0.000740	70.000000
0.000742	70.000000
0.000744	70.000000
0.000746	70.000000
0.000748	70.000000
0.000750	70.000000
0.000752	70.000000
0.000754	70.000000
0.000756	70.000000
0.000758	70.000000
0.000760	70.000000
0.000762	70.000000
0.000764	70.000000
0.000766	70.000000
0.000768	70.000000
0.000770	70.000000
0.000772	70.000000
0.000774	70.000000
0.000776	70.000000
0.000778	70.000000
0.000780	70.000000
0.000782	70.000000
0.000784	70.000000
0.000786	70.000000
0.000788	70.000000
0.000790	70.000000
0.000792	70.000000
0.000794	70.000000
0.000796	70.000000
0.000798	70.000000
0.000800	70.000000
0.000802	70.000000
0.000804	70.000000
0.000806	70.000000
0.000808	70.000000
0.000810	70.000000
0.000812	70.000000
0.000814	70.000000
0.000816	70.000000
0.000818	70.000000
0.000820	70.000000
0.000822	70.000000
0.000824	70.000000
0.000826	70.000000
0.000828	70.000000
0.000830	70.000000
0.000832	70.000000
0.000834	70.000000
0.000836	70.000000
0.000838	70.000000
0.000840	70.000000
0.000842	70.000000
0.000844	70.000000
0.000846	70.000000
0.000848	70.000000
0.000850	70.000000
0.000852	70.000000
0.000854	70.000000
0.000856	70.000000
0.000858	70.000000
0.000860	70.000000
0.000862	70.000000
0.000864	70.000000
0.000866	70.000000
0.000868	70.000000
0.000870	70.000000
0.000872	70.000000
0.000874	70.000000
0.000876	70.000000
0.000878	70.000000
0.000880	70.000000
0.000882	70.000000
0.000884	70.000000
0.000886	70.000000
0.000888	70.000000
0.000890	70.000000
0.000892	70.000000
0.000894	70.000000
0.000896	70.000000
0.000898	70.000000
0.000900	70.000000
0.000902	70.000000
0.000904	70.000000
0.000906	70.000000
0.000908	70.000000
0.000910	70.000000
0.000912	70.000000
0.000914	70.000000
0.000916	70.000000
0.000918	70.000000
0.000920	70.000000
0.000922	70.000000
0.000924	70.000000
0.000926	70.000000
0.000928	70.000000
0.000930	70.000000
0.000932	70.000000
0.000934	70.000000
0.000936	70.000000
0.000938	70.000000
0.000940	70.000000
0.000942	70.000000
0.000944	70.000000
0.000946	70.000000
0.000948	70.000000
0.000950	70.000000
0.000952	70.000000
0.000954	70.000000
0.000956	70.000000
0.000958	70.000000
0.000960	70.000000
0.000962	70.000000
0.000964	70.000000
0.000966	70.000000
0.000968	70.000000
0.000970	70.000000
0.000972	70.000000
0.000974	70.000000
0.000976	70.000000
0.000978	70.000000
0.000980	70.000000
0.000982	70.000000
0.000984	70.000000
0.000986	70.000000
0.000988	70.000000
0.000990	70.000000
0.000992	70.000000
0.000994	70.000000
0.000996	70.000000
0.000998	70.000000
0.001000	70.000000
0.001002	70.000000
0.001004	70.000000
0.001006	70.000000
0.001008	70.000000
0.001010	70.000000
0.001012	70.000000
0.001014	70.000000
0.001016	70.000000
0.001018	70.000000
0.001020	70.000000
0.001022	70.000000
0.001024	70.000000
0.001026	70.000000
0.001028	70.000000
0.001030	70.000000
0.001032	70.000000
0.001034	70.000000
0.001036	70.000000
0.001038	70.000000
0.001040	70.000000
0.001042	70.000000
0.001044	70.000000
0.001046	70.000000
0.001048	70.000000
0.001050	70.000000
0.001052	70.000000
0.001054	70.000000
0.001056	70.000000
0.001058	70.000000
0.001060	70.000000
0.001062	70.000000
0.001064	70.000000
0.001066	70.000000
0.001068	70.000000
0.001070	70.000000
0.001072	70.000000
0.001074	70.000000
0.001076	70.000000
0.001078	70.000000
0.001080	70.000000
0.001082	70.000000
0.001084	70.000000
0.001086	70.000000
0.001088	70.000000
0.001090	70.000000
0.001092	70.000000
0.001094	70.000000
0.001096	70.000000
0.001098	70.000000
0.001100	70.000000
0.001102	70.000000
0.001104	70.000000
0.001106	70.000000
0.001108	70.000000
0.001110	70.000000
0.001112	70.000000
0.001114	70.000000
0.001116	70.000000
0.001118	70.000000
0.001120	70.000000
0.001122	70.000000
0.001124	70.000000
0.001126	70.000000
0.001128	70.000000
0.001130	70.000000
0.001132	70.000000
0.001134	70.000000
0.001136	70.000000
0.001138	70.000000
0.001140	70.000000
0.001142	70.000000
0.001144	70.000000
0.001146	70.000000
0.001148	70.000000
0.001150	70.000000
0.001152	70.000000
0.001154	70.000000
0.001156	70.000000
0.001158	70.000000
0.001160	70.000000
0.001162	70.000000
0.001164	70.000000
0.001166	70.000000
0.001168	70.000000
0.001170	70.000000
0.001172	70.000000
0.001174	70.000000
0.001176	70.000000
0.001178	70.000000
0.001180	70.000000
0.001182	70.000000
0.001184	70.000000
0.001186	70.000000
0.001188	70.000000
0.001190	70.000000
0.001192	70.000000
0.001194	70.000000
0.001196	70.000000
0.001198	70.000000
0.001200	70.000000
0.001202	70.000000
0.001204	70.000000
0.001206	70.000000
0.001208	70.000000
0.001210	70.000000
0.001212	70.000000
0.001214	70.000000
0.001216	70.000000
0.001218	70.000000
0.001220	70.000000
0.001222	70.000000
0.001224	70.000000
0.001226	70.000000
0.001228	70.000000
0.001230	70.000000
0.001232	70.000000
0.001234	70.000000
0.001236	70.000000
0.001238	70.000000
0.001240	70.000000
0.001242	70.000000
0.001244	70.000000
0.001246	70.000000
0.001248	70.000000
0.001250	70.000000
0.001252	70.000000
0.001254	70.000000
0.001256	70.000000
0.001258	70.000000
0.001260	70.000000
0.001262	70.000000
0.001264	70.000000
0.001266	70.000000
0.001268	70.000000
0.001270	70.000000
0.001272	70.000000
0.001274	70.000000
0.001276	70.000000
0.001278	70.000000
0.001280	70.000000
0.001282	70.000000
0.001284	70.000000
0.001286	70.000000
0.001288	70.000000
0.001290	70.000000
0.001292	70.000000
0.001294	70.000000
0.001296	70.000000
0.001298	70.000000
0.001300	70.000000
0.001302	70.000000
0.001304	70.000000
0.001306	70.000000
0.001308	70.000000
0.001310	70.000000
0.001312	70.000000
0.001314	70.000000
0.001316	70.000000
0.001318	70.000000
0.001320	70.000000
0.001322	70.000000
0.001324	70.000000
0.001326	70.000000
0.001328	70.000000
0.001330	70.000000
0.001332	70.000000
0.001334	70.000000
0.001336	70.000000
0.001338	70.000000
0.001340	70.000000
0.001342	70.000000
0.001344	70.000000
0.001346	70.000000
0.001348	70.000000
0.001350	70.000000
0.001352	70.000000
0.001354	70.000000
0.001356	70.000000
0.001358	70.000000
0.001360	70.000000
0.001362	70.000000
0.001364	70.000000
0.001366	70.000000
0.001368	70.000000
0.001370	70.000000
0.001372	70.000000
0.001374	70.000000
0.001376	70.000000
0.001378	70.000000
0.001380	70.000000
0.001382	70.000000
0.001384	70.000000
0.001386	70.000000
0.001388	70.000000
0.001390	70.000000
0.001392	70.000000
0.001394	70.000000
0.001396	70.000000
0.001398	70.000000
0.001400	70.000000
0.001402	70.000000
0.001404	70.000000
0.001406	70.000000
0.001408	70.000000
0.001410	70.000000
0.001412	70.000000
0.001414	70.000000
0.001416	70.000000
0.001418	70.000000
0.001420	70.000000
0.001422	70.000000
0.001424	70.000000
0.001426	70.000000
0.001428	70.000000
0.001430	70.000000
0.001432	70.000000
0.001434	70.000000
0.001436	70.000000
0.001438	70.000000
0.001440	70.000000
0.001442	70.000000
0.001444	70.000000
0.001446	70.000000
0.001448	70.000000
0.001450	70.000000
0.001452	70.000000
0.001454	70.000000
0.001456	70.000000
0.001458	70.000000
0.001460	70.000000
0.001462	70.000000
0.001464	70.000000
0.001466	70.000000
0.001468	70.000000
0.001470	70.000000
0.001472	70.000000
0.001474	70.000000
0.001476	70.000000
0.001478	70.000000
0.001480	70.000000
0.001482	70.000000
0.001484	70.000000
0.001486	70.000000
0.001488	70.000000
0.001490	70.000000
0.001492	70.000000
0.001494	70.000000
0.001496	70.000000
0.001498	70.000000
0.001500	70.000000
0.001502	70.000000
0.001504	70.000000
0.001506	70.000000
0.001508	70.000000
0.001510	70.000000
0.001512	70.000000
0.001514	70.000000
0.001516	70.000000
0.001518	70.000000
0.001520	70.000000
0.001522	70.000000
0.001524	70.000000
0.001526	70.000000
0.001528	70.000000
0.001530	70.000000
0.001532	70.000000
0.001534	70.000000
0.001536	70.000000
0.001538	70.000000
0.001540	70.000000
0.001542	70.000000
0.001544	70.000000
0.001546	70.000000
0.001548	70.000000
0.001550	70.000000
0.001552	70.000000
0.001554	70.000000
0.001556	70.000000
0.001558	70.000000
0.001560	70.000000
0.001562	70.000000
0.001564	70.000000
0.001566	70.000000
0.001568	70.000000
0.001570	70.000000
0.001572	70.000000
0.001574	70.000000
0.001576	70.000000
0.001578	70.000000
0.001580	70.000000
0.001582	70.000000
0.001584	70.000000
0.001586	70.000000
0.001588	70.000000
0.001590	70.000000
0.001592	70.000000
0.001594	70.000000
0.001596	70.000000
0.001598	70.000000
0.001600	70.000000
0.001602	70.000000
0.001604	70.000000
0.001606	70.000000
0.001608	70.000000
0.001610	70.000000
0.001612	70.000000
0.001614	70.000000
0.001616	70.000000
0.001618	70.000000
0.001620	70.000000
0.001622	70.000000
0.001624	70.000000
0.001626	70.000000
0.001628	70.000000
0.001630	70.000000
0.001632	70.000000
0.001634	70.000000
0.001636	70.000000
0.001638	70.000000
0.001640	70.000000
0.001642	70.000000
0.001644	70.000000
0.001646	70.000000
0.001648	70.000000
0.001650	70.000000
0.001652	70.000000
0.001654	70.000000
0.001656	70.000000
0.001658	70.000000
0.001660	70.000000
0.001662	70.000000
0.001664	70.000000
0.001666	70.000000
0.001668	70.000000
0.001670	70.000000
0.001672	70.000000
0.001674	70.000000
0.001676	70.000000
0.001678	70.000000
0.001680	70.000000
0.001682	70.000000
0.001684	70.000000
0.001686	70.000000
0.001688	70.000000
0.001690	70.000000
0.001692	70.000000
0.001694	70.000000
0.001696	70.000000
0.001698	70.000000
0.001700	70.000000
0.001702	70.000000
0.001704	70.000000
0.001706	70.000000
0.001708	70.000000
0.001710	70.000000
0.001712	70.000000
0.001714	70.000000
0.001716	70.000000
0.001718	70.000000
0.001720	70.000000
0.001722	70.000000
0.001724	70.000000
0.001726	70.000000
0.001728	70.000000
0.001730	70.000000
0.001732	70.000000
0.001734	70.000000
0.001736	70.000000
0.001738	70.000000
0.001740	70.000000
0.001742	70.000000
0.001744	70.000000
0.001746	70.000000
0.001748	70.000000
0.001750	70.000000
0.001752	70.000000
0.001754	70.000000
0.001756	70.000000
0.001758	70.000000
0.001760	70.000000
0.001762	70.000000
0.001764	70.000000
0.001766	70.000000
0.001768	70.000000
0.001770	70.000000
0.001772	70.000000
0.001774	70.000000
0.001776	70.000000
0.001778	70.000000
0.001780	70.000000
0.001782	70.000000
0.001784	70.000000
0.001786	70.000000
0.001788	70.000000
0.001790	70.000000
0.001792	70.000000
0.001794	70.000000
0.001796	70.000000
0.001798	70.000000
0.001800	70.000000
0.001802	70.000000
0.001804	70.000000
0.001806	70.000000
0.001808	70.000000
0.001810	70.000000
0.001812	70.000000
0.001814	70.000000
0.001816	70.000000
0.001818	70.000000
0.001820	70.000000
0.001822	70.000000
0.001824	70.000000
0.001826	70.000000
0.001828	70.000000
0.001830	70.000000
0.001832	70.000000
0.001834	70.000000
0.001836	70.000000
0.001838	70.000000
0.001840	70.000000
0.001842	70.000000
0.001844	70.000000
0.001846	70.000000
0.001848	70.000000
0.001850	70.000000
0.001852	70.000000
0.001854	70.000000
0.001856	70.000000
0.001858	70.000000
0.001860	70.000000
0.001862	70.000000
0.001864	70.000000
0.001866	70.000000
0.001868	70.000000
0.001870	70.000000
0.001872	70.000000
0.001874	70.000000
0.001876	70.000000
0.001878	70.000000
0.001880	70.000000
0.001882	70.000000
0.001884	70.000000
0.001886	70.000000
0.001888	70.000000
0.001890	70.000000
0.001892	70.000000
0.001894	70.000000
0.001896	70.000000
0.001898	70.000000
0.001900	70.000000
0.001902	70.000000
0.001904	70.000000
0.001906	70.000000
0.001908	70.000000
0.001910	70.000000
0.001912	70.000000
0.001914	70.000000
0.001916	70.000000
0.001918	70.000000
0.001920	70.000000
0.001922	70.000000
0.001924	70.000000
0.001926	70.000000
0.001928	70.000000
0.001930	70.000000
0.001932	70.000000
0.001934	70.000000
0.001936	70.000000
0.001938	70.000000
0.001940	70.000000
0.001942	70.000000
0.001944	70.000000
0.001946	70.000000
0.001948	70.000000
0.001950	70.000000
0.001952	70.000000
0.001954	70.000000
0.001956	70.000000
0.001958	70.000000
0.001960	70.000000
0.001962	70.000000
0.001964	70.000000
0.001966	70.000000
0.001968	70.000000
0.001970	70.000000
0.001972	70.000000
0.001974	70.000000
0.001976	70.000000
0.001978	70.000000
0.001980	70.000000
0.001982	70.000000
0.001984	70.000000
0.001986	70.000000
0.001988	70.000000
0.001990	70.000000
0.001992	70.000000
0.001994	70.000000
0.001996	70.000000
0.001998	70.000000
0.002000	70.000000
