0.000322	69.717514
0.000324	69.293434
0.000326	68.874626
0.000328	68.460533
0.000330	68.051895
0.000332	67.648026
0.000334	67.249001
0.000336	66.854721
0.000338	66.465103
0.000340	66.080078
0.000342	65.699554
0.000344	65.323456
0.000346	64.951698
0.000348	64.584221
0.000350	64.220955
0.000352	63.861824
0.000354	63.506748
0.000356	63.155682
0.000358	62.808037
0.000360	62.464771
0.000362	62.125309
0.000364	61.789589
0.000366	61.457436
0.000368	61.128895
0.000370	60.803909
0.000372	60.482414
0.000374	60.164356
0.000376	59.849686
0.000378	59.538334
0.000380	59.230267
0.000382	58.925423
0.000384	58.623760
0.000386	58.325211
0.000388	58.029743
0.000390	57.737309
0.000392	57.447857
0.000394	57.161339
0.000396	56.877716
0.000398	56.596947
0.000400	56.318977
0.000402	56.043785
0.000404	55.771305
0.000406	55.501507
0.000408	55.234360
0.000410	54.969818
0.000412	54.707844
0.000414	54.448402
0.000416	54.191448
0.000418	53.936962
0.000420	53.684883
0.000422	53.435207
0.000424	53.187881
0.000426	52.942871
0.000428	52.700153
0.000430	52.459694
0.000432	52.221462
0.000434	51.985420
0.000436	51.751545
0.000438	51.519802
0.000440	51.290173
0.000442	51.062607
0.000444	50.837101
0.000446	50.613609
0.000448	50.392109
0.000450	50.172585
0.000452	49.954990
0.000454	49.739311
0.000456	49.525524
0.000458	49.313602
0.000460	49.103519
0.000462	48.895248
0.000464	48.689274
0.000466	48.484562
0.000468	48.281593
0.000470	48.080353
0.000472	47.880802
0.000474	47.682949
0.000476	47.486809
0.000478	47.292301
0.000480	47.099419
0.000482	46.908134
0.000484	46.718426
0.000486	46.530281
0.000488	46.343685
0.000490	46.158607
0.000492	45.975033
0.000494	45.792946
0.000496	45.612331
0.000498	45.433163
0.000500	45.255428
0.000502	45.079113
0.000504	44.904194
0.000506	44.730656
0.000508	44.558491
0.000510	44.387669
0.000512	44.218189
0.000514	44.050022
0.000516	43.883160
0.000518	43.717590
0.000520	43.553299
0.000522	43.390263
0.000524	43.228470
0.000526	43.067913
0.000528	42.908573
0.000530	42.750359
0.000532	42.593395
0.000534	42.437603
0.000536	42.282974
0.000538	42.129494
0.000540	41.977150
0.000542	41.825932
0.000544	41.675827
0.000546	41.526817
0.000548	41.378902
0.000550	41.232059
0.000552	41.086281
0.000554	40.941551
0.000556	40.797867
0.000558	40.655212
0.000560	40.513580
0.000562	40.372948
0.000564	40.233322
0.000566	40.094673
0.000568	39.957008
0.000570	39.820305
0.000572	39.684555
0.000574	39.549751
0.000576	39.415894
0.000578	39.282955
0.000580	39.150932
0.000582	39.019817
0.000584	38.889599
0.000586	38.760277
0.000588	38.631828
0.000590	38.504250
0.000592	38.377533
0.000594	38.251675
0.000596	38.126656
0.000598	38.002476
0.000600	37.879120
0.000602	37.756588
0.000604	37.634914
0.000606	37.514042
0.000608	37.393955
0.000610	37.274662
0.000612	37.156136
0.000614	37.038383
0.000616	36.920895
0.000618	36.804657
0.000620	36.689175
0.000622	36.574429
0.000624	36.460415
0.000626	36.347130
0.000628	36.234562
0.000630	36.122707
0.000632	36.011562
0.000634	35.901108
0.000636	35.791355
0.000638	35.682293
0.000640	35.573898
0.000642	35.466187
0.000644	35.359142
0.000646	35.252754
0.000648	35.147030
0.000650	35.041950
0.000652	34.937515
0.000654	34.833721
0.000656	34.730560
0.000658	34.628021
0.000660	34.526108
0.000662	34.424809
0.000664	34.324120
0.000666	34.224033
0.000668	34.124546
0.000670	34.025654
0.000672	33.927345
0.000674	33.829418
0.000676	33.732521
0.000678	33.635941
0.000680	33.539665
0.000682	33.444477
0.000684	33.349602
0.000686	33.255280
0.000688	33.161514
0.000690	33.068291
0.000692	32.975616
0.000694	32.883488
0.000696	32.791889
0.000698	32.700832
0.000700	32.610302
0.000702	32.519798
0.000704	32.430321
0.000706	32.341358
0.000708	32.252834
0.000710	32.164787
0.000712	32.077229
0.000714	31.990164
0.000716	31.903584
0.000718	31.817490
0.000720	31.731873
0.000722	31.646729
0.000724	31.562054
0.000726	31.477846
0.000728	31.394102
0.000730	31.310814
0.000732	31.227985
0.000734	31.145605
0.000736	31.063673
0.000738	30.982182
0.000740	30.901136
0.000742	30.820522
0.000744	30.740349
0.000746	30.660603
0.000748	30.581282
0.000750	30.502380
0.000752	30.423903
0.000754	30.345842
0.000756	30.268194
0.000758	30.190954
0.000760	30.114119
0.000762	30.037689
0.000764	29.961658
0.000766	29.886024
0.000768	29.810787
0.000770	29.735937
0.000772	29.661478
0.000774	29.587400
0.000776	29.513708
0.000778	29.440392
0.000780	29.367453
0.000782	29.294884
0.000784	29.222683
0.000786	29.150856
0.000788	29.079388
0.000790	29.008286
0.000792	28.937538
0.000794	28.867149
0.000796	28.797110
0.000798	28.727423
0.000800	28.658085
0.000802	28.589220
0.000804	28.520584
0.000806	28.452288
0.000808	28.384331
0.000810	28.316713
0.000812	28.249426
0.000814	28.182472
0.000816	28.115847
0.000818	28.049549
0.000820	27.983576
0.000822	27.917921
0.000824	27.852592
0.000826	27.787579
0.000828	27.722879
0.000830	27.657995
0.000832	27.593918
0.000834	27.530153
0.000836	27.466694
0.000838	27.403540
0.000840	27.340691
0.000842	27.278143
0.000844	27.215895
0.000846	27.153940
0.000848	27.092247
0.000850	27.030842
0.000852	26.969721
0.000854	26.908888
0.000856	26.848339
0.000858	26.788074
0.000860	26.728085
0.000862	26.668377
0.000864	26.608946
0.000866	26.549789
0.000868	26.490904
0.000870	26.432291
0.000872	26.373945
0.000874	26.315868
0.000876	26.258059
0.000878	26.200508
0.000880	26.143219
0.000882	26.086191
0.000884	26.029421
0.000886	25.972910
0.000888	25.916647
0.000890	25.860643
0.000892	25.804886
0.000894	25.749380
0.000896	25.694126
0.000898	25.639114
0.000900	25.584345
0.000902	25.529823
0.000904	25.475538
0.000906	25.421497
0.000908	25.367693
0.000910	25.314125
0.000912	25.260792
0.000914	25.207693
0.000916	25.154825
0.000918	25.102186
0.000920	25.049780
0.000922	24.997597
0.000924	24.945642
0.000926	24.893911
0.000928	24.842405
0.000930	24.791117
0.000932	24.740051
0.000934	24.689203
0.000936	24.638571
0.000938	24.588154
0.000940	24.537956
0.000942	24.487968
0.000944	24.438189
0.000946	24.388626
0.000948	24.339268
0.000950	24.290119
0.000952	24.241177
0.000954	24.192442
0.000956	24.143908
0.000958	24.095579
0.000960	24.047449
0.000962	23.999519
0.000964	23.951790
0.000966	23.904257
0.000968	23.856920
0.000970	23.809780
0.000972	23.762835
0.000974	23.716082
0.000976	23.669519
0.000978	23.623148
0.000980	23.576965
0.000982	23.530968
0.000984	23.485163
0.000986	23.439539
0.000988	23.394100
0.000990	23.348846
0.000992	23.303776
0.000994	23.258888
0.000996	23.214178
0.000998	23.169647
0.001000	23.125296
0.001002	23.081121
0.001004	23.037121
0.001006	22.993296
0.001008	22.949646
0.001010	22.906168
0.001012	22.862864
0.001014	22.819729
0.001016	22.776764
0.001018	22.734007
0.001020	22.691378
0.001022	22.648914
0.001024	22.606615
0.001026	22.564486
0.001028	22.522514
0.001030	22.480711
0.001032	22.439068
0.001034	22.397587
0.001036	22.356262
0.001038	22.315102
0.001040	22.274096
0.001042	22.233250
0.001044	22.192560
0.001046	22.152025
0.001048	22.111645
0.001050	22.071419
0.001052	22.031343
0.001054	21.991425
0.001056	21.951654
0.001058	21.912035
0.001060	21.872564
0.001062	21.833241
0.001064	21.794069
0.001066	21.755041
0.001068	21.716162
0.001070	21.677425
0.001072	21.638834
0.001074	21.600388
0.001076	21.562084
0.001078	21.523922
0.001080	21.485901
0.001082	21.448019
0.001084	21.410278
0.001086	21.372677
0.001088	21.335215
0.001090	21.297890
0.001092	21.260702
0.001094	21.223646
0.001096	21.186731
0.001098	21.149948
0.001100	21.113298
0.001102	21.076780
0.001104	21.040400
0.001106	21.004145
0.001108	20.968023
0.001110	20.932032
0.001112	20.896170
0.001114	20.860437
0.001116	20.824833
0.001118	20.789354
0.001120	20.754004
0.001122	20.718779
0.001124	20.683680
0.001126	20.648705
0.001128	20.613853
0.001130	20.579126
0.001132	20.544523
0.001134	20.510040
0.001136	20.475677
0.001138	20.441439
0.001140	20.407318
0.001142	20.373318
0.001144	20.339436
0.001146	20.305672
0.001148	20.272026
0.001150	20.238499
0.001152	20.205086
0.001154	20.171787
0.001156	20.138607
0.001158	20.105537
0.001160	20.072586
0.001162	20.039747
0.001164	20.007021
0.001166	19.974405
0.001168	19.941904
0.001170	19.909513
0.001172	19.877232
0.001174	19.845060
0.001176	19.813000
0.001178	19.781048
0.001180	19.749205
0.001182	19.717466
0.001184	19.685837
0.001186	19.654316
0.001188	19.622900
0.001190	19.591587
0.001192	19.560381
0.001194	19.529282
0.001196	19.498283
0.001198	19.467392
0.001200	19.436600
0.001202	19.405910
0.001204	19.375326
0.001206	19.344841
0.001208	19.314455
0.001210	19.284174
0.001212	19.253990
0.001214	19.223906
0.001216	19.193920
0.001218	19.164036
0.001220	19.134247
0.001222	19.104555
0.001224	19.074961
0.001226	19.045464
0.001228	19.016062
0.001230	18.986757
0.001232	18.957546
0.001234	18.928429
0.001236	18.899408
0.001238	18.870489
0.001240	18.841671
0.001242	18.812950
0.001244	18.784315
0.001246	18.755777
0.001248	18.727325
0.001250	18.698969
0.001252	18.670696
0.001254	18.642521
0.001256	18.614429
0.001258	18.586430
0.001260	18.558517
0.001262	18.530693
0.001264	18.502958
0.001266	18.475309
0.001268	18.447746
0.001270	18.420269
0.001272	18.392380
0.001274	18.365076
0.001276	18.337856
0.001278	18.310722
0.001280	18.283672
0.001282	18.256708
0.001284	18.229826
0.001286	18.203028
0.001288	18.176313
0.001290	18.149681
0.001292	18.123133
0.001294	18.096663
0.001296	18.070274
0.001298	18.043970
0.001300	18.017744
0.001302	17.991600
0.001304	17.965534
0.001306	17.939550
0.001308	17.913643
0.001310	17.887814
0.001312	17.862068
0.001314	17.836395
0.001316	17.810804
0.001318	17.785288
0.001320	17.759851
0.001322	17.734489
0.001324	17.709204
0.001326	17.683994
0.001328	17.658861
0.001330	17.633804
0.001332	17.608820
0.001334	17.583912
0.001336	17.559080
0.001338	17.534319
0.001340	17.509632
0.001342	17.485020
0.001344	17.460484
0.001346	17.436014
0.001348	17.411621
0.001350	17.387300
0.001352	17.363050
0.001354	17.338871
0.001356	17.314764
0.001358	17.290728
0.001360	17.266762
0.001362	17.242867
0.001364	17.219044
0.001366	17.195288
0.001368	17.171598
0.001370	17.147984
0.001372	17.124434
0.001374	17.100954
0.001376	17.077541
0.001378	17.054197
0.001380	17.030922
0.001382	17.007711
0.001384	16.984571
0.001386	16.961494
0.001388	16.938488
0.001390	16.915545
0.001392	16.892668
0.001394	16.869856
0.001396	16.847109
0.001398	16.824429
0.001400	16.801813
0.001402	16.779263
0.001404	16.756775
0.001406	16.734350
0.001408	16.711992
0.001410	16.689695
0.001412	16.667463
0.001414	16.645292
0.001416	16.623186
0.001418	16.601139
0.001420	16.579157
0.001422	16.557159
0.001424	16.535164
0.001426	16.513756
0.001428	16.491936
0.001430	16.470201
0.001432	16.448553
0.001434	16.426992
0.001436	16.405518
0.001438	16.384125
0.001440	16.362812
0.001442	16.341583
0.001444	16.319937
0.001446	16.298872
0.001448	16.277775
0.001450	16.256693
0.001452	16.235670
0.001454	16.214706
0.001456	16.193800
0.001458	16.172953
0.001460	16.152159
0.001462	16.131426
0.001464	16.110752
0.001466	16.090132
0.001468	16.069571
0.001470	16.049065
0.001472	16.028616
0.001474	16.008223
0.001476	15.987885
0.001478	15.967607
0.001480	15.947384
0.001482	15.927214
0.001484	15.907102
0.001486	15.887043
0.001488	15.867041
0.001490	15.847094
0.001492	15.827200
0.001494	15.807363
0.001496	15.787580
0.001498	15.767850
0.001500	15.747674
0.001502	15.728051
0.001504	15.708486
0.001506	15.688972
0.001508	15.669513
0.001510	15.650106
0.001512	15.630754
0.001514	15.611454
0.001516	15.592183
0.001518	15.572948
0.001520	15.553765
0.001522	15.534630
0.001524	15.515547
0.001526	15.496515
0.001528	15.477532
0.001530	15.458598
0.001532	15.439714
0.001534	15.420877
0.001536	15.402093
0.001538	15.383354
0.001540	15.364666
0.001542	15.346027
0.001544	15.327435
0.001546	15.308890
0.001548	15.290395
0.001550	15.271947
0.001552	15.253547
0.001554	15.235194
0.001556	15.216888
0.001558	15.198628
0.001560	15.180418
0.001562	15.162252
0.001564	15.144133
0.001566	15.126060
0.001568	15.108035
0.001570	15.090054
0.001572	15.072120
0.001574	15.054230
0.001576	15.036386
0.001578	15.018586
0.001580	15.000834
0.001582	14.983124
0.001584	14.965461
0.001586	14.947842
0.001588	14.930266
0.001590	14.912735
0.001592	14.895249
0.001594	14.877807
0.001596	14.860407
0.001598	14.843051
0.001600	14.825738
0.001602	14.808470
0.001604	14.791245
0.001606	14.774061
0.001608	14.756921
0.001610	14.739823
0.001612	14.722768
0.001614	14.705754
0.001616	14.688782
0.001618	14.671855
0.001620	14.654966
0.001622	14.638121
0.001624	14.621318
0.001626	14.604555
0.001628	14.587833
0.001630	14.571152
0.001632	14.554512
0.001634	14.537913
0.001636	14.521355
0.001638	14.504838
0.001640	14.488359
0.001642	14.471922
0.001644	14.455525
0.001646	14.439168
0.001648	14.422849
0.001650	14.406569
0.001652	14.390330
0.001654	14.374130
0.001656	14.357969
0.001658	14.341849
0.001660	14.325766
0.001662	14.309721
0.001664	14.293715
0.001666	14.277748
0.001668	14.261820
0.001670	14.245927
0.001672	14.230074
0.001674	14.214260
0.001676	14.198483
0.001678	14.182741
0.001680	14.167040
0.001682	14.151375
0.001684	14.135746
0.001686	14.120155
0.001688	14.104601
0.001690	14.089085
0.001692	14.073604
0.001694	14.058160
0.001696	14.042752
0.001698	14.027381
0.001700	14.012047
0.001702	13.996745
0.001704	13.981483
0.001706	13.966255
0.001708	13.951064
0.001710	13.935907
0.001712	13.920786
0.001714	13.905699
0.001716	13.890648
0.001718	13.875714
0.001720	13.860738
0.001722	13.845797
0.001724	13.830887
0.001726	13.816015
0.001728	13.801176
0.001730	13.786373
0.001732	13.771603
0.001734	13.756867
0.001736	13.742165
0.001738	13.727498
0.001740	13.712865
0.001742	13.698265
0.001744	13.683699
0.001746	13.669165
0.001748	13.654666
0.001750	13.640201
0.001752	13.625766
0.001754	13.611367
0.001756	13.597001
0.001758	13.582666
0.001760	13.568365
0.001762	13.554095
0.001764	13.539859
0.001766	13.525655
0.001768	13.511483
0.001770	13.497344
0.001772	13.483238
0.001774	13.469162
0.001776	13.455118
0.001778	13.441108
0.001780	13.427127
0.001782	13.413179
0.001784	13.399261
0.001786	13.385377
0.001788	13.371523
0.001790	13.357699
0.001792	13.343909
0.001794	13.330147
0.001796	13.316419
0.001798	13.302718
0.001800	13.289051
0.001802	13.275414
0.001804	13.261305
0.001806	13.247727
0.001808	13.234181
0.001810	13.220666
0.001812	13.207179
0.001814	13.193725
0.001816	13.180298
0.001818	13.166902
0.001820	13.153536
0.001822	13.140200
0.001824	13.126891
0.001826	13.113614
0.001828	13.100368
0.001830	13.087149
0.001832	13.073958
0.001834	13.060799
0.001836	13.047668
0.001838	13.034565
0.001840	13.021491
0.001842	13.008447
0.001844	12.995432
0.001846	12.982433
0.001848	12.969459
0.001850	12.956511
0.001852	12.943593
0.001854	12.930702
0.001856	12.917839
0.001858	12.905004
0.001860	12.892195
0.001862	12.879415
0.001864	12.866661
0.001866	12.853935
0.001868	12.841236
0.001870	12.828567
0.001872	12.815921
0.001874	12.803306
0.001876	12.790714
0.001878	12.778152
0.001880	12.765615
0.001882	12.753104
0.001884	12.740621
0.001886	12.728164
0.001888	12.715734
0.001890	12.703328
0.001892	12.690950
0.001894	12.678600
0.001896	12.666274
0.001898	12.653974
0.001900	12.641699
0.001902	12.629453
0.001904	12.617230
0.001906	12.605033
0.001908	12.592861
0.001910	12.580716
0.001912	12.568595
0.001914	12.556500
0.001916	12.544431
0.001918	12.532387
0.001920	12.520368
0.001922	12.508373
0.001924	12.496404
0.001926	12.484459
0.001928	12.472540
0.001930	12.460646
0.001932	12.448774
0.001934	12.436929
0.001936	12.425108
0.001938	12.413311
0.001940	12.401539
0.001942	12.389790
0.001944	12.378065
0.001946	12.366365
0.001948	12.354691
0.001950	12.343039
0.001952	12.331409
0.001954	12.319806
0.001956	12.308225
0.001958	12.296668
0.001960	12.285135
0.001962	12.273625
0.001964	12.262138
0.001966	12.250676
0.001968	12.239235
0.001970	12.227820
0.001972	12.216426
0.001974	12.205057
0.001976	12.193709
0.001978	12.182385
0.001980	12.171084
0.001982	12.159805
0.001984	12.148549
0.001986	12.137317
0.001988	12.126105
0.001990	12.114919
0.001992	12.103752
0.001994	12.092609
0.001996	12.081489
0.001998	12.070390
0.002000	12.059313
