0.000236	69.718811
0.000238	69.141510
0.000240	68.573479
0.000242	68.015366
0.000244	67.466164
0.000246	66.925896
0.000248	66.394333
0.000250	65.871277
0.000252	65.356522
0.000254	64.849876
0.000256	64.351158
0.000258	63.860168
0.000260	63.376755
0.000262	62.900738
0.000264	62.431450
0.000266	61.969738
0.000268	61.514874
0.000270	61.066658
0.000272	60.625046
0.000274	60.189880
0.000276	59.761009
0.000278	59.338314
0.000280	58.921658
0.000282	58.510902
0.000284	58.105938
0.000286	57.706638
0.000288	57.312870
0.000290	56.924534
0.000292	56.541523
0.000294	56.163715
0.000296	55.791012
0.000298	55.423313
0.000300	55.060513
0.000302	54.702518
0.000304	54.349236
0.000306	54.000557
0.000308	53.656418
0.000310	53.316708
0.000312	52.981354
0.000314	52.650272
0.000316	52.323376
0.000318	52.000591
0.000320	51.681839
0.000322	51.367035
0.000324	51.056122
0.000326	50.749027
0.000328	50.445663
0.000330	50.145981
0.000332	49.849892
0.000334	49.557358
0.000336	49.268291
0.000338	48.982647
0.000340	48.700352
0.000342	48.421848
0.000344	48.146076
0.000346	47.873486
0.000348	47.604023
0.000350	47.337696
0.000352	47.074402
0.000354	46.814087
0.000356	46.556698
0.000358	46.302181
0.000360	46.050495
0.000362	45.801582
0.000364	45.555412
0.000366	45.311928
0.000368	45.071091
0.000370	44.832855
0.000372	44.597183
0.000374	44.364033
0.000376	44.133362
0.000378	43.905132
0.000380	43.679310
0.000382	43.455849
0.000384	43.234718
0.000386	43.015881
0.000388	42.799305
0.000390	42.584873
0.000392	42.372684
0.000394	42.162647
0.000396	41.954727
0.000398	41.748905
0.000400	41.545135
0.000402	41.343391
0.000404	41.143646
0.000406	40.945869
0.000408	40.750031
0.000410	40.556103
0.000412	40.364059
0.000414	40.173866
0.000416	39.985508
0.000418	39.798946
0.000420	39.614159
0.000422	39.431129
0.000424	39.249821
0.000426	39.070221
0.000428	38.892292
0.000430	38.716019
0.000432	38.541386
0.000434	38.368355
0.000436	38.196911
0.000438	38.027035
0.000440	37.858704
0.000442	37.691898
0.000444	37.526619
0.000446	37.362858
0.000448	37.200550
0.000450	37.039677
0.000452	36.880230
0.000454	36.721676
0.000456	36.565006
0.000458	36.409702
0.000460	36.255741
0.000462	36.103115
0.000464	35.951794
0.000466	35.801777
0.000468	35.653034
0.000470	35.505554
0.000472	35.359325
0.000474	35.214329
0.000476	35.070545
0.000478	34.927963
0.000480	34.786572
0.000482	34.646351
0.000484	34.507286
0.000486	34.369366
0.000488	34.232578
0.000490	34.096901
0.000492	33.962334
0.000494	33.828854
0.000496	33.696415
0.000498	33.565147
0.000500	33.434875
0.000502	33.305550
0.000504	33.177334
0.000506	33.050133
0.000508	32.923935
0.000510	32.798740
0.000512	32.674534
0.000514	32.551315
0.000516	32.429062
0.000518	32.307270
0.000520	32.186943
0.000522	32.067486
0.000524	31.948877
0.000526	31.831167
0.000528	31.714350
0.000530	31.598415
0.000532	31.483351
0.000534	31.369148
0.000536	31.255800
0.000538	31.143291
0.000540	31.031618
0.000542	30.920765
0.000544	30.810732
0.000546	30.701502
0.000548	30.593069
0.000550	30.485424
0.000552	30.378561
0.000554	30.272472
0.000556	30.167143
0.000558	30.062565
0.000560	29.958738
0.000562	29.855652
0.000564	29.753290
0.000566	29.651655
0.000568	29.550735
0.000570	29.450523
0.000572	29.351013
0.000574	29.252193
0.000576	29.154062
0.000578	29.056610
0.000580	28.959826
0.000582	28.863708
0.000584	28.768246
0.000586	28.673435
0.000588	28.579275
0.000590	28.485744
0.000592	28.392849
0.000594	28.300716
0.000596	28.209078
0.000598	28.118059
0.000600	28.027651
0.000602	27.937840
0.000604	27.848629
0.000606	27.760002
0.000608	27.671968
0.000610	27.584509
0.000612	27.497629
0.000614	27.410810
0.000616	27.325062
0.000618	27.239866
0.000620	27.155231
0.000622	27.071136
0.000624	26.987589
0.000626	26.904579
0.000628	26.822050
0.000630	26.740044
0.000632	26.658556
0.000634	26.577581
0.000636	26.497118
0.000638	26.417158
0.000640	26.337696
0.000642	26.258732
0.000644	26.180258
0.000646	26.102268
0.000648	26.024761
0.000650	25.947729
0.000652	25.871174
0.000654	25.795082
0.000656	25.719458
0.000658	25.644291
0.000660	25.569578
0.000662	25.495321
0.000664	25.421511
0.000666	25.348141
0.000668	25.275213
0.000670	25.202721
0.000672	25.130657
0.000674	25.059027
0.000676	24.987814
0.000678	24.917027
0.000680	24.846653
0.000682	24.776693
0.000684	24.707142
0.000686	24.637997
0.000688	24.569250
0.000690	24.500904
0.000692	24.432955
0.000694	24.365393
0.000696	24.298223
0.000698	24.231434
0.000700	24.165031
0.000702	24.099003
0.000704	24.033350
0.000706	23.968069
0.000708	23.903158
0.000710	23.838615
0.000712	23.774429
0.000714	23.710608
0.000716	23.647139
0.000718	23.584026
0.000720	23.521263
0.000722	23.458849
0.000724	23.396778
0.000726	23.335049
0.000728	23.273661
0.000730	23.212608
0.000732	23.151888
0.000734	23.091497
0.000736	23.031437
0.000738	22.971701
0.000740	22.912291
0.000742	22.853195
0.000744	22.794422
0.000746	22.735962
0.000748	22.677818
0.000750	22.619980
0.000752	22.562490
0.000754	22.505266
0.000756	22.448341
0.000758	22.391718
0.000760	22.335398
0.000762	22.279366
0.000764	22.223631
0.000766	22.168186
0.000768	22.113031
0.000770	22.058165
0.000772	22.003578
0.000774	21.949274
0.000776	21.895252
0.000778	21.841509
0.000780	21.788036
0.000782	21.734842
0.000784	21.681917
0.000786	21.629261
0.000788	21.576874
0.000790	21.524752
0.000792	21.472893
0.000794	21.421293
0.000796	21.369955
0.000798	21.318871
0.000800	21.268045
0.000802	21.217476
0.000804	21.167152
0.000806	21.117083
0.000808	21.067259
0.000810	21.017679
0.000812	20.968346
0.000814	20.919256
0.000816	20.870403
0.000818	20.821795
0.000820	20.773418
0.000822	20.725279
0.000824	20.677376
0.000826	20.629702
0.000828	20.582260
0.000830	20.535046
0.000832	20.488058
0.000834	20.441294
0.000836	20.394756
0.000838	20.348440
0.000840	20.302345
0.000842	20.256470
0.000844	20.210810
0.000846	20.165365
0.000848	20.120136
0.000850	20.075121
0.000852	20.030315
0.000854	19.985722
0.000856	19.941336
0.000858	19.897154
0.000860	19.853180
0.000862	19.809412
0.000864	19.765844
0.000866	19.722479
0.000868	19.679312
0.000870	19.636343
0.000872	19.593575
0.000874	19.550999
0.000876	19.508617
0.000878	19.466431
0.000880	19.424435
0.000882	19.382631
0.000884	19.341015
0.000886	19.299585
0.000888	19.258343
0.000890	19.217289
0.000892	19.176416
0.000894	19.135729
0.000896	19.095219
0.000898	19.054893
0.000900	19.014744
0.000902	18.974775
0.000904	18.934980
0.000906	18.895363
0.000908	18.855921
0.000910	18.816652
0.000912	18.777554
0.000914	18.738628
0.000916	18.699886
0.000918	18.661325
0.000920	18.622929
0.000922	18.584698
0.000924	18.546631
0.000926	18.508730
0.000928	18.470987
0.000930	18.433411
0.000932	18.395992
0.000934	18.358736
0.000936	18.321638
0.000938	18.284695
0.000940	18.247910
0.000942	18.210781
0.000944	18.174305
0.000946	18.137985
0.000948	18.101816
0.000950	18.065800
0.000952	18.029936
0.000954	17.994219
0.000956	17.958651
0.000958	17.923235
0.000960	17.887962
0.000962	17.852837
0.000964	17.817858
0.000966	17.783024
0.000968	17.748329
0.000970	17.713781
0.000972	17.679373
0.000974	17.645105
0.000976	17.610981
0.000978	17.576992
0.000980	17.543142
0.000982	17.509430
0.000984	17.475857
0.000986	17.442415
0.000988	17.409113
0.000990	17.375944
0.000992	17.342907
0.000994	17.310003
0.000996	17.277231
0.000998	17.244591
0.001000	17.212082
0.001002	17.179701
0.001004	17.147449
0.001006	17.115328
0.001008	17.083330
0.001010	17.051460
0.001012	17.019716
0.001014	16.988096
0.001016	16.956602
0.001018	16.925232
0.001020	16.893984
0.001022	16.862858
0.001024	16.831852
0.001026	16.800968
0.001028	16.770206
0.001030	16.739563
0.001032	16.709036
0.001034	16.678629
0.001036	16.648338
0.001038	16.618164
0.001040	16.588108
0.001042	16.558165
0.001044	16.528339
0.001046	16.498623
0.001048	16.469025
0.001050	16.439537
0.001052	16.410164
0.001054	16.380812
0.001056	16.351986
0.001058	16.322819
0.001060	16.293806
0.001062	16.264948
0.001064	16.236244
0.001066	16.207689
0.001068	16.179279
0.001070	16.150515
0.001072	16.122398
0.001074	16.094259
0.001076	16.066183
0.001078	16.038214
0.001080	16.010344
0.001082	15.982579
0.001084	15.954921
0.001086	15.927363
0.001088	15.899911
0.001090	15.872558
0.001092	15.845306
0.001094	15.818157
0.001096	15.791107
0.001098	15.764159
0.001100	15.737310
0.001102	15.710561
0.001104	15.683912
0.001106	15.657361
0.001108	15.630906
0.001110	15.604551
0.001112	15.577793
0.001114	15.551632
0.001116	15.525568
0.001118	15.499600
0.001120	15.473727
0.001122	15.447949
0.001124	15.422268
0.001126	15.396640
0.001128	15.371093
0.001130	15.345637
0.001132	15.320270
0.001134	15.294992
0.001136	15.269804
0.001138	15.244706
0.001140	15.219696
0.001142	15.194771
0.001144	15.169934
0.001146	15.145184
0.001148	15.120521
0.001150	15.095943
0.001152	15.071450
0.001154	15.047043
0.001156	15.022717
0.001158	14.998478
0.001160	14.974323
0.001162	14.950253
0.001164	14.926262
0.001166	14.902354
0.001168	14.878528
0.001170	14.854784
0.001172	14.831121
0.001174	14.807537
0.001176	14.784035
0.001178	14.760612
0.001180	14.737270
0.001182	14.714006
0.001184	14.690821
0.001186	14.667714
0.001188	14.644684
0.001190	14.621732
0.001192	14.598856
0.001194	14.576057
0.001196	14.553334
0.001198	14.530690
0.001200	14.508117
0.001202	14.485621
0.001204	14.463202
0.001206	14.440854
0.001208	14.418581
0.001210	14.396382
0.001212	14.374254
0.001214	14.352201
0.001216	14.330221
0.001218	14.308312
0.001220	14.286478
0.001222	14.264712
0.001224	14.243018
0.001226	14.221394
0.001228	14.199842
0.001230	14.178359
0.001232	14.156945
0.001234	14.135603
0.001236	14.114326
0.001238	14.093120
0.001240	14.071983
0.001242	14.050913
0.001244	14.029911
0.001246	14.008976
0.001248	13.988109
0.001250	13.967309
0.001252	13.946574
0.001254	13.925905
0.001256	13.905302
0.001258	13.884767
0.001260	13.864292
0.001262	13.843885
0.001264	13.823544
0.001266	13.803266
0.001268	13.783050
0.001270	13.762899
0.001272	13.742811
0.001274	13.722787
0.001276	13.702825
0.001278	13.682923
0.001280	13.663086
0.001282	13.643309
0.001284	13.623593
0.001286	13.604045
0.001288	13.584457
0.001290	13.564933
0.001292	13.545468
0.001294	13.526064
0.001296	13.506720
0.001298	13.487434
0.001300	13.468210
0.001302	13.449043
0.001304	13.429936
0.001306	13.410891
0.001308	13.391901
0.001310	13.372969
0.001312	13.354096
0.001314	13.335281
0.001316	13.316524
0.001318	13.297822
0.001320	13.279180
0.001322	13.260592
0.001324	13.242061
0.001326	13.223587
0.001328	13.205170
0.001330	13.186807
0.001332	13.168501
0.001334	13.150249
0.001336	13.132053
0.001338	13.113911
0.001340	13.095825
0.001342	13.077791
0.001344	13.059313
0.001346	13.041389
0.001348	13.023518
0.001350	13.005699
0.001352	12.987936
0.001354	12.970224
0.001356	12.952567
0.001358	12.934961
0.001360	12.917409
0.001362	12.899909
0.001364	12.882460
0.001366	12.865062
0.001368	12.847715
0.001370	12.830422
0.001372	12.813179
0.001374	12.795988
0.001376	12.778831
0.001378	12.761717
0.001380	12.744656
0.001382	12.727642
0.001384	12.710677
0.001386	12.693761
0.001388	12.676895
0.001390	12.660078
0.001392	12.643307
0.001394	12.626585
0.001396	12.609912
0.001398	12.593286
0.001400	12.576707
0.001402	12.560176
0.001404	12.543692
0.001406	12.527255
0.001408	12.510863
0.001410	12.494521
0.001412	12.478224
0.001414	12.461972
0.001416	12.445765
0.001418	12.429607
0.001420	12.413492
0.001422	12.397423
0.001424	12.381399
0.001426	12.365419
0.001428	12.349484
0.001430	12.333596
0.001432	12.317750
0.001434	12.301951
0.001436	12.286193
0.001438	12.270481
0.001440	12.254811
0.001442	12.239184
0.001444	12.223602
0.001446	12.208063
0.001448	12.192565
0.001450	12.177113
0.001452	12.161702
0.001454	12.146332
0.001456	12.131005
0.001458	12.115721
0.001460	12.100478
0.001462	12.085279
0.001464	12.070119
0.001466	12.055001
0.001468	12.039924
0.001470	12.024888
0.001472	12.009894
0.001474	11.994940
0.001476	11.980025
0.001478	11.965152
0.001480	11.950317
0.001482	11.935526
0.001484	11.920773
0.001486	11.906058
0.001488	11.891383
0.001490	11.876750
0.001492	11.862153
0.001494	11.847597
0.001496	11.833079
0.001498	11.818601
0.001500	11.804161
0.001502	11.789760
0.001504	11.775396
0.001506	11.761069
0.001508	11.746782
0.001510	11.732533
0.001512	11.718322
0.001514	11.704147
0.001516	11.690011
0.001518	11.675912
0.001520	11.661849
0.001522	11.647823
0.001524	11.633836
0.001526	11.619883
0.001528	11.605967
0.001530	11.592090
0.001532	11.578246
0.001534	11.564440
0.001536	11.550668
0.001538	11.536933
0.001540	11.523234
0.001542	11.509570
0.001544	11.495941
0.001546	11.482349
0.001548	11.468791
0.001550	11.455268
0.001552	11.441780
0.001554	11.428327
0.001556	11.414908
0.001558	11.401524
0.001560	11.388174
0.001562	11.374858
0.001564	11.361576
0.001566	11.348328
0.001568	11.335114
0.001570	11.321933
0.001572	11.308785
0.001574	11.295672
0.001576	11.282593
0.001578	11.269547
0.001580	11.256533
0.001582	11.243550
0.001584	11.230602
0.001586	11.217688
0.001588	11.204804
0.001590	11.191954
0.001592	11.179135
0.001594	11.166348
0.001596	11.153594
0.001598	11.140872
0.001600	11.128181
0.001602	11.115523
0.001604	11.102915
0.001606	11.090318
0.001608	11.077753
0.001610	11.065221
0.001612	11.052717
0.001614	11.040246
0.001616	11.027806
0.001618	11.015395
0.001620	11.003016
0.001622	10.990668
0.001624	10.978350
0.001626	10.966062
0.001628	10.953805
0.001630	10.941577
0.001632	10.929379
0.001634	10.917212
0.001636	10.905073
0.001638	10.892965
0.001640	10.880887
0.001642	10.868837
0.001644	10.856817
0.001646	10.844827
0.001648	10.832865
0.001650	10.820931
0.001652	10.809027
0.001654	10.797153
0.001656	10.785307
0.001658	10.773488
0.001660	10.761700
0.001662	10.749939
0.001664	10.738206
0.001666	10.726502
0.001668	10.714825
0.001670	10.703175
0.001672	10.691555
0.001674	10.679962
0.001676	10.668397
0.001678	10.656859
0.001680	10.645350
0.001682	10.633866
0.001684	10.622411
0.001686	10.610983
0.001688	10.599583
0.001690	10.588207
0.001692	10.576861
0.001694	10.565541
0.001696	10.554246
0.001698	10.542979
0.001700	10.531738
0.001702	10.520525
0.001704	10.509336
0.001706	10.498174
0.001708	10.487040
0.001710	10.475930
0.001712	10.464846
0.001714	10.453789
0.001716	10.442758
0.001718	10.431750
0.001720	10.420771
0.001722	10.409816
0.001724	10.398885
0.001726	10.387981
0.001728	10.377102
0.001730	10.366248
0.001732	10.355419
0.001734	10.344616
0.001736	10.333838
0.001738	10.323082
0.001740	10.312354
0.001742	10.301649
0.001744	10.290968
0.001746	10.280313
0.001748	10.269681
0.001750	10.259075
0.001752	10.248490
0.001754	10.237933
0.001756	10.227399
0.001758	10.216887
0.001760	10.206401
0.001762	10.195937
0.001764	10.185498
0.001766	10.175082
0.001768	10.164692
0.001770	10.154324
0.001772	10.143978
0.001774	10.133656
0.001776	10.123358
0.001778	10.113082
0.001780	10.102830
0.001782	10.092601
0.001784	10.082395
0.001786	10.072212
0.001788	10.062051
0.001790	10.051912
0.001792	10.041797
0.001794	10.031704
0.001796	10.021634
0.001798	10.011586
0.001800	10.001561
0.001802	9.991557
0.001804	9.981576
0.001806	9.971618
0.001808	9.961680
0.001810	9.951767
0.001812	9.941872
0.001814	9.932002
0.001816	9.922152
0.001818	9.912325
0.001820	9.902517
0.001822	9.892734
0.001824	9.882970
0.001826	9.873229
0.001828	9.863508
0.001830	9.853809
0.001832	9.844131
0.001834	9.834474
0.001836	9.824838
0.001838	9.815224
0.001840	9.805630
0.001842	9.796057
0.001844	9.786504
0.001846	9.776971
0.001848	9.767460
0.001850	9.757971
0.001852	9.748501
0.001854	9.739050
0.001856	9.729621
0.001858	9.720213
0.001860	9.710824
0.001862	9.701455
0.001864	9.692107
0.001866	9.682777
0.001868	9.673470
0.001870	9.664181
0.001872	9.654913
0.001874	9.645663
0.001876	9.636435
0.001878	9.627225
0.001880	9.618040
0.001882	9.608878
0.001884	9.599735
0.001886	9.590613
0.001888	9.581508
0.001890	9.572424
0.001892	9.563359
0.001894	9.554312
0.001896	9.545285
0.001898	9.536277
0.001900	9.527287
0.001902	9.518316
0.001904	9.509365
0.001906	9.500430
0.001908	9.491517
0.001910	9.482621
0.001912	9.473744
0.001914	9.464884
0.001916	9.456044
0.001918	9.447223
0.001920	9.438417
0.001922	9.429632
0.001924	9.420866
0.001926	9.412117
0.001928	9.403385
0.001930	9.394671
0.001932	9.385978
0.001934	9.377299
0.001936	9.368640
0.001938	9.359999
0.001940	9.351376
0.001942	9.342769
0.001944	9.334181
0.001946	9.325610
0.001948	9.317056
0.001950	9.308520
0.001952	9.299500
0.001954	9.291000
0.001956	9.282517
0.001958	9.274050
0.001960	9.265601
0.001962	9.257169
0.001964	9.248753
0.001966	9.240356
0.001968	9.231975
0.001970	9.223611
0.001972	9.215263
0.001974	9.206934
0.001976	9.198620
0.001978	9.190325
0.001980	9.182043
0.001982	9.173780
0.001984	9.165533
0.001986	9.157303
0.001988	9.149090
0.001990	9.140894
0.001992	9.132711
0.001994	9.124548
0.001996	9.116399
0.001998	9.108268
0.002000	9.100154
