3.19596e-06	78701	933	420366	
0.0147018	78652	979	420369	
0.0296207	78596	991	420413	
0.0443998	78623	945	420432	
0.0592401	78558	924	420518	
0.0748624	78599	910	420491	
0.0896139	78591	916	420493	
0.103946	78526	961	420513	
0.118447	78565	951	420484	
0.133099	78412	989	420599	
0.147706	78369	1023	420608	
0.161585	78268	1008	420724	
0.175937	78146	1002	420852	
0.18991	78003	1056	420941	
0.204126	77899	999	421102	
0.218359	77844	1009	421147	
0.232313	77728	1081	421191	
0.245545	77559	1094	421347	
0.258713	77388	1153	421459	
0.271593	77289	1140	421571	
0.285003	77104	1140	421756	
0.298308	76934	1155	421911	
0.311414	76688	1175	422137	
0.324083	76441	1215	422344	
0.336769	76207	1262	422531	
0.34909	75840	1374	422786	
0.360573	75559	1386	423055	
0.372103	75221	1419	423360	
0.383471	74879	1385	423736	
0.394851	74548	1374	424078	
0.406829	74263	1337	424400	
0.419287	74075	1313	424612	
0.431314	73826	1267	424907	
0.44398	73607	1296	425097	
0.456618	73430	1205	425365	
0.47019	73295	1135	425570	
0.483267	73145	1134	425721	
0.497035	72986	1118	425896	
0.511164	72906	1088	426006	
0.525591	72877	1019	426104	
0.540363	72843	924	426233	
0.556576	73013	820	426167	
0.573897	73207	773	426020	
0.591393	73471	754	425775	
0.609362	73759	732	425509	
0.627841	74010	748	425242	
0.645332	74319	738	424943	
0.662874	74583	710	424707	
0.681884	74838	694	424468	
0.700624	75156	657	424187	
0.719933	75457	672	423871	
0.739755	75833	681	423486	
0.758828	76159	724	423117	
0.778472	76550	637	422813	
0.798894	76946	591	422463	
0.819332	77404	586	422010	
0.840222	77903	574	421523	
0.860849	78378	535	421087	
0.883443	78915	513	420572	
0.904766	79415	520	420065	
0.926275	79839	556	419605	
0.946149	80248	589	419163	
0.965388	80623	645	418732	
0.984264	80874	643	418483	
1.00332	81181	664	418155	
1.02157	81354	698	417948	
1.0397	81470	747	417783	
1.05644	81569	788	417643	
1.07258	81655	837	417508	
1.08761	81630	940	417430	
1.10164	81407	1094	417499	
1.1151	81135	1199	417666	
1.12736	80844	1276	417880	
1.13898	80451	1431	418118	
1.14906	79991	1540	418469	
1.15913	79533	1606	418861	
1.16917	79126	1621	419253	
1.17923	78620	1711	419669	
1.18888	78124	1685	420191	
1.19911	77594	1703	420703	
1.2091	77159	1768	421073	
1.21893	76675	1787	421538	
1.22839	76140	1866	421994	
1.23741	75594	1913	422493	
1.24632	75033	1903	423064	
1.25546	74538	1854	423608	
1.265	74034	1868	424098	
1.27386	73560	1798	424642	
1.28349	73024	1804	425172	
1.29292	72547	1788	425665	
1.30258	72044	1878	426078	
1.31183	71575	1798	426627	
1.32149	71143	1737	427120	
1.33179	70801	1640	427559	
1.34217	70471	1591	427938	
1.35301	70141	1563	428296	
1.36426	69828	1543	428629	
1.37523	69512	1517	428971	
1.38638	69252	1505	429243	
1.39784	68936	1446	429618	
1.40917	68687	1352	429961	
1.42199	68516	1264	430220	
1.43511	68398	1202	430400	
1.44871	68198	1196	430606	
1.46238	68124	1100	430776	
1.4768	68169	934	430897	
1.49292	68305	880	430815	
1.51009	68587	723	430690	
1.5291	68905	626	430469	
1.55035	69381	537	430082	
1.57329	70026	494	429480	
1.59687	70767	394	428839	
1.62347	71707	328	427965	
1.6515	72895	261	426844	
1.68164	74106	238	425656	
1.7123	75338	230	424432	
1.74392	76742	169	423089	
1.77723	78318	166	421516	
1.81109	79769	185	420046	
1.845	81248	160	418592	
1.87865	82731	157	417112	
1.91255	84220	139	415641	
1.9478	85816	135	414049	
1.98245	87377	147	412476	
2.01658	88801	184	411015	
2.0483	90107	244	409649	
2.07599	91011	352	408637	
2.10145	91724	416	407860	
2.12318	92128	555	407317	
2.14168	92277	709	407014	
2.15738	92251	856	406893	
2.17126	91999	1020	406981	
2.18362	91634	1248	407118	
2.19467	91137	1482	407381	
2.2044	90538	1686	407776	
2.21322	89838	1939	408223	
2.22097	89104	2209	408687	
2.22842	88363	2265	409372	
2.23531	87580	2462	409958	
2.24201	86744	2663	410593	
2.24826	85914	2849	411237	
2.25423	85077	3001	411922	
2.25992	84225	3108	412667	
2.26544	83333	3304	413363	
2.27079	82437	3427	414136	
2.27606	81587	3470	414943	
2.28126	80741	3562	415697	
2.28643	79916	3588	416496	
2.29129	78978	3744	417278	
2.29621	78077	3832	418091	
2.3011	77180	3912	418908	
2.30597	76344	3870	419786	
2.31073	75462	3893	420645	
2.31554	74562	3961	421477	
2.32036	73692	3990	422318	
2.32512	72818	4018	423164	
2.32999	71980	3995	424025	
2.33488	71118	3939	424943	
2.33983	70314	3923	425763	
2.34487	69514	3782	426704	
2.35016	68752	3703	427545	
2.35544	67992	3620	428388	
2.36103	67264	3509	429227	
2.36675	66594	3360	430046	
2.37286	65894	3205	430901	
2.37917	65231	3096	431673	
2.38566	64700	2828	432472	
2.39291	64193	2641	433166	
2.40042	63661	2477	433862	
2.40833	63218	2240	434542	
2.41711	62824	2031	435145	
2.42664	62565	1804	435631	
2.43698	62291	1619	436090	
2.4484	62157	1448	436395	
2.46077	62105	1224	436671	
2.47517	62097	1074	436829	
2.49069	62252	907	436841	
2.50921	62570	708	436722	
2.52958	63177	528	436295	
2.55309	63893	445	435662	
2.57843	64731	379	434890	
2.60593	65792	329	433879	
2.63593	67015	252	432733	
2.66818	68443	209	431348	
2.70053	69898	178	429924	
2.73441	71501	127	428372	
2.7694	73172	129	426699	
2.80771	74978	98	424924	
2.84329	76779	110	423111	
2.88029	78616	98	421286	
2.92054	80580	84	419336	
2.96071	82576	66	417358	
3.00223	84678	64	415258	
3.04311	86739	60	413201	
3.08524	88700	88	411212	
3.12138	90221	168	409611	
3.1513	91349	293	408358	
3.17763	92108	415	407477	
3.19896	92565	556	406879	
3.21735	92671	760	406569	
3.2328	92501	952	406547	
3.24642	92330	1059	406611	
3.25836	91925	1292	406783	
3.26944	91437	1448	407115	
3.27935	90872	1671	407457	
3.2883	90267	1800	407933	
3.29691	89611	1968	408421	
3.30494	88878	2167	408955	
3.31238	88141	2311	409548	
3.31923	87396	2489	410115	
3.32585	86606	2649	410745	
3.33188	85751	2885	411364	
3.3377	84870	3050	412080	
3.3433	84042	3139	412819	
3.34876	83138	3299	413563	
3.354	82229	3421	414350	
3.35933	81312	3556	415132	
3.36446	80507	3611	415882	
3.36949	79599	3659	416742	
3.37458	78722	3759	417519	
3.37951	77897	3707	418396	
3.38453	77085	3707	419208	
3.38958	76256	3768	419976	
3.39461	75410	3812	420778	
3.39986	74624	3784	421592	
3.40486	73824	3706	422470	
3.41015	72996	3702	423302	
3.4154	72175	3750	424075	
3.42055	71409	3673	424918	
3.42573	70619	3590	425791	
3.43129	69923	3442	426635	
3.4369	69184	3392	427424	
3.44265	68535	3177	428288	
3.44903	67826	3151	429023	
3.45571	67223	2910	429867	
3.46236	66595	2740	430665	
3.4698	66097	2502	431401	
3.47759	65564	2373	432063	
3.48576	65076	2184	432740	
3.49443	64641	2033	433326	
3.50405	64230	1891	433879	
3.5145	63966	1695	434339	
3.52547	63699	1502	434799	
3.53708	63527	1350	435123	
3.55031	63507	1158	435335	
3.56513	63534	1019	435447	
3.58142	63636	871	435493	
3.59916	63929	794	435277	
3.61796	64449	629	434922	
3.63906	65005	542	434453	
3.6631	65781	414	433805	
3.68938	66742	327	432931	
3.71805	67912	242	431846	
3.74889	69368	194	430438	
3.78449	71023	132	428845	
3.82088	72724	107	427169	
3.85951	74576	110	425314	
3.89562	76344	116	423540	
3.93187	78133	110	421757	
3.9705	80028	99	419873	
4.00857	81891	95	418014	
4.04645	83653	116	416231	
4.08198	85324	127	414549	
4.11637	86856	170	412974	
4.14839	88188	199	411613	
4.17919	89356	232	410412	
4.20882	90388	300	409312	
4.23437	91157	402	408441	
4.25751	91680	471	407849	
4.27744	91992	620	407388	
4.29484	92035	788	407177	
4.30929	91864	931	407205	
4.32263	91556	1087	407357	
4.33475	91157	1293	407550	
4.34529	90659	1529	407812	
4.35505	90058	1677	408265	
4.36376	89516	1815	408669	
4.37236	88869	1950	409181	
4.38051	88185	2105	409710	
4.38813	87412	2306	410282	
4.39501	86679	2388	410933	
4.40216	85979	2464	411557	
4.40868	85196	2595	412209	
4.41544	84399	2715	412886	
4.42172	83600	2872	413528	
4.42769	82817	2970	414213	
4.43323	82000	3031	414969	
4.43881	81238	3090	415672	
4.44455	80379	3235	416386	
4.45005	79575	3276	417149	
4.45558	78717	3419	417864	
4.46096	77934	3391	418675	
4.46653	77108	3410	419482	
4.47224	76299	3407	420294	
4.47771	75556	3356	421088	
4.48336	74762	3374	421864	
4.48917	73994	3322	422684	
4.49482	73210	3278	423512	
4.50081	72459	3261	424280	
4.50693	71773	3090	425137	
4.51321	71025	3019	425956	
4.51965	70294	2974	426732	
4.52631	69656	2842	427502	
4.53309	68935	2798	428267	
4.54038	68386	2590	429024	
4.54804	67910	2395	429695	
4.55616	67465	2258	430277	
4.56449	66968	2114	430918	
4.57369	66579	1970	431451	
4.58305	66207	1807	431986	
4.59372	65874	1617	432509	
4.6053	65653	1440	432907	
4.61788	65535	1306	433159	
4.63102	65545	1186	433269	
4.64589	65616	965	433419	
4.66315	65846	810	433344	
4.68185	66197	689	433114	
4.70218	66776	529	432695	
4.72598	67545	397	432058	
4.75346	68534	335	431131	
4.78351	69730	243	430027	
4.8167	71267	165	428568	
4.85156	72918	129	426953	
4.8871	74698	126	425176	
4.92336	76506	121	423373	
4.9588	78215	119	421666	
4.99413	79885	129	419986	
5.03108	81595	113	418292	
5.06936	83371	112	416517	
5.10622	85101	110	414789	
5.14343	86883	97	413020	
5.17952	88628	131	411241	
5.21434	90126	161	409713	
5.24654	91391	243	408366	
5.27251	92226	369	407405	
5.29409	92666	517	406817	
5.31246	92797	701	406502	
5.32798	92722	892	406386	
5.34206	92449	1083	406468	
5.35404	92037	1321	406642	
5.36413	91465	1570	406965	
5.37369	90835	1746	407419	
5.38235	90179	1983	407838	
5.38993	89426	2189	408385	
5.39687	88654	2418	408928	
5.40367	87903	2641	409456	
5.40991	87013	2854	410133	
5.41578	86180	3058	410762	
5.42156	85295	3213	411492	
5.42696	84404	3392	412204	
5.43225	83465	3574	412961	
5.43728	82611	3586	413803	
5.4424	81679	3706	414615	
5.44734	80841	3746	415413	
5.45246	79983	3742	416275	
5.45735	79167	3714	417119	
5.4623	78319	3669	418012	
5.46736	77460	3760	418780	
5.4725	76605	3753	419642	
5.47737	75818	3733	420449	
5.48256	75020	3684	421296	
5.48766	74258	3569	422173	
5.49314	73490	3550	422960	
5.49859	72694	3536	423770	
5.50403	71980	3442	424578	
5.50963	71295	3236	425469	
5.51571	70534	3206	426260	
5.52178	69905	3083	427012	
5.52848	69282	2945	427773	
5.53505	68679	2824	428497	
5.54197	68012	2762	429226	
5.54918	67457	2674	429869	
5.55638	66902	2511	430587	
5.56415	66416	2324	431260	
5.57291	65922	2156	431922	
5.58208	65560	1937	432503	
5.59214	65190	1761	433049	
5.6033	65018	1528	433454	
5.61568	64876	1316	433808	
5.62903	64879	1117	434004	
5.64411	64941	938	434121	
5.66148	65182	818	434000	
5.68093	65639	620	433741	
5.70243	66208	531	433261	
5.7267	67051	383	432566	
5.75378	68134	307	431559	
5.78392	69418	225	430357	
5.81587	70884	196	428920	
5.84894	72393	174	427433	
5.88388	73874	166	425960	
5.91862	75452	147	424401	
5.9554	77174	122	422704	
5.99359	79065	89	420846	
6.03041	80802	145	419053	
6.06431	82342	157	417501	
6.09657	83680	201	416119	
6.12673	84807	289	414904	
6.15241	85702	343	413955	
6.17651	86329	471	413200	
6.19811	86782	524	412694	
6.21814	87134	590	412276	
6.23745	87311	700	411989	
6.25348	87213	889	411898	
6.2673	86920	1090	411990	
6.27963	86630	1237	412133	
6.29107	86200	1412	412388	
6.3017	85700	1610	412690	
6.31115	85127	1792	413081	
6.31972	84511	1946	413543	
6.32801	83912	2027	414061	
6.33611	83229	2138	414633	
6.34374	82539	2272	415189	
6.35103	81793	2380	415827	
6.35836	81025	2487	416488	
6.36522	80292	2629	417079	
6.37184	79551	2667	417782	
6.3785	78740	2770	418490	
6.38501	77973	2797	419230	
6.39163	77280	2811	419909	
6.3981	76592	2779	420629	
6.40439	75740	2886	421374	
6.41065	75015	2877	422108	
6.41729	74245	2934	422821	
6.42353	73552	2909	423539	
6.42992	72852	2913	424235	
6.43646	72184	2856	424960	
6.44272	71464	2906	425630	
6.44914	70772	2861	426367	
6.45595	70125	2807	427068	
6.46292	69458	2766	427776	
6.47012	68801	2633	428566	
6.47733	68212	2508	429280	
6.48507	67699	2336	429965	
6.49351	67216	2107	430677	
6.50242	66746	1984	431270	
6.51229	66402	1810	431788	
6.5226	66064	1705	432231	
6.53351	65811	1574	432615	
6.54536	65645	1380	432975	
6.55822	65614	1186	433200	
6.57285	65607	1091	433302	
6.58759	65707	950	433343	
6.60447	65927	827	433246	
6.62212	66212	745	433043	
6.64146	66599	657	432744	
6.66291	67161	510	432329	
6.68677	67924	441	431635	
6.71263	68946	352	430702	
6.74116	70093	247	429660	
6.77321	71436	212	428352	
6.80518	72812	216	426972	
6.83652	74169	204	425627	
6.86926	75570	206	424224	
6.90258	76964	201	422835	
6.93391	78388	205	421407	
6.96352	79536	275	420189	
6.99227	80656	269	419075	
7.02038	81645	303	418052	
7.0466	82552	327	417121	
7.07253	83398	395	416207	
7.09623	84097	442	415461	
7.11838	84489	569	414942	
7.13805	84835	620	414545	
7.15713	84975	705	414320	
7.17435	85002	845	414153	
7.1896	84946	941	414113	
7.2033	84765	1050	414185	
7.21611	84492	1151	414357	
7.22836	84207	1246	414547	
7.23996	83771	1367	414862	
7.25068	83302	1503	415195	
7.26114	82877	1593	415530	
7.27099	82402	1627	415971	
7.28041	81930	1688	416382	
7.28983	81372	1795	416833	
7.29845	80767	1963	417270	
7.30716	80140	2037	417823	
7.31557	79599	2059	418342	
7.32364	78972	2136	418892	
7.33119	78305	2278	419417	
7.33878	77643	2380	419977	
7.34597	76965	2436	420599	
7.35308	76214	2575	421211	
7.36011	75495	2641	421864	
7.36702	74749	2668	422583	
7.37393	74134	2598	423268	
7.38096	73414	2654	423932	
7.38789	72792	2574	424634	
7.39486	72204	2501	425295	
7.40194	71640	2455	425905	
7.40945	71061	2382	426557	
7.41721	70475	2305	427220	
7.42505	69921	2272	427807	
7.43322	69363	2184	428453	
7.44168	68899	2091	429010	
7.4505	68463	1960	429577	
7.46012	68134	1762	430104	
7.46965	67782	1688	430530	
7.48069	67531	1541	430928	
7.49249	67264	1444	431292	
7.5044	67048	1353	431599	
7.5176	66938	1263	431799	
7.53128	66964	1084	431952	
7.5462	67068	959	431973	
7.56188	67180	896	431924	
7.57841	67356	825	431819	
7.59637	67667	709	431624	
7.61561	68185	566	431249	
7.63878	68888	434	430678	
7.66415	69855	332	429813	
7.69262	71110	236	428654	
7.72374	72585	201	427214	
7.75608	74065	183	425752	
7.78926	75632	174	424194	
7.82325	77104	160	422736	
7.85841	78666	161	421173	
7.89197	80174	186	419640	
7.92564	81649	178	418173	
7.95831	83106	194	416700	
7.99011	84461	195	415344	
8.0214	85734	225	414041	
8.05131	86824	297	412879	
8.0786	87591	391	412018	
8.10139	88147	463	411390	
8.12276	88510	621	410869	
8.14052	88645	710	410645	
8.15722	88667	815	410518	
8.17197	88463	1003	410534	
8.18505	88207	1166	410627	
8.19659	87764	1391	410845	
8.20673	87315	1496	411189	
8.21666	86777	1656	411567	
8.22591	86124	1827	412049	
8.23453	85496	1966	412538	
8.24281	84861	2026	413113	
8.25084	84193	2188	413619	
8.25833	83445	2321	414234	
8.26572	82683	2473	414844	
8.27259	81932	2591	415477	
8.27955	81170	2680	416150	
8.28604	80317	2822	416861	
8.2923	79517	2867	417616	
8.29854	78707	2953	418340	
8.30459	77945	3045	419010	
8.31067	77149	3094	419757	
8.31665	76352	3157	420491	
8.32257	75569	3150	421281	
8.3282	74785	3190	422025	
8.33408	73981	3219	422800	
8.34001	73235	3177	423588	
8.34607	72546	3099	424355	
8.35223	71788	3066	425146	
8.35854	71072	3072	425856	
8.36478	70400	2984	426616	
8.3712	69722	2920	427358	
8.37794	69150	2767	428083	
8.38476	68592	2640	428768	
8.39234	68004	2492	429504	
8.39995	67423	2459	430118	
8.40798	66834	2394	430772	
8.4159	66284	2266	431450	
8.4245	65811	2107	432082	
8.43306	65367	2016	432617	
8.44263	65036	1792	433172	
8.45263	64703	1662	433635	
8.46361	64438	1585	433977	
8.47509	64237	1431	434332	
8.487	64053	1300	434647	
8.50032	64017	1173	434810	
8.51504	64045	1005	434950	
8.53097	64247	846	434907	
8.54868	64569	720	434711	
8.56873	65088	599	434313	
8.59145	65760	493	433747	
8.61483	66538	439	433023	
8.64073	67540	312	432148	
8.66989	68805	226	430969	
8.70325	70297	154	429549	
8.7375	71888	160	427952	
8.7711	73435	179	426386	
8.80388	75073	145	424782	
8.84293	76856	118	423026	
8.87973	78664	86	421250	
8.91765	80631	87	419282	
8.95616	82401	116	417483	
8.99259	84038	141	415821	
9.02571	85501	151	414348	
9.05851	86846	229	412925	
9.0874	87847	281	411872	
9.11349	88594	409	410997	
9.13504	89089	519	410392	
9.15432	89313	706	409981	
9.17029	89289	891	409820	
9.18422	89102	1060	409838	
9.19702	88794	1204	410002	
9.20833	88340	1403	410257	
9.21859	87799	1548	410653	
9.22813	87216	1747	411037	
9.23719	86600	1919	411481	
9.24532	85905	2081	412014	
9.25311	85218	2269	412513	
9.26037	84462	2370	413168	
9.26729	83734	2511	413755	
9.27386	82940	2661	414399	
9.28029	82144	2791	415065	
9.28674	81301	2925	415774	
9.29263	80498	3027	416475	
9.29863	79738	3052	417210	
9.30448	78933	3119	417948	
9.31022	78067	3296	418637	
9.31571	77207	3380	419413	
9.32095	76406	3436	420158	
9.3263	75607	3449	420944	
9.33189	74807	3416	421777	
9.33759	74051	3367	422582	
9.34328	73311	3325	423364	
9.34912	72559	3229	424212	
9.35479	71772	3245	424983	
9.36071	70996	3209	425795	
9.36683	70213	3229	426558	
9.37271	69479	3145	427376	
9.37888	68767	3098	428135	
9.38509	68040	3087	428873	
9.39154	67422	2954	429624	
9.3981	66770	2832	430398	
9.40492	66216	2670	431114	
9.41253	65696	2497	431807	
9.42043	65203	2315	432482	
9.42889	64711	2209	433080	
9.43752	64329	2066	433605	
9.44707	63933	1873	434194	
9.4573	63640	1720	434640	
9.4681	63455	1582	434963	
9.47964	63249	1429	435322	
9.49181	63079	1255	435666	
9.50578	63074	1111	435815	
9.52115	63251	954	435795	
9.53751	63473	800	435727	
9.55637	63867	653	435480	
9.57751	64445	543	435012	
9.60049	65240	422	434338	
9.62781	66297	314	433389	
9.65738	67484	258	432258	
9.68905	68935	181	430884	
9.72438	70623	143	429234	
9.76164	72515	90	427395	
9.8006	74517	75	425408	
9.84018	76509	80	423411	
9.87945	78439	92	421469	
9.91898	80327	83	419590	
9.95835	82287	86	417627	
9.99662	84103	95	415802	
10.0338	85797	129	414074	
10.0704	87359	163	412478	
10.1026	88696	245	411059	
10.1299	89596	364	410040	
10.1528	90208	471	409321	
10.1741	90635	597	408768	
10.1924	90832	730	408438	
10.2083	90732	896	408372	
10.2219	90364	1106	408530	
10.2347	90008	1268	408724	
10.2458	89503	1458	409039	
10.2557	88925	1689	409386	
10.264	88234	1999	409767	
10.2719	87471	2192	410337	
10.2791	86717	2376	410907	
10.2861	85856	2630	411514	
10.2926	84983	2785	412232	
10.2986	84159	2929	412912	
10.3045	83314	3067	413619	
10.3104	82460	3154	414386	
10.3159	81644	3204	415152	
10.3215	80814	3297	415889	
10.3268	79970	3394	416636	
10.3322	79095	3448	417457	
10.3375	78251	3509	418240	
10.3429	77440	3507	419053	
10.3483	76614	3562	419824	
10.3535	75825	3639	420536	
10.3587	75029	3670	421301	
10.3639	74207	3660	422133	
10.3691	73410	3603	422987	
10.3746	72554	3640	423806	
10.3799	71806	3584	424610	
10.3852	71070	3489	425441	
10.391	70319	3412	426269	
10.3966	69578	3366	427056	
10.4026	68820	3261	427919	
10.4085	68140	3153	428707	
10.4148	67443	3085	429472	
10.4212	66822	2955	430223	
10.4278	66134	2878	430988	
10.4348	65501	2757	431742	
10.4418	64907	2627	432466	
10.4492	64351	2499	433150	
10.4572	63949	2291	433760	
10.4658	63476	2114	434410	
10.475	63028	1977	434995	
10.4848	62705	1767	435528	
10.4954	62454	1641	435905	
10.5068	62243	1462	436295	
10.5193	62141	1284	436575	
10.533	62188	1087	436725	
10.5491	62427	854	436719	
10.5681	62850	643	436507	
10.5897	63522	492	435986	
10.6144	64344	422	435234	
10.6404	65389	311	434300	
10.6685	66505	283	433212	
10.6991	67853	187	431960	
10.7336	69424	149	430427	
10.7693	71247	102	428651	
10.8086	73164	80	426756	
10.849	75287	42	424671	
10.89	77394	48	422558	
10.9324	79632	29	420339	
10.9761	81866	45	418089	
11.02	84151	16	415833	
11.0628	86427	47	413526	
11.1028	88451	81	411468	
11.1412	90225	117	409658	
11.1762	91707	194	408099	
11.2071	92799	277	406924	
11.2339	93595	340	406065	
11.2589	94293	395	405312	
11.2803	94553	606	404841	
11.2964	94507	850	404643	
11.3099	94226	1039	404735	
11.3224	93802	1289	404909	
11.3327	93191	1571	405238	
11.3418	92510	1864	405626	
11.3499	91776	2083	406141	
11.3571	90942	2358	406700	
11.3635	90092	2605	407303	
11.3696	89163	2860	407977	
11.3755	88296	3018	408686	
11.381	87439	3162	409399	
11.3861	86463	3427	410110	
11.3912	85543	3562	410895	
11.3961	84586	3717	411697	
11.4009	83696	3777	412527	
11.4054	82730	3953	413317	
11.4101	81816	3995	414189	
11.4147	80954	4035	415011	
11.4194	80002	4144	415854	
11.424	79086	4181	416733	
11.4286	78188	4245	417567	
11.433	77207	4307	418486	
11.4375	76304	4315	419381	
11.4421	75418	4394	420188	
11.4464	74622	4311	421067	
11.4509	73769	4318	421913	
11.4554	72964	4241	422795	
11.46	72188	4148	423664	
11.4649	71367	4097	424536	
11.4699	70582	3947	425471	
11.4749	69771	3846	426383	
11.48	68981	3790	427229	
11.4851	68239	3653	428108	
11.4907	67565	3506	428929	
11.4965	66868	3396	429736	
11.5026	66229	3206	430565	
11.509	65600	3065	431335	
11.5155	64995	2924	432081	
11.5225	64425	2737	432838	
11.5298	63878	2573	433549	
11.5378	63365	2323	434312	
11.5463	62958	2131	434911	
11.5555	62525	1985	435490	
11.5652	62118	1883	435999	
11.5754	61795	1718	436487	
11.5871	61620	1455	436925	
11.5999	61551	1232	437217	
11.6136	61576	1067	437357	
11.6294	61736	878	437386	
11.6477	62090	724	437186	
11.669	62729	495	436776	
11.6932	63640	355	436005	
11.7204	64757	301	434942	
11.7505	66049	248	433703	
11.7817	67454	206	432340	
11.8156	69001	171	430828	
11.8532	70820	105	429075	
11.8903	72719	83	427198	
11.93	74688	74	425238	
11.9683	76606	95	423299	
12.0068	78496	88	421416	
12.045	80390	82	419528	
12.0829	82148	135	417717	
12.1173	83617	166	416217	
12.1494	84832	258	414910	
12.1779	85923	268	413809	
12.205	86727	390	412883	
12.2286	87309	449	412242	
12.2499	87695	561	411744	
12.268	87966	651	411383	
12.2853	88048	789	411163	
12.3008	87931	959	411110	
12.3139	87711	1179	411110	
12.3259	87343	1314	411343	
12.3373	86884	1439	411677	
12.3475	86341	1600	412059	
12.3571	85878	1670	412452	
12.3665	85300	1778	412922	
12.3755	84720	1833	413447	
12.3839	84107	1918	413975	
12.3926	83518	1991	414491	
12.4007	82815	2151	415034	
12.4083	82156	2286	415558	
12.4159	81453	2380	416167	
12.4231	80794	2425	416781	
12.4303	80109	2468	417423	
12.4377	79481	2430	418089	
12.4448	78760	2485	418755	
12.4519	78139	2385	419476	
12.4594	77455	2450	420095	
12.4667	76774	2455	420771	
12.4737	76095	2468	421437	
12.4811	75506	2496	421998	
12.4885	74836	2539	422625	
12.4958	74165	2527	423308	
12.5033	73447	2579	423974	
12.5106	72815	2543	424642	
12.5184	72232	2442	425326	
12.5263	71708	2355	425937	
12.534	71211	2253	426536	
12.5423	70685	2128	427187	
12.5513	70235	2025	427740	
12.5606	69819	1953	428228	
12.5701	69439	1851	428710	
12.5798	69062	1740	429198	
12.5901	68779	1627	429594	
12.6013	68508	1532	429960	
12.6128	68211	1435	430354	
12.6248	68066	1289	430645	
12.638	67952	1192	430856	
12.6523	67899	1081	431020	
12.6679	68057	878	431065	
12.6861	68353	711	430936	
12.707	68808	601	430591	
12.7297	69480	471	430049	
12.7546	70359	362	429279	
12.7809	71367	301	428332	
12.8106	72506	284	427210	
12.8403	73790	214	425996	
12.8717	75203	168	424629	
12.9068	76725	183	423092	
12.9381	78132	194	421674	
12.971	79538	162	420300	
13.0057	81099	156	418745	
13.0391	82623	179	417198	
13.0706	83936	213	415851	
13.1012	85090	253	414657	
13.1291	85954	330	413716	
13.1536	86610	442	412948	
13.1747	87028	571	412401	
13.1938	87272	679	412049	
13.2106	87270	802	411928	
13.2262	87190	907	411903	
13.2397	86964	1082	411954	
13.2522	86695	1238	412067	
13.2636	86240	1397	412363	
13.2743	85786	1590	412624	
13.2844	85240	1661	413099	
13.2938	84665	1805	413530	
13.3026	84082	1872	414046	
13.3109	83382	2062	414556	
13.3193	82718	2144	415138	
13.3274	82097	2230	415673	
13.335	81450	2314	416236	
13.342	80768	2348	416884	
13.349	80015	2533	417452	
13.3558	79296	2581	418123	
13.3627	78552	2682	418766	
13.3693	77836	2673	419491	
13.3757	77111	2712	420177	
13.3824	76331	2801	420868	
13.3889	75590	2785	421625	
13.3955	74939	2766	422295	
13.4021	74243	2762	422995	
13.4091	73569	2708	423723	
13.4162	72951	2647	424402	
13.4232	72281	2621	425098	
13.4302	71612	2635	425753	
13.4373	70984	2570	426446	
13.4447	70349	2561	427090	
13.4518	69676	2532	427792	
13.4593	69098	2379	428523	
13.4676	68578	2278	429144	
13.4756	68130	2123	429747	
13.4847	67746	1942	430312	
13.4942	67355	1805	430840	
13.5045	67013	1699	431288	
13.5148	66717	1597	431686	
13.5256	66460	1459	432081	
13.5376	66234	1364	432402	
13.5503	66157	1205	432638	
13.5643	66177	1017	432806	
13.5807	66302	865	432833	
13.5981	66550	785	432665	
13.617	67002	594	432404	
13.6391	67587	518	431895	
13.6629	68356	428	431216	
13.6898	69321	336	430343	
13.7182	70475	262	429263	
13.7488	71854	194	427952	
13.7812	73338	183	426479	
13.8152	74924	139	424937	
13.8513	76671	118	423211	
13.8883	78330	120	421550	
13.9246	80089	117	419794	
13.9615	81763	152	418085	
13.9963	83399	152	416449	
14.0309	84790	180	415030	
14.0644	86257	170	413573	
14.0968	87546	240	412214	
14.1241	88523	331	411146	
14.1496	89343	391	410266	
14.1733	89831	494	409675	
14.1932	90084	629	409287	
14.2112	90127	776	409097	
14.2262	90068	926	409006	
14.2396	89739	1136	409125	
14.2521	89363	1257	409380	
14.263	88895	1448	409657	
14.2731	88320	1613	410067	
14.2826	87742	1745	410513	
14.2915	87128	1898	410974	
14.3001	86490	2036	411474	
14.3083	85809	2110	412081	
14.3157	85137	2235	412628	
14.3231	84419	2341	413240	
14.3302	83680	2540	413780	
14.3369	82954	2605	414441	
14.3436	82169	2755	415076	
14.3499	81325	2840	415835	
14.3559	80493	2934	416573	
14.3621	79712	3001	417287	
14.368	78892	3128	417980	
14.3739	78140	3110	418750	
14.38	77387	3094	419519	
14.3861	76573	3137	420290	
14.392	75827	3110	421063	
14.3981	75119	3082	421799	
14.4041	74409	3013	422578	
14.4104	73668	3000	423332	
14.4168	72998	2959	424043	
14.4234	72297	2896	424807	
14.4298	71646	2868	425486	
14.4365	71030	2833	426137	
14.4432	70417	2690	426893	
14.4505	69804	2616	427580	
14.4577	69183	2525	428292	
14.4653	68619	2422	428959	
14.4733	68044	2374	429582	
14.4814	67540	2253	430207	
14.4899	67079	2061	430860	
14.4993	66685	1894	431421	
14.5088	66373	1743	431884	
14.5192	65996	1632	432372	
14.5303	65764	1474	432762	
14.5421	65601	1349	433050	
14.5557	65564	1155	433281	
14.5708	65655	951	433394	
14.5871	65831	805	433364	
14.6053	66114	685	433201	
14.6259	66689	524	432787	
14.6494	67348	462	432190	
14.6734	68231	408	431361	
14.6992	69203	326	430471	
14.7273	70331	301	429368	
14.7577	71633	219	428148	
14.7876	72940	220	426840	
14.8201	74436	155	425409	
14.8558	76111	116	423773	
14.8916	77802	123	422075	
14.9283	79561	123	420316	
14.9639	81217	134	418649	
14.9996	82800	186	417014	
15.0322	84210	191	415599	
15.0645	85455	220	414325	
15.0944	86684	260	413056	
15.1223	87568	360	412072	
15.1466	88149	457	411394	
15.1682	88580	536	410884	
15.1875	88890	641	410469	
15.2051	88948	812	410240	
15.2196	88696	1009	410295	
15.2326	88444	1116	410440	
15.2444	88009	1352	410639	
15.2554	87582	1485	410933	
15.2648	87019	1692	411289	
15.2739	86407	1853	411740	
15.282	85721	2078	412201	
15.2898	84976	2262	412762	
15.297	84230	2415	413355	
15.3038	83436	2538	414026	
15.3103	82643	2716	414641	
15.3164	81822	2866	415312	
15.3226	81014	2969	416017	
15.3285	80200	3063	416737	
15.3344	79411	3113	417476	
15.3402	78627	3138	418235	
15.3461	77857	3117	419026	
15.352	77064	3142	419794	
15.3579	76308	3120	420572	
15.3637	75585	3107	421308	
15.3695	74806	3122	422072	
15.3756	73989	3204	422807	
15.3818	73277	3154	423569	
15.388	72549	3094	424357	
15.3942	71868	2958	425174	
15.4006	71167	2946	425887	
15.4071	70485	2926	426589	
15.4137	69771	2874	427355	
15.4204	69140	2755	428105	
15.4274	68512	2690	428798	
15.4347	68005	2527	429468	
15.4421	67432	2406	430162	
15.45	66896	2292	430812	
15.4584	66439	2143	431418	
15.4673	65986	1974	432040	
15.4766	65514	1873	432613	
15.4869	65269	1672	433059	
15.4977	65002	1503	433495	
15.5093	64804	1388	433808	
15.5224	64745	1190	434065	
15.5364	64860	953	434187	
15.5522	65089	848	434063	
15.5698	65450	716	433834	
15.5889	65894	655	433451	
15.6108	66467	549	432984	
15.6342	67243	427	432330	
15.6599	68187	341	431472	
15.6882	69348	280	430372	
15.7178	70601	230	429169	
15.7494	71993	196	427811	
15.7835	73617	151	426232	
15.8174	75343	139	424518	
15.8522	77009	157	422834	
15.8871	78515	162	421323	
15.9205	80005	175	419820	
15.9536	81373	201	418426	
15.9835	82561	305	417134	
16.0107	83540	338	416122	
16.0377	84347	376	415277	
16.0626	85061	438	414501	
16.084	85499	581	413920	
16.1041	85825	606	413569	
16.1226	85977	709	413314	
16.139	85978	817	413205	
16.1539	85910	952	413138	
16.1679	85667	1107	413226	
16.1803	85380	1233	413387	
16.1923	85019	1291	413690	
16.2038	84680	1356	413964	
16.2146	84266	1406	414328	
16.2255	83854	1512	414634	
16.2356	83304	1669	415027	
16.2452	82778	1778	415444	
16.2541	82233	1859	415908	
16.2627	81633	1966	416401	
16.271	80964	2145	416891	
16.2787	80276	2275	417449	
16.2864	79611	2299	418090	
16.294	78924	2346	418730	
16.3016	78226	2424	419350	
16.3087	77513	2505	419982	
16.3158	76837	2512	420651	
16.3228	76170	2546	421284	
16.3297	75481	2522	421997	
16.3368	74796	2559	422645	
16.344	74171	2509	423320	
16.3509	73550	2442	424008	
16.3584	72903	2412	424685	
16.3658	72262	2412	425326	
16.3736	71652	2374	425974	
16.3813	71111	2312	426577	
16.3894	70593	2207	427200	
16.3974	70000	2159	427841	
16.4058	69396	2199	428405	
16.4144	68956	2025	429019	
16.4231	68544	1993	429463	
16.4324	68117	1904	429979	
16.4416	67695	1895	430410	
16.4513	67274	1767	430959	
16.4616	66892	1693	431415	
16.4727	66676	1512	431812	
16.4841	66434	1416	432150	
16.4965	66248	1268	432484	
16.5099	66199	1161	432640	
16.5245	66296	951	432753	
16.5407	66450	810	432740	
16.559	66794	730	432476	
16.5786	67223	585	432192	
16.6001	67804	550	431646	
16.6225	68551	435	431014	
16.6493	69542	312	430146	
16.678	70817	236	428947	
16.7099	72254	193	427553	
16.743	73862	135	426003	
16.7776	75684	87	424229	
16.8159	77489	124	422387	
16.8518	79221	130	420649	
16.8873	80817	153	419030	
16.9201	82269	176	417555	
16.9534	83740	164	416096	
16.9864	85168	169	414663	
17.0202	86723	142	413135	
17.0534	88190	192	411618	
17.0849	89352	264	410384	
17.1129	90261	359	409380	
17.1357	90803	498	408699	
17.1561	91172	539	408289	
17.1742	91335	671	407994	
17.1899	91175	957	407868	
17.2032	90913	1111	407976	
17.2154	90576	1265	408159	
17.226	90044	1509	408447	
17.2358	89415	1743	408842	
17.2446	88743	1988	409269	
17.2523	87991	2258	409751	
17.2598	87286	2344	410370	
17.2666	86476	2520	411004	
17.2732	85676	2691	411633	
17.2794	84862	2881	412257	
17.2851	83993	3082	412925	
17.2907	83117	3234	413649	
17.2961	82260	3339	414401	
17.3014	81382	3426	415192	
17.3068	80476	3554	415970	
17.3118	79565	3653	416782	
17.3167	78707	3712	417581	
17.3216	77783	3828	418389	
17.3264	76927	3916	419157	
17.3312	76055	3943	420002	
17.3361	75248	3909	420843	
17.341	74415	3918	421667	
17.3459	73636	3861	422503	
17.3508	72808	3845	423347	
17.3556	71944	3886	424170	
17.3607	71226	3734	425040	
17.366	70470	3619	425911	
17.3713	69654	3606	426740	
17.3769	68965	3489	427546	
17.3825	68240	3366	428394	
17.3885	67577	3203	429220	
17.3945	66948	3065	429987	
17.401	66322	2927	430751	
17.4078	65718	2742	431540	
17.4152	65129	2512	432359	
17.4229	64570	2390	433040	
17.4311	64109	2222	433669	
17.44	63698	1951	434351	
17.4497	63378	1765	434857	
17.4598	63116	1634	435250	
17.4711	62967	1412	435621	
17.4836	62810	1278	435912	
17.4965	62829	1146	436025	
17.5113	62868	1007	436125	
17.5276	63119	900	435981	
17.545	63451	766	435783	
17.5644	63909	668	435423	
17.5851	64434	562	435004	
17.6078	65150	446	434404	
17.6335	66044	325	433631	
17.6612	67151	288	432561	
17.6903	68397	252	431351	
17.7208	69783	194	430023	
17.7556	71417	156	428427	
17.7905	73047	132	426821	
17.8262	74776	108	425116	
17.8648	76640	90	423270	
17.9032	78578	71	421351	
17.9435	80533	84	419383	
17.9829	82450	107	417443	
18.0179	83979	192	415829	
18.0482	85107	296	414597	
18.0748	85886	390	413724	
18.0991	86513	461	413026	
18.1203	86858	571	412571	
18.1391	87025	695	412280	
18.1554	87000	810	412190	
18.1709	86879	907	412214	
18.1855	86683	1031	412286	
18.1985	86420	1220	412360	
18.2101	86003	1387	412610	
18.2204	85426	1583	412991	
18.23	84878	1715	413407	
18.2389	84351	1826	413823	
18.2475	83707	1937	414356	
18.2556	83016	2097	414887	
18.2633	82308	2204	415488	
18.2709	81566	2352	416082	
18.278	80881	2455	416664	
18.2852	80180	2515	417305	
18.292	79520	2571	417909	
18.2986	78733	2689	418578	
18.3052	77963	2794	419243	
18.3115	77178	2911	419911	
18.3177	76520	2879	420601	
18.3239	75752	2920	421328	
18.3301	75026	2910	422064	
18.3363	74309	2900	422791	
18.3428	73544	2932	423524	
18.3492	72794	2982	424224	
18.3555	72034	3001	424965	
18.3621	71397	2867	425736	
18.3685	70653	2857	426490	
18.3752	69893	2858	427249	
18.3819	69278	2764	427958	
18.3889	68581	2693	428726	
18.3961	67902	2748	429350	
18.4031	67229	2740	430031	
18.4103	66626	2613	430761	
18.4176	66049	2533	431418	
18.4255	65560	2361	432079	
18.4339	65105	2163	432732	
18.4429	64722	1998	433280	
18.4525	64343	1855	433802	
18.4629	64123	1649	434228	
18.4739	63858	1482	434660	
18.4862	63747	1307	434946	
18.4993	63682	1193	435125	
18.5138	63711	1035	435254	
18.5302	63814	894	435292	
18.5481	64124	684	435192	
18.5687	64607	575	434818	
18.591	65323	447	434230	
18.6156	66150	403	433447	
18.6423	67181	296	432523	
18.672	68504	205	431291	
18.7046	70000	164	429836	
18.7383	71686	127	428187	
18.7745	73490	115	426395	
18.8118	75401	72	424527	
18.8534	77469	69	422462	
18.8931	79405	87	420508	
18.9329	81365	69	418566	
18.9748	83415	39	416546	
19.0178	85611	38	414351	
19.0623	87903	25	412072	
19.1082	90113	50	409837	
19.1495	92112	83	407805	
19.1852	93547	224	406229	
19.2156	94583	290	405127	
19.241	95296	411	404293	
19.262	95555	582	403863	
19.2789	95550	852	403598	
19.2936	95339	1054	403607	
19.3056	94875	1234	403891	
19.3165	94305	1518	404177	
19.3259	93689	1720	404591	
19.3342	93009	2020	404971	
19.342	92253	2238	405509	
19.349	91400	2464	406136	
19.3555	90470	2775	406755	
19.3615	89608	2914	407478	
19.3672	88738	3105	408157	
19.3727	87783	3373	408844	
19.3778	86855	3620	409525	
19.3825	85893	3833	410274	
19.3873	84961	4001	411038	
19.3917	83970	4176	411854	
19.3962	83010	4283	412707	
19.4006	82069	4319	413612	
19.4047	81098	4454	414448	
19.409	80110	4530	415360	
19.4131	79131	4678	416191	
19.4172	78203	4703	417094	
19.4214	77336	4672	417992	
19.4256	76423	4676	418901	
19.4297	75457	4738	419805	
19.4338	74571	4718	420711	
19.4379	73675	4703	421622	
19.4421	72770	4706	422524	
19.4465	71940	4556	423504	
19.4508	71064	4519	424417	
19.4554	70262	4385	425353	
19.46	69499	4224	426277	
19.4648	68716	4124	427160	
19.4699	67949	3917	428134	
19.4753	67230	3734	429036	
19.481	66459	3622	429919	
19.4868	65790	3390	430820	
19.4928	65141	3214	431645	
19.4992	64548	3004	432448	
19.506	64024	2743	433233	
19.5133	63473	2530	433997	
19.5215	63000	2314	434686	
19.5299	62585	2078	435337	
19.5396	62212	1842	435946	
19.5501	61961	1560	436479	
19.5622	61828	1360	436812	
19.5758	61837	1131	437032	
19.5909	62005	890	437105	
19.6085	62294	737	436969	
19.6288	62832	626	436542	
19.6514	63443	504	436053	
19.6762	64336	367	435297	
19.7045	65556	218	434226	
19.7375	67149	142	432709	
19.7735	68925	117	430958	
19.811	70820	82	429098	
19.8527	73004	36	426960	
19.8949	75151	52	424797	
19.9376	77322	50	422628	
19.9797	79455	55	420490	
20.0222	81648	45	418307	
20.0628	83722	57	416221	
20.1046	85805	63	414132	
20.1461	87829	73	412098	
20.1842	89592	134	410274	
20.2171	90943	200	408857	
20.2473	91980	291	407729	
20.2737	92729	418	406853	
20.2947	93075	583	406342	
20.3126	93186	726	406088	
20.329	93042	932	406026	
20.3427	92816	1059	406125	
20.3556	92520	1158	406322	
20.367	92000	1447	406553	
20.3772	91401	1678	406921	
20.3864	90733	1870	407397	
20.3947	90025	2070	407905	
20.402	89234	2325	408441	
20.4089	88386	2547	409067	
20.4157	87630	2717	409653	
20.422	86750	2952	410298	
20.4277	85888	3091	411021	
20.4334	85031	3196	411773	
20.4391	84200	3324	412476	
20.4446	83367	3381	413252	
20.4501	82518	3440	414042	
20.4552	81674	3498	414828	
20.4605	80774	3593	415633	
20.4655	79936	3606	416458	
20.4707	79080	3670	417250	
20.4757	78190	3769	418041	
20.4806	77329	3777	418894	
20.4854	76460	3837	419703	
20.4905	75628	3784	420588	
20.4957	74793	3782	421425	
20.5009	73973	3774	422253	
20.5061	73138	3790	423072	
20.5113	72299	3748	423953	
20.5166	71551	3707	424742	
20.5221	70831	3577	425592	
20.5277	70151	3436	426413	
20.5335	69367	3458	427175	
20.5393	68652	3342	428006	
20.5452	67941	3338	428721	
20.5513	67248	3190	429562	
20.5575	66536	3107	430357	
20.564	65925	2945	431130	
20.5712	65317	2765	431918	
20.5786	64791	2577	432632	
20.587	64275	2366	433359	
20.5951	63856	2147	433997	
20.6041	63494	1967	434539	
20.6139	63139	1767	435094	
20.6245	62821	1586	435593	
20.6365	62632	1399	435969	
20.6494	62666	1162	436172	
20.6641	62842	911	436247	
20.6821	63185	758	436057	
20.7023	63722	571	435707	
20.725	64469	447	435084	
20.7518	65520	300	434180	
20.783	66922	177	432901	
20.8164	68652	142	431206	
20.8528	70482	84	429434	
20.8928	72552	53	427395	
20.9369	74774	33	425193	
20.9813	77051	26	422923	
21.0241	79296	38	420666	
21.0672	81504	43	418453	
21.1093	83644	52	416304	
21.1515	85785	53	414162	
21.1915	87767	105	412128	
21.2274	89440	151	410409	
21.2598	90700	270	409030	
21.2869	91526	336	408138	
21.3113	92207	389	407404	
21.3321	92597	595	406808	
21.3497	92667	739	406594	
21.3654	92531	914	406555	
21.3791	92272	1044	406684	
21.3925	92039	1155	406806	
21.4045	91575	1362	407063	
21.4147	91047	1571	407382	
21.4241	90541	1670	407789	
21.4332	89933	1853	408214	
21.4414	89203	2073	408724	
21.4492	88525	2150	409325	
21.4564	87782	2345	409873	
21.4633	86995	2544	410461	
21.4702	86104	2747	411149	
21.4765	85338	2859	411803	
21.4826	84577	2904	412519	
21.4887	83829	2938	413233	
21.4947	83017	2998	413985	
21.5008	82262	2962	414776	
21.507	81547	2948	415505	
21.513	80732	3026	416242	
21.5189	79948	3042	417010	
21.5249	79207	3065	417728	
21.5309	78417	3132	418451	
21.537	77652	3098	419250	
21.543	76867	3131	420002	
21.549	76076	3158	420766	
21.5548	75311	3133	421556	
21.561	74575	3086	422339	
21.5672	73839	3045	423116	
21.5736	73149	2954	423897	
21.58	72474	2884	424642	
21.5868	71783	2825	425392	
21.5937	71145	2762	426093	
21.6008	70572	2611	426817	
21.608	69926	2600	427474	
21.6158	69454	2382	428164	
21.6238	68933	2316	428751	
21.6321	68421	2142	429437	
21.6411	68067	1955	429978	
21.6508	67776	1732	430492	
21.6613	67493	1565	430942	
21.6729	67252	1428	431320	
21.6853	67101	1219	431680	
21.6989	67071	1122	431807	
21.7143	67151	934	431915	
21.7313	67322	831	431847	
21.7493	67588	670	431742	
21.7692	68084	601	431315	
21.7904	68723	486	430791	
21.8145	69505	394	430101	
21.842	70524	308	429168	
21.8702	71704	254	428042	
21.901	73055	215	426730	
21.9329	74542	192	425266	
21.9672	76059	154	423787	
22.0014	77507	194	422299	
22.0338	78755	211	421034	
22.0652	79909	278	419813	
22.0928	80909	320	418771	
22.1186	81791	358	417851	
22.1429	82459	428	417113	
22.1657	83073	480	416447	
22.1873	83509	537	415954	
22.2075	83924	552	415524	
22.2264	84113	695	415192	
22.2435	84155	829	415016	
22.2583	84018	955	415027	
22.2719	83723	1169	415108	
22.284	83493	1253	415254	
22.2956	83068	1346	415586	
22.3065	82644	1452	415904	
22.317	82172	1528	416300	
22.3273	81677	1599	416724	
22.3375	81174	1638	417188	
22.3471	80661	1703	417636	
22.3567	80151	1819	418030	
22.3657	79624	1867	418509	
22.3749	79077	1895	419028	
22.3838	78465	1984	419551	
22.3921	77871	2052	420077	
22.4006	77263	2121	420616	
22.4087	76623	2206	421171	
22.417	76047	2241	421712	
22.4248	75438	2276	422286	
22.4324	74794	2288	422918	
22.4401	74167	2299	423534	
22.4483	73551	2246	424203	
22.4566	73022	2127	424851	
22.465	72536	2033	425431	
22.4739	72014	2032	425954	
22.4829	71577	1906	426517	
22.492	71090	1799	427111	
22.5018	70710	1706	427584	
22.5124	70381	1625	427994	
22.5234	70068	1500	428432	
22.5346	69772	1476	428752	
22.5463	69512	1377	429111	
22.5589	69309	1242	429449	
22.5724	69206	1144	429650	
22.5863	69123	1081	429796	
22.6013	69132	1026	429842	
22.6167	69260	883	429857	
22.6345	69400	812	429788	
22.6534	69720	657	429623	
22.6733	70188	602	429210	
22.6948	70814	498	428688	
22.719	71647	409	427944	
22.7445	72641	334	427025	
22.7723	73647	292	426061	
22.801	74857	229	424914	
22.8315	76207	222	423571	
22.8623	77502	229	422269	
22.8953	78887	191	420922	
22.9292	80360	193	419447	
22.9604	81589	245	418166	
22.9891	82658	260	417082	
23.0179	83707	318	415975	
23.0425	84416	435	415149	
23.065	84897	525	414578	
23.0861	85323	566	414111	
23.1053	85528	674	413798	
23.1229	85646	758	413596	
23.1388	85594	879	413527	
23.1532	85415	1080	413505	
23.1663	85140	1140	413720	
23.178	84752	1315	413933	
23.1892	84324	1408	414268	
23.1997	83872	1510	414618	
23.21	83345	1690	414965	
23.2191	82749	1777	415474	
23.2281	82161	1881	415958	
23.2365	81590	1951	416459	
23.2448	80937	2092	416971	
23.2528	80259	2181	417560	
23.2606	79635	2231	418134	
23.2684	78973	2291	418736	
23.2759	78320	2357	419323	
23.2833	77597	2500	419903	
23.2905	76936	2456	420608	
23.2977	76314	2460	421226	
23.305	75594	2543	421863	
23.3121	74883	2545	422572	
23.3189	74221	2581	423198	
23.3259	73564	2565	423871	
23.3331	72891	2539	424570	
23.3404	72315	2502	425183	
23.3478	71668	2466	425866	
23.3552	71008	2402	426590	
23.3627	70361	2444	427195	
23.3701	69750	2429	427821	
23.3777	69215	2298	428487	
23.3858	68682	2250	429068	
23.394	68192	2140	429668	
23.4029	67755	1996	430249	
23.4121	67340	1823	430837	
23.4222	66996	1721	431283	
23.433	66668	1596	431736	
23.444	66453	1494	432053	
23.4559	66307	1386	432307	
23.4687	66153	1225	432622	
23.4825	66122	1085	432793	
23.4974	66171	938	432891	
23.514	66384	838	432778	
23.5328	66716	689	432595	
23.5536	67202	610	432188	
23.5755	67894	491	431615	
23.5981	68550	477	430973	
23.6219	69347	370	430283	
23.6491	70387	326	429287	
23.6766	71597	275	428128	
23.7067	72964	204	426832	
23.7401	74463	175	425362	
23.7738	76053	138	423809	
23.8085	77712	140	422148	
23.8439	79304	150	420546	
23.8784	80911	154	418935	
23.9133	82609	105	417286	
23.9516	84389	99	415512	
23.9905	86183	128	413689	
24.0254	87787	141	412072	
24.0595	89205	199	410596	
24.0888	90338	305	409357	
24.1138	90903	455	408642	
24.1347	91208	597	408195	
24.1525	91259	737	408004	
24.1679	91124	916	407960	
24.182	90916	989	408095	
24.1951	90611	1199	408190	
24.2063	90172	1371	408457	
24.2167	89640	1567	408793	
24.2262	89097	1698	409205	
24.2351	88424	1855	409721	
24.2435	87710	2091	410199	
24.2511	86992	2260	410748	
24.2583	86259	2348	411393	
24.2653	85523	2574	411903	
24.2717	84708	2757	412535	
24.2779	83890	2880	413230	
24.2839	83028	3001	413971	
24.2897	82197	3114	414689	
24.2952	81414	3149	415437	
24.3008	80600	3258	416142	
24.3064	79779	3381	416840	
24.3117	78960	3443	417597	
24.3168	78045	3559	418396	
24.3222	77214	3522	419264	
24.3273	76379	3568	420053	
24.3327	75556	3614	420830	
24.3378	74766	3573	421661	
24.3432	74021	3535	422444	
24.3485	73225	3467	423308	
24.3541	72445	3442	424113	
24.3596	71679	3395	424926	
24.3654	70942	3320	425738	
24.3713	70161	3327	426512	
24.3771	69408	3257	427335	
24.3831	68696	3171	428133	
24.3895	68000	3077	428923	
24.3959	67325	3019	429656	
24.4022	66694	2894	430412	
24.409	66076	2779	431145	
24.4163	65501	2641	431858	
24.4239	64895	2559	432546	
24.4315	64427	2375	433198	
24.4398	63964	2199	433837	
24.4486	63443	2142	434415	
24.4577	63021	1989	434990	
24.4674	62721	1793	435486	
24.4778	62480	1590	435930	
24.4901	62337	1338	436325	
24.5035	62293	1143	436564	
24.5182	62321	999	436680	
24.5342	62593	799	436608	
24.553	63070	636	436294	
24.5756	63742	449	435809	
24.6023	64694	353	434953	
24.6309	65817	248	433935	
24.6629	67305	154	432541	
24.6994	69196	79	430725	
24.7405	71220	56	428724	
24.7818	73407	49	426544	
24.8232	75629	38	424333	
24.865	77831	40	422129	
24.9078	80011	35	419954	
24.9517	82314	27	417659	
24.996	84575	34	415391	
25.0398	86814	34	413152	
25.0847	89098	22	410880	
25.129	91353	35	408612	
25.1734	93589	26	406385	
25.2163	95710	64	404226	
25.2534	97275	161	402564	
25.2843	98378	267	401355	
25.3092	99055	451	400494	
25.3283	99145	750	400105	
25.3431	99004	926	400070	
25.3559	98595	1206	400199	
25.3666	98039	1528	400433	
25.3756	97404	1759	400837	
25.3837	96670	2005	401325	
25.3911	95851	2241	401908	
25.3979	95028	2428	402544	
25.4043	94116	2694	403190	
25.4102	93205	2931	403864	
25.4158	92296	3137	404567	
25.4211	91288	3412	405300	
25.4259	90286	3693	406021	
25.4307	89350	3851	406799	
25.4353	88394	3965	407641	
25.4399	87344	4192	408464	
25.4442	86381	4329	409290	
25.4483	85388	4445	410167	
25.4525	84399	4604	410997	
25.4564	83414	4722	411864	
25.4604	82408	4837	412755	
25.4642	81415	4971	413614	
25.4679	80441	5025	414534	
25.4719	79464	5094	415442	
25.4754	78535	5097	416368	
25.4793	77622	5119	417259	
25.483	76697	5090	418213	
25.4868	75754	5160	419086	
25.4906	74787	5173	420040	
25.4945	73850	5189	420961	
25.4983	72914	5146	421940	
25.5023	71964	5185	422851	
25.5064	71067	5109	423824	
25.5104	70201	5031	424768	
25.5146	69330	4945	425725	
25.5188	68498	4874	426628	
25.5231	67657	4698	427645	
25.5276	66878	4515	428607	
25.5323	66117	4410	429473	
25.5371	65340	4235	430425	
25.542	64624	4067	431309	
25.5474	63938	3743	432319	
25.5532	63224	3547	433229	
25.5591	62571	3298	434131	
25.5653	62002	3028	434970	
25.5722	61389	2837	435774	
25.5798	60913	2606	436481	
25.588	60552	2241	437207	
25.5971	60137	2056	437807	
25.6071	59821	1811	438368	
25.6184	59613	1566	438821	
25.6302	59503	1362	439135	
25.6442	59582	1095	439323	
25.66	59846	854	439300	
25.6791	60355	630	439015	
25.7024	61025	465	438510	
25.7289	62129	329	437542	
25.758	63552	188	436260	
25.7941	65303	96	434601	
25.8333	67324	73	432603	
25.8751	69433	51	430516	
25.9168	71570	45	428385	
25.9599	73785	39	426176	
26.0023	75949	51	424000	
26.0456	78141	31	421828	
26.0872	80384	41	419575	
26.129	82556	28	417416	
26.1721	84765	37	415198	
26.215	86852	77	413071	
26.2537	88741	96	411163	
26.2902	90334	161	409505	
26.3251	91765	190	408045	
26.3545	92755	321	406924	
26.3779	93245	483	406272	
26.3987	93490	604	405906	
26.4163	93466	795	405739	
26.4314	93295	929	405776	
26.4448	92942	1175	405883	
26.4561	92398	1482	406120	
26.4662	91879	1619	406502	
26.4754	91306	1768	406926	
26.4841	90634	1863	407503	
26.4925	89963	2013	408024	
26.5004	89221	2206	408573	
26.5078	88519	2316	409165	
26.5149	87761	2457	409782	
26.5218	87066	2544	410390	
26.5286	86274	2651	411075	
26.535	85541	2775	411684	
26.5411	84699	2925	412376	
26.5472	83866	3048	413086	
26.5529	83103	3073	413824	
26.5585	82303	3145	414552	
26.5644	81479	3205	415316	
26.5701	80661	3247	416092	
26.5757	79834	3346	416820	
26.5811	78984	3473	417543	
26.5865	78196	3476	418328	
26.5918	77419	3400	419181	
26.5976	76629	3335	420036	
26.6034	75854	3369	420777	
26.6091	75097	3367	421536	
26.6151	74401	3270	422329	
26.6211	73649	3204	423147	
26.6272	72932	3161	423907	
26.6334	72205	3111	424684	
26.6395	71491	3014	425495	
26.6462	70833	2925	426242	
26.6532	70188	2765	427047	
26.6602	69497	2739	427764	
26.6674	68944	2575	428481	
26.6753	68529	2336	429135	
26.6837	68025	2230	429745	
26.6923	67622	2069	430309	
26.7016	67191	1901	430908	
26.7117	66896	1734	431370	
26.7223	66659	1559	431782	
26.7339	66388	1485	432127	
26.746	66289	1310	432401	
26.7591	66267	1173	432560	
26.774	66310	987	432703	
26.7898	66376	887	432737	
26.8069	66590	776	432634	
26.8258	66981	623	432396	
26.8465	67526	552	431922	
26.8688	68203	505	431292	
26.8933	69038	397	430565	
26.9202	70046	315	429639	
26.9496	71209	268	428523	
26.9793	72426	218	427356	
27.0097	73825	218	425957	
27.0405	75157	229	424614	
27.0717	76548	179	423273	
27.1035	78040	209	421751	
27.1337	79202	248	420550	
27.1643	80423	238	419339	
27.1927	81465	298	418237	
27.2198	82383	351	417266	
27.244	83007	467	416526	
27.2657	83548	509	415943	
27.2867	83973	540	415487	
27.3065	84398	571	415031	
27.3255	84594	721	414685	
27.3422	84662	821	414517	
27.3583	84631	855	414514	
27.3732	84502	992	414506	
27.3875	84253	1120	414627	
27.4002	83987	1210	414803	
27.4125	83623	1340	415037	
27.4237	83217	1404	415379	
27.4348	82795	1479	415726	
27.4454	82428	1492	416080	
27.4559	81999	1542	416459	
27.466	81547	1623	416830	
27.4757	81086	1659	417255	
27.486	80639	1673	417688	
27.4958	80196	1757	418047	
27.5053	79716	1780	418504	
27.5148	79206	1809	418985	
27.5242	78772	1809	419419	
27.5336	78275	1860	419865	
27.5426	77853	1860	420287	
27.5519	77400	1862	420738	
27.5612	76972	1895	421133	
27.5706	76526	1841	421633	
27.5799	76038	1871	422091	
27.5891	75518	1845	422637	
27.5988	75081	1776	423143	
27.6088	74740	1689	423571	
27.6192	74327	1677	423996	
27.6295	73987	1600	424413	
27.64	73661	1510	424829	
27.6513	73306	1505	425189	
27.6626	73031	1400	425569	
27.6747	72856	1311	425833	
27.6878	72734	1200	426066	
27.7011	72614	1151	426235	
27.7159	72666	977	426357	
27.7319	72785	855	426360	
27.7496	73056	711	426233	
27.7691	73441	654	425905	
27.7888	73916	591	425493	
27.8095	74497	520	424983	
27.8314	75094	543	424363	
27.8532	75597	529	423874	
27.8752	76258	463	423279	
27.8984	77047	393	422560	
27.924	77913	394	421693	
27.9479	78568	466	420966	
27.97	79168	465	420367	
27.9924	79666	506	419828	
28.0149	80142	507	419351	
28.0359	80579	553	418868	
28.0571	81083	522	418395	
28.0779	81530	548	417922	
28.0972	81881	616	417503	
28.1168	82109	699	417192	
28.1337	82208	776	417016	
28.1497	82207	903	416890	
28.1641	82047	991	416962	
28.178	81890	1034	417076	
28.1909	81621	1199	417180	
28.203	81338	1299	417363	
28.2146	80940	1371	417689	
28.2258	80579	1441	417980	
28.2363	80177	1494	418329	
28.2466	79732	1579	418689	
28.2568	79208	1669	419123	
28.2664	78744	1678	419578	
28.2762	78270	1695	420035	
28.2855	77746	1773	420481	
28.2948	77156	1908	420936	
28.3037	76682	1946	421372	
28.3127	76070	2062	421868	
28.3207	75526	2096	422378	
28.3294	74950	2035	423015	
28.3378	74391	2066	423543	
28.3463	73841	2073	424086	
28.3547	73317	2070	424613	
28.3632	72746	2050	425204	
28.3719	72158	2031	425811	
28.3805	71683	1993	426324	
28.3897	71164	1959	426877	
28.3987	70689	1936	427375	
28.4079	70256	1802	427942	
28.4177	69864	1697	428439	
28.4279	69511	1583	428906	
28.4387	69211	1549	429240	
28.4498	68909	1411	429680	
28.462	68663	1392	429945	
28.4746	68494	1225	430281	
28.4882	68457	1136	430407	
28.5022	68350	1082	430568	
28.5171	68398	976	430626	
28.5326	68565	854	430581	
28.5501	68842	761	430397	
28.5679	69161	716	430123	
28.5858	69417	704	429879	
28.6053	69840	592	429568	
28.6278	70543	490	428967	
28.6512	71246	418	428336	
28.6773	72192	322	427486	
28.7058	73283	314	426403	
28.7327	74220	341	425439	
28.76	75181	338	424481	
28.7872	76161	312	423527	
28.816	77320	276	422404	
28.8448	78468	271	421261	
28.8736	79531	262	420207	
28.9048	80639	271	419090	
28.9324	81645	283	418072	
28.9605	82748	314	416938	
28.9871	83632	339	416029	
29.0141	84568	353	415079	
29.0397	85365	396	414239	
29.0633	86035	423	413542	
29.0856	86622	454	412924	
29.1061	87022	604	412374	
29.1244	87227	706	412067	
29.1412	87273	817	411910	
29.157	87134	968	411898	
29.1707	86906	1078	412016	
29.1829	86574	1261	412165	
29.1938	86070	1461	412469	
29.2038	85518	1649	412833	
29.2129	84880	1838	413282	
29.2213	84242	1955	413803	
29.2296	83664	2030	414306	
29.2377	82908	2236	414856	
29.2453	82162	2293	415545	
29.2526	81479	2365	416156	
29.2596	80737	2459	416804	
29.2665	80008	2584	417408	
29.2735	79260	2648	418092	
29.2801	78465	2785	418750	
29.2862	77698	2818	419484	
29.2925	76967	2830	420203	
29.2987	76199	2883	420918	
29.3052	75532	2839	421629	
29.3117	74786	2884	422330	
29.3183	74118	2785	423097	
29.3249	73386	2811	423803	
29.3313	72614	2899	424487	
29.338	71895	2827	425278	
29.3448	71243	2726	426031	
29.3518	70582	2661	426757	
29.3588	69939	2605	427456	
29.3661	69334	2521	428145	
29.3738	68756	2434	428810	
29.3818	68172	2335	429493	
29.3895	67615	2302	430083	
29.3975	67104	2165	430731	
29.4061	66639	1996	431365	
29.4153	66263	1886	431851	
29.4252	65877	1814	432309	
29.4358	65588	1647	432765	
29.4473	65361	1443	433196	
29.4594	65171	1324	433505	
29.4722	65119	1178	433703	
29.4867	65266	994	433740	
29.503	65385	869	433746	
29.5206	65686	758	433556	
29.5402	66178	625	433197	
29.5627	66786	482	432732	
29.5873	67597	377	432026	
29.6139	68648	293	431059	
29.6444	69844	255	429901	
29.6754	71269	218	428513	
29.7078	72644	206	427150	
29.7389	73982	208	425810	
29.772	75484	167	424349	
29.807	77096	164	422740	
29.8411	78720	137	421143	
29.8765	80345	156	419499	
29.9113	81949	142	417909	
29.9449	83420	175	416405	
29.9769	84566	291	415143	
30.0033	85477	346	414177	
30.0287	86193	452	413355	
30.05	86521	626	412853	
30.0683	86620	748	412632	
30.0845	86645	859	412496	
30.0989	86571	952	412477	
30.1132	86488	973	412539	
30.1267	86291	1042	412667	
30.1398	86020	1157	412823	
30.1521	85655	1280	413065	
30.163	85200	1427	413373	
30.1733	84708	1549	413743	
30.183	84216	1707	414077	
30.1919	83613	1844	414543	
30.2005	83014	1964	415022	
30.2089	82376	2090	415534	
30.2168	81723	2162	416115	
30.2249	81072	2275	416653	
30.2323	80370	2367	417263	
30.2396	79686	2402	417912	
30.2468	78935	2565	418500	
30.2536	78248	2606	419146	
30.2606	77537	2635	419828	
30.2672	76790	2697	420513	
30.2737	76106	2672	421222	
30.2803	75422	2695	421883	
30.2872	74671	2705	422624	
30.2941	74000	2678	423322	
30.301	73383	2594	424023	
30.3082	72762	2524	424714	
30.3153	72137	2528	425335	
30.3224	71444	2539	426017	
30.3301	70858	2447	426695	
30.3377	70259	2390	427351	
30.3456	69671	2323	428006	
30.3535	69107	2235	428658	
30.3618	68565	2184	429251	
30.3702	68032	2181	429787	
30.3789	67586	2046	430368	
30.3879	67143	1929	430928	
30.3978	66780	1733	431487	
30.4082	66439	1634	431927	
30.4191	66076	1552	432372	
