3.98738e-06	85866	1396	412738	
0.00979091	86034	1482	412484	
0.0195448	86223	1496	412281	
0.0289121	86342	1542	412116	
0.0376609	86359	1711	411930	
0.0459153	86298	1802	411900	
0.0542091	86189	1887	411924	
0.0622719	86070	1959	411971	
0.0703685	85998	2054	411948	
0.0778709	85862	2127	412011	
0.0853697	85671	2226	412103	
0.0927115	85478	2275	412247	
0.0999431	85304	2334	412362	
0.10712	85045	2332	412623	
0.113978	84727	2493	412780	
0.120497	84471	2554	412975	
0.127181	84137	2648	413215	
0.133393	83777	2725	413498	
0.139561	83394	2836	413770	
0.145621	83000	2876	414124	
0.151307	82609	2997	414394	
0.157273	82160	3084	414756	
0.163077	81700	3154	415146	
0.168772	81305	3172	415523	
0.174658	80852	3201	415947	
0.180059	80458	3214	416328	
0.185704	79988	3286	416726	
0.191263	79568	3261	417171	
0.196788	79112	3314	417574	
0.202299	78663	3365	417972	
0.207702	78140	3429	418431	
0.213053	77698	3442	418860	
0.218473	77295	3407	419298	
0.223824	76860	3436	419704	
0.229039	76463	3374	420163	
0.234463	76038	3398	420564	
0.239903	75646	3422	420932	
0.245561	75258	3396	421346	
0.251002	74883	3374	421743	
0.25666	74543	3216	422241	
0.262586	74171	3158	422671	
0.26861	73859	3124	423017	
0.274874	73517	3066	423417	
0.280881	73315	2893	423792	
0.287414	73020	2894	424086	
0.293928	72790	2762	424448	
0.30051	72579	2658	424763	
0.307212	72390	2618	424992	
0.314262	72196	2582	425222	
0.321396	71968	2551	425481	
0.328251	71844	2426	425730	
0.335524	71829	2308	425863	
0.34326	71744	2234	426022	
0.351071	71750	2131	426119	
0.359085	71767	2033	426200	
0.367425	71837	1946	426217	
0.376096	71952	1802	426246	
0.384876	72093	1708	426199	
0.393948	72243	1647	426110	
0.403304	72350	1636	426014	
0.412813	72564	1558	425878	
0.42228	72766	1483	425751	
0.432408	73046	1465	425489	
0.442279	73315	1400	425285	
0.452704	73594	1411	424995	
0.462652	73900	1389	424711	
0.473074	74206	1343	424451	
0.483154	74550	1368	424082	
0.493533	74828	1387	423785	
0.503805	75133	1307	423560	
0.514282	75532	1246	423222	
0.524996	75905	1234	422861	
0.535617	76337	1230	422433	
0.546638	76715	1181	422104	
0.558067	77259	1124	421617	
0.569545	77641	1163	421196	
0.58082	78026	1157	420817	
0.592297	78472	1173	420355	
0.603321	78821	1209	419970	
0.614284	79174	1237	419589	
0.625062	79587	1229	419184	
0.63572	79915	1322	418763	
0.646256	80114	1388	418498	
0.656161	80317	1404	418279	
0.666063	80512	1469	418019	
0.675657	80658	1536	417806	
0.685281	80816	1519	417665	
0.69475	80954	1560	417486	
0.703829	81137	1544	417319	
0.713444	81281	1591	417128	
0.722674	81301	1634	417065	
0.731835	81357	1653	416990	
0.740729	81375	1724	416901	
0.749356	81439	1748	416813	
0.758108	81438	1767	416795	
0.766926	81404	1810	416786	
0.775564	81421	1796	416783	
0.784065	81397	1852	416751	
0.792434	81393	1874	416733	
0.800835	81287	1932	416781	
0.808642	81259	1927	416814	
0.816733	81219	1940	416841	
0.824801	81114	2002	416884	
0.832592	81001	2080	416919	
0.840061	80868	2093	417039	
0.84752	80862	2050	417088	
0.855551	80781	2091	417128	
0.863484	80713	2058	417229	
0.871344	80516	2148	417336	
0.87898	80381	2162	417457	
0.886187	80148	2237	417615	
0.893786	80050	2219	417731	
0.901248	79928	2222	417850	
0.908615	79830	2228	417942	
0.915843	79673	2235	418092	
0.923108	79527	2271	418202	
0.930302	79449	2282	418269	
0.937608	79317	2326	418357	
0.944994	79136	2324	418540	
0.952338	78969	2291	418740	
0.959804	78856	2252	418892	
0.96724	78712	2194	419094	
0.974904	78580	2199	419221	
0.982319	78466	2219	419315	
0.989896	78303	2205	419492	
0.997287	78208	2205	419587	
1.00489	78039	2185	419776	
1.01218	77876	2225	419899	
1.01957	77772	2234	419994	
1.02709	77611	2246	420143	
1.03465	77433	2247	420320	
1.04226	77369	2227	420404	
1.04978	77203	2297	420500	
1.0571	77064	2265	420671	
1.0646	76872	2291	420837	
1.07202	76785	2191	421024	
1.07967	76784	2114	421102	
1.08752	76744	2097	421159	
1.09552	76723	2009	421268	
1.1035	76639	2038	421323	
1.11176	76596	2021	421383	
1.11963	76520	2118	421362	
1.12706	76471	2089	421440	
1.13534	76432	2064	421504	
1.14322	76283	2058	421659	
1.151	76228	2056	421716	
1.15916	76280	1981	421739	
1.16739	76236	2017	421747	
1.17521	76201	2125	421674	
1.18298	76209	2036	421755	
1.19097	76129	2048	421823	
1.19891	76203	1950	421847	
1.20721	76143	1982	421875	
1.21581	76163	1893	421944	
1.22424	76141	1834	422025	
1.23295	76168	1791	422041	
1.24176	76214	1782	422004	
1.25033	76278	1767	421955	
1.25877	76317	1775	421908	
1.26748	76316	1833	421851	
1.27594	76422	1827	421751	
1.28463	76515	1817	421668	
1.29333	76564	1766	421670	
1.3025	76622	1718	421660	
1.31149	76713	1712	421575	
1.32051	76761	1729	421510	
1.32945	76912	1702	421386	
1.33828	76927	1752	421321	
1.34742	77006	1710	421284	
1.35665	77133	1695	421172	
1.36531	77174	1744	421082	
1.37441	77351	1677	420972	
1.38356	77402	1745	420853	
1.39278	77449	1752	420799	
1.4017	77478	1813	420709	
1.41039	77530	1795	420675	
1.41895	77581	1845	420574	
1.42765	77637	1849	420514	
1.43611	77663	1844	420493	
1.44449	77711	1825	420464	
1.45297	77753	1854	420393	
1.46159	77760	1833	420407	
1.47031	77806	1782	420412	
1.47896	77831	1797	420372	
1.48767	77925	1707	420368	
1.49679	78014	1663	420323	
1.50601	78142	1673	420185	
1.51507	78261	1647	420092	
1.52386	78302	1702	419996	
1.53273	78442	1628	419930	
1.54182	78572	1583	419845	
1.55075	78708	1613	419679	
1.56007	78904	1604	419492	
1.5692	78970	1645	419385	
1.57834	79075	1647	419278	
1.58767	79155	1645	419200	
1.59694	79300	1672	419028	
1.60578	79388	1693	418919	
1.61494	79510	1706	418784	
1.6239	79595	1679	418726	
1.63292	79655	1693	418652	
1.6422	79701	1693	418606	
1.65074	79789	1762	418449	
1.65969	79855	1707	418438	
1.66828	79902	1750	418348	
1.6772	79883	1709	418408	
1.68594	79992	1724	418284	
1.69461	79932	1816	418252	
1.7031	79840	1885	418275	
1.71106	79797	1919	418284	
1.71941	79752	1984	418264	
1.72738	79623	2091	418286	
1.7351	79516	2073	418411	
1.74281	79309	2198	418493	
1.75025	79159	2227	418614	
1.75776	78994	2223	418783	
1.76501	78801	2242	418957	
1.77232	78646	2239	419115	
1.77991	78430	2289	419281	
1.78698	78275	2313	419412	
1.79437	78148	2272	419580	
1.80172	78064	2244	419692	
1.80904	77893	2282	419825	
1.81646	77751	2280	419969	
1.82371	77620	2262	420118	
1.8311	77494	2267	420239	
1.83871	77401	2191	420408	
1.84651	77380	2127	420493	
1.85396	77269	2159	420572	
1.86141	77151	2160	420689	
1.86936	77066	2164	420770	
1.87687	76970	2139	420891	
1.88459	76912	2146	420942	
1.8925	76903	2106	420991	
1.90001	76739	2205	421056	
1.90767	76643	2150	421207	
1.91568	76559	2083	421358	
1.92361	76501	2051	421448	
1.93176	76407	2079	421514	
1.93965	76359	2045	421596	
1.94769	76332	2062	421606	
1.95577	76270	2044	421686	
1.96389	76260	2024	421716	
1.97205	76276	1991	421733	
1.98012	76218	1938	421844	
1.98839	76129	2007	421864	
1.99635	76069	2048	421883	
2.00417	76037	2015	421948	
2.01248	76034	1987	421979	
2.0204	76073	1947	421980	
2.02904	76104	1935	421961	
2.03715	76033	1974	421993	
2.04506	75933	1966	422101	
2.05329	75876	1959	422165	
2.0615	75859	1908	422233	
2.07025	75806	1938	422256	
2.07853	75800	1916	422284	
2.08669	75834	1901	422265	
2.09552	75891	1801	422308	
2.10404	75955	1780	422265	
2.11248	75951	1853	422196	
2.12089	75945	1864	422191	
2.12943	75958	1837	422205	
2.13816	75990	1874	422136	
2.14675	76029	1807	422164	
2.15572	76074	1812	422114	
2.16468	76194	1769	422037	
2.17354	76259	1782	421959	
2.18221	76395	1743	421862	
2.191	76497	1673	421830	
2.1998	76577	1686	421737	
2.2088	76709	1667	421624	
2.21799	76816	1665	421519	
2.22696	76940	1707	421353	
2.23617	77088	1653	421259	
2.2456	77233	1668	421099	
2.2545	77336	1665	420999	
2.26365	77608	1555	420837	
2.27282	77721	1664	420615	
2.28205	77749	1754	420497	
2.29097	77914	1681	420405	
2.29996	77992	1662	420346	
2.30925	78136	1658	420206	
2.31826	78239	1667	420094	
2.32734	78309	1679	420012	
2.33625	78354	1729	419917	
2.34556	78426	1740	419834	
2.354	78517	1719	419764	
2.36278	78606	1672	419722	
2.37185	78667	1648	419685	
2.38079	78746	1684	419570	
2.38965	78769	1745	419486	
2.39828	78773	1802	419425	
2.40691	78781	1818	419401	
2.4155	78799	1829	419372	
2.42367	78768	1881	419351	
2.43208	78770	1891	419339	
2.44051	78807	1882	419311	
2.44895	78764	1910	419326	
2.45741	78754	1926	419320	
2.46565	78766	1907	419327	
2.47416	78799	1894	419307	
2.48238	78772	1902	419326	
2.49103	78734	1914	419352	
2.49921	78822	1920	419258	
2.50723	78753	1988	419259	
2.51528	78718	1979	419303	
2.52332	78719	1994	419287	
2.53118	78645	2006	419349	
2.5392	78579	2038	419383	
2.54732	78465	2085	419450	
2.55505	78312	2126	419562	
2.56263	78262	2117	419621	
2.57028	78275	2057	419668	
2.57799	78175	2103	419722	
2.58597	78165	2038	419797	
2.59423	78080	2066	419854	
2.60223	78062	2008	419930	
2.61033	77920	2129	419951	
2.61826	77778	2160	420062	
2.62579	77710	2142	420148	
2.63348	77564	2130	420306	
2.64113	77450	2177	420373	
2.64895	77274	2222	420504	
2.65659	77208	2197	420595	
2.66406	77051	2222	420727	
2.67205	77035	2142	420823	
2.67991	76946	2127	420927	
2.68783	76940	2084	420976	
2.69552	76897	2025	421078	
2.7039	76811	2037	421152	
2.71168	76728	2058	421214	
2.71965	76689	2084	421227	
2.72777	76598	2142	421260	
2.73568	76533	2121	421346	
2.74355	76572	1979	421449	
2.75164	76558	1946	421496	
2.75973	76589	1928	421483	
2.76824	76540	1917	421543	
2.77664	76516	1946	421538	
2.7848	76536	1911	421553	
2.7932	76561	1860	421579	
2.802	76565	1860	421575	
2.81027	76642	1768	421590	
2.81901	76716	1784	421500	
2.82777	76743	1774	421483	
2.83662	76846	1741	421413	
2.84572	76919	1768	421313	
2.85448	76967	1818	421215	
2.86354	77034	1803	421163	
2.87214	77098	1791	421111	
2.88104	77148	1792	421060	
2.8896	77245	1759	420996	
2.89838	77259	1799	420942	
2.90712	77271	1810	420919	
2.91586	77389	1774	420837	
2.92476	77372	1819	420809	
2.93327	77445	1804	420751	
2.9418	77462	1823	420715	
2.95027	77497	1848	420655	
2.95881	77569	1838	420593	
2.96715	77531	1877	420592	
2.97563	77483	1897	420620	
2.98414	77456	1917	420627	
2.99267	77431	1888	420681	
3.00089	77483	1897	420620	
3.00923	77456	1848	420696	
3.01762	77447	1949	420604	
3.0259	77406	1997	420597	
3.03383	77323	2069	420608	
3.04156	77225	2117	420658	
3.04931	77226	2033	420741	
3.05711	77190	1981	420829	
3.06537	77132	1976	420892	
3.07376	77091	2006	420903	
3.08188	77025	2020	420955	
3.08981	77001	2019	420980	
3.09792	76955	2002	421043	
3.10604	76938	1933	421129	
3.11417	76883	1973	421144	
3.12222	76825	2013	421162	
3.13035	76763	2019	421218	
3.1385	76702	2011	421287	
3.14626	76717	1980	421303	
3.15402	76663	1970	421367	
3.1621	76686	1971	421343	
3.17042	76664	1951	421385	
3.17854	76706	1902	421392	
3.187	76653	1914	421433	
3.19557	76666	1872	421462	
3.20418	76792	1802	421406	
3.21273	76778	1826	421396	
3.2217	76768	1827	421405	
3.23029	76881	1762	421357	
3.23924	76922	1739	421339	
3.24827	77012	1735	421253	
3.25764	77097	1690	421213	
3.26704	77266	1663	421071	
3.27611	77387	1639	420974	
3.28537	77467	1658	420875	
3.29429	77531	1688	420781	
3.30331	77644	1644	420712	
3.3125	77764	1622	420614	
3.32203	77900	1571	420529	
3.33149	78007	1596	420397	
3.34079	78198	1558	420244	
3.35028	78316	1567	420117	
3.35981	78502	1539	419959	
3.36956	78564	1543	419893	
3.37925	78651	1623	419726	
3.38818	78795	1625	419580	
3.39727	78942	1591	419467	
3.4066	79096	1600	419304	
3.41604	79206	1610	419184	
3.42528	79292	1629	419079	
3.43471	79421	1598	418981	
3.44411	79540	1641	418819	
3.45327	79645	1613	418742	
3.46257	79657	1723	418620	
3.4717	79754	1774	418472	
3.4802	79742	1791	418467	
3.48879	79675	1831	418494	
3.49698	79678	1905	418417	
3.50525	79662	1903	418435	
3.5136	79702	1858	418440	
3.52222	79661	1882	418457	
3.53035	79728	1879	418393	
3.53867	79697	1895	418408	
3.54706	79761	1919	418320	
3.55532	79771	1913	418316	
3.56367	79679	1943	418378	
3.57182	79635	1940	418425	
3.57995	79569	1963	418468	
3.58827	79517	1940	418543	
3.59633	79459	1965	418576	
3.60436	79400	1986	418614	
3.6124	79337	1964	418699	
3.62082	79268	1978	418754	
3.62917	79170	2053	418777	
3.63721	79062	2088	418850	
3.64508	78950	2104	418946	
3.65292	78921	2107	418972	
3.66069	78765	2190	419045	
3.66825	78601	2202	419197	
3.67612	78499	2147	419354	
3.68358	78443	2135	419422	
3.69125	78275	2209	419516	
3.69914	78118	2234	419648	
3.70686	77974	2218	419808	
3.71487	77856	2150	419994	
3.72257	77741	2178	420081	
3.73026	77614	2227	420159	
3.73777	77495	2221	420284	
3.74531	77407	2141	420452	
3.75323	77302	2161	420537	
3.76114	77188	2169	420643	
3.76895	77079	2089	420832	
3.77695	76977	2019	421004	
3.78495	76935	2048	421017	
3.79298	76895	1998	421107	
3.80144	76886	1952	421162	
3.80949	76878	1943	421179	
3.81805	76866	1906	421228	
3.82652	76905	1899	421196	
3.83488	76940	1924	421136	
3.84314	76941	1924	421135	
3.85171	76913	1928	421159	
3.86004	76933	1857	421210	
3.86852	77036	1803	421161	
3.87726	77151	1788	421061	
3.88591	77186	1792	421022	
3.89465	77162	1839	420999	
3.9034	77136	1836	421028	
3.91173	77129	1876	420995	
3.92028	77132	1872	420996	
3.92899	77172	1818	421010	
3.93777	77339	1783	420878	
3.94668	77446	1787	420767	
3.95544	77494	1825	420681	
3.96418	77515	1818	420667	
3.97283	77574	1825	420601	
3.98141	77539	1834	420627	
3.9899	77590	1833	420577	
3.99848	77624	1806	420570	
4.00706	77638	1804	420558	
4.01586	77674	1785	420541	
4.02454	77740	1793	420467	
4.03338	77746	1783	420471	
4.04197	77720	1846	420434	
4.05076	77751	1849	420400	
4.05909	77760	1887	420353	
4.06771	77773	1851	420376	
4.07605	77766	1789	420445	
4.08468	77845	1762	420393	
4.09314	77883	1757	420360	
4.10188	78016	1748	420236	
4.11085	78056	1820	420124	
4.11911	78023	1903	420074	
4.1275	77988	1903	420109	
4.13594	77949	1965	420086	
4.14447	77985	1937	420078	
4.15259	77937	1993	420070	
4.16049	77891	1967	420142	
4.16838	77778	2006	420216	
4.17656	77761	1949	420290	
4.18491	77766	1962	420272	
4.19308	77803	1947	420250	
4.20105	77742	1939	420319	
4.20927	77720	1910	420370	
4.21753	77684	1930	420386	
4.22585	77687	1887	420426	
4.23432	77610	1923	420467	
4.24283	77587	1950	420463	
4.25091	77484	1960	420556	
4.25898	77424	1992	420584	
4.26717	77424	1931	420645	
4.27567	77361	1933	420706	
4.28409	77286	1986	420728	
4.29231	77300	1903	420797	
4.30076	77296	1874	420830	
4.30933	77329	1831	420840	
4.31793	77342	1855	420803	
4.32651	77365	1808	420827	
4.33533	77454	1785	420761	
4.34412	77532	1781	420687	
4.35269	77533	1787	420680	
4.36126	77482	1873	420645	
4.36967	77483	1891	420626	
4.37796	77461	1877	420662	
4.38584	77400	1902	420698	
4.39412	77389	1902	420709	
4.40231	77355	1945	420700	
4.41079	77418	1887	420695	
4.41948	77383	1860	420757	
4.42778	77405	1854	420741	
4.43646	77424	1812	420764	
4.44486	77476	1803	420721	
4.45338	77514	1837	420649	
4.46174	77558	1853	420589	
4.4701	77602	1848	420550	
4.47894	77682	1795	420523	
4.48774	77732	1742	420526	
4.49644	77799	1790	420411	
4.50515	77818	1823	420359	
4.5136	77838	1791	420371	
4.52254	77893	1776	420331	
4.53106	77980	1766	420254	
4.53973	78036	1806	420158	
4.54806	78017	1864	420119	
4.55659	77976	1873	420151	
4.56521	77979	1845	420176	
4.57359	77992	1872	420136	
4.58232	78046	1850	420104	
4.59076	77971	1933	420096	
4.59895	77993	1918	420089	
4.60745	77987	1893	420120	
4.61594	77960	1919	420121	
4.62424	77858	1945	420197	
4.63258	77807	1965	420228	
4.64066	77807	2042	420151	
4.64871	77708	2038	420254	
4.65667	77586	2038	420376	
4.66451	77499	2055	420446	
4.67218	77375	2065	420560	
4.6801	77322	2029	420649	
4.68801	77307	1995	420698	
4.69569	77168	2038	420794	
4.70374	77127	2026	420847	
4.71189	77063	1973	420964	
4.72012	77031	1898	421071	
4.72838	76957	1934	421109	
4.73657	76928	1985	421087	
4.74495	76834	1992	421174	
4.75287	76758	2056	421186	
4.76079	76657	2071	421272	
4.76902	76605	2012	421383	
4.77713	76574	1965	421461	
4.78549	76570	1933	421497	
4.79392	76555	1968	421477	
4.8021	76593	1948	421459	
4.81022	76506	1971	421523	
4.81831	76514	1963	421523	
4.82648	76550	1965	421485	
4.83479	76520	1967	421513	
4.84318	76452	1889	421659	
4.8516	76504	1823	421673	
4.86018	76690	1723	421587	
4.86917	76692	1769	421539	
4.87783	76802	1713	421485	
4.88675	76881	1698	421421	
4.89565	76990	1668	421342	
4.90472	77093	1623	421284	
4.91404	77171	1649	421180	
4.92336	77360	1585	421055	
4.9326	77588	1581	420831	
4.94196	77695	1654	420651	
4.95113	77788	1647	420565	
4.96052	77925	1636	420439	
4.96954	78041	1628	420331	
4.97909	78119	1618	420263	
4.98849	78318	1594	420088	
4.99759	78520	1528	419952	
5.0072	78652	1578	419770	
5.01648	78799	1556	419645	
5.02612	78943	1597	419460	
5.03522	79041	1667	419292	
5.0446	79206	1666	419128	
5.05355	79243	1672	419085	
5.06261	79387	1659	418954	
5.07165	79433	1686	418881	
5.0804	79530	1704	418766	
5.08912	79580	1798	418622	
5.09773	79607	1806	418587	
5.1063	79583	1808	418609	
5.11503	79588	1851	418561	
5.12355	79641	1786	418573	
5.13194	79677	1800	418523	
5.14071	79674	1781	418545	
5.1495	79720	1757	418523	
5.15797	79716	1842	418442	
5.16641	79735	1878	418387	
5.17462	79645	1895	418460	
5.18306	79603	1903	418494	
5.19119	79540	1974	418486	
5.19911	79547	1944	418509	
5.20719	79483	1987	418530	
5.21523	79331	2071	418598	
5.22331	79320	2032	418648	
5.23123	79168	2125	418707	
5.23923	78978	2162	418860	
5.24668	78874	2177	418949	
5.25444	78737	2213	419050	
5.26194	78593	2236	419171	
5.26979	78408	2260	419332	
5.27704	78174	2346	419480	
5.2841	78000	2351	419649	
5.29105	77849	2319	419832	
5.29816	77717	2360	419923	
5.30539	77472	2483	420045	
5.3125	77228	2529	420243	
5.31934	76977	2580	420443	
5.32611	76717	2637	420646	
5.33291	76564	2585	420851	
5.33955	76341	2547	421112	
5.34651	76095	2504	421401	
5.35366	75866	2457	421677	
5.36085	75727	2383	421890	
5.36795	75559	2376	422065	
5.37531	75382	2354	422264	
5.38272	75246	2313	422441	
5.39005	75008	2344	422648	
5.39732	74865	2359	422776	
5.40455	74695	2314	422991	
5.41201	74589	2267	423144	
5.41965	74488	2258	423254	
5.42741	74382	2208	423410	
5.43482	74301	2189	423510	
5.44255	74183	2172	423645	
5.45019	74115	2127	423758	
5.45811	74134	1995	423871	
5.46639	74184	1960	423856	
5.47465	74191	1957	423852	
5.48284	74242	1911	423847	
5.4912	74296	1934	423770	
5.49976	74360	1862	423778	
5.50845	74503	1821	423676	
5.51752	74555	1779	423666	
5.52663	74643	1716	423641	
5.53574	74809	1662	423529	
5.54522	75037	1568	423395	
5.55487	75247	1543	423210	
5.56443	75460	1575	422965	
5.57366	75669	1528	422803	
5.58301	75868	1480	422652	
5.59248	76162	1467	422371	
5.60228	76399	1484	422117	
5.61214	76566	1482	421952	
5.62227	76911	1397	421692	
5.63228	77193	1402	421405	
5.64265	77501	1385	421114	
5.65297	77740	1374	420886	
5.66283	77985	1444	420571	
5.67275	78235	1411	420354	
5.68307	78481	1431	420088	
5.69301	78747	1456	419797	
5.70256	78971	1469	419560	
5.71284	79114	1461	419425	
5.72288	79361	1413	419226	
5.73266	79630	1444	418926	
5.74254	79807	1422	418771	
5.75239	80022	1420	418558	
5.7625	80275	1387	418338	
5.77294	80545	1398	418057	
5.78299	80840	1359	417801	
5.79334	81130	1363	417507	
5.80354	81388	1329	417283	
5.81373	81678	1363	416959	
5.82356	81907	1372	416721	
5.83354	82128	1454	416418	
5.84353	82353	1459	416188	
5.85305	82534	1489	415977	
5.86287	82745	1483	415772	
5.87215	82818	1573	415609	
5.88137	82950	1590	415460	
5.89028	83044	1662	415294	
5.89934	83040	1714	415246	
5.90784	83027	1796	415177	
5.91637	82995	1817	415188	
5.92476	83004	1888	415108	
5.93303	82981	1858	415161	
5.94154	82882	1941	415177	
5.94945	82823	1977	415200	
5.95724	82650	2025	415325	
5.96508	82541	2077	415382	
5.97279	82391	2091	415518	
5.97995	82213	2128	415659	
5.98757	82084	2175	415741	
5.99509	81954	2200	415846	
6.00252	81809	2198	415993	
6.00987	81607	2259	416134	
6.01733	81413	2292	416295	
6.02441	81229	2317	416454	
6.0317	81063	2372	416565	
6.03859	80821	2447	416732	
6.04557	80652	2406	416942	
6.05242	80451	2411	417138	
6.05921	80220	2494	417286	
6.06584	79893	2619	417488	
6.07233	79567	2643	417790	
6.0788	79234	2729	418037	
6.08508	78905	2750	418345	
6.09154	78585	2765	418650	
6.09806	78370	2702	418928	
6.10445	78088	2701	419211	
6.11101	77782	2706	419512	
6.11751	77518	2735	419747	
6.12389	77153	2801	420046	
6.13024	76901	2788	420311	
6.13647	76564	2864	420572	
6.1428	76256	2882	420862	
6.14915	75981	2810	421209	
6.15551	75693	2857	421450	
6.16204	75363	2871	421766	
6.16843	75021	2831	422148	
6.17487	74770	2816	422414	
6.18123	74533	2785	422682	
6.18768	74271	2726	423003	
6.19436	74134	2636	423230	
6.20129	73950	2556	423494	
6.2083	73741	2532	423727	
6.21536	73441	2522	424037	
6.22262	73250	2420	424330	
6.22999	73141	2391	424468	
6.23728	72967	2369	424664	
6.24474	72867	2307	424826	
6.2522	72835	2160	425005	
6.25997	72724	2135	425141	
6.26801	72709	2074	425217	
6.27588	72682	2079	425239	
6.28421	72769	1979	425252	
6.29255	72854	1898	425248	
6.30124	72945	1790	425265	
6.31018	73014	1696	425290	
6.31944	73147	1696	425157	
6.32852	73258	1686	425056	
6.33772	73461	1588	424951	
6.34756	73639	1528	424833	
6.35741	73842	1475	424683	
6.36709	74202	1432	424366	
6.3775	74543	1385	424072	
6.3877	74891	1297	423812	
6.3987	75304	1247	423449	
6.40935	75737	1208	423055	
6.41994	76143	1205	422652	
6.43123	76612	1169	422219	
6.44215	77035	1135	421830	
6.45389	77569	1065	421366	
6.46605	78099	1012	420889	
6.47799	78622	1093	420285	
6.48947	79015	1134	419851	
6.501	79431	1144	419425	
6.51216	79802	1205	418993	
6.52324	80210	1198	418592	
6.5339	80571	1255	418174	
6.5444	80944	1258	417798	
6.55534	81194	1288	417518	
6.56578	81514	1262	417224	
6.5764	81825	1329	416846	
6.58667	82009	1392	416599	
6.59673	82266	1378	416356	
6.60709	82474	1417	416109	
6.61676	82646	1441	415913	
6.62638	82699	1556	415745	
6.63568	82755	1608	415637	
6.64486	82831	1656	415513	
6.65364	82909	1682	415409	
6.66219	82918	1759	415323	
6.67067	82897	1827	415276	
6.67903	82790	1893	415317	
6.68697	82714	1984	415302	
6.69509	82689	2003	415308	
6.70279	82473	2116	415411	
6.71065	82340	2171	415489	
6.71805	82089	2219	415692	
6.72552	81921	2275	415804	
6.73283	81667	2326	416007	
6.73993	81418	2355	416227	
6.7469	81137	2409	416454	
6.75368	80815	2443	416742	
6.76038	80534	2488	416978	
6.7672	80243	2631	417126	
6.77404	80009	2627	417364	
6.78066	79699	2670	417631	
6.78731	79403	2643	417954	
6.79403	79079	2717	418204	
6.80047	78774	2711	418515	
6.80689	78467	2664	418869	
6.81347	78171	2679	419150	
6.82024	77889	2678	419433	
6.82672	77595	2656	419749	
6.83342	77465	2552	419983	
6.84038	77183	2551	420266	
6.84715	76910	2544	420546	
6.85432	76799	2459	420742	
6.86143	76572	2465	420963	
6.86823	76373	2430	421197	
6.8753	76171	2479	421350	
6.88214	76027	2451	421522	
6.88915	75870	2431	421699	
6.89578	75648	2445	421907	
6.90298	75426	2429	422145	
6.91017	75307	2387	422306	
6.91729	75162	2328	422510	
6.92485	75113	2266	422621	
6.93249	75017	2265	422718	
6.94016	74850	2199	422951	
6.94782	74742	2171	423087	
6.95532	74627	2184	423189	
6.963	74535	2172	423293	
6.97068	74404	2181	423415	
6.97837	74312	2115	423573	
6.98617	74345	2009	423646	
6.99468	74367	1955	423678	
7.00308	74445	1897	423658	
7.01124	74458	1948	423594	
7.01943	74496	1931	423573	
7.02802	74514	1852	423634	
7.03662	74646	1761	423593	
7.04564	74837	1684	423479	
7.05451	75093	1606	423301	
7.06397	75330	1527	423143	
7.07346	75457	1545	422998	
7.08318	75681	1468	422851	
7.093	75941	1436	422623	
7.10288	76236	1376	422388	
7.11351	76555	1334	422111	
7.12392	76885	1336	421779	
7.13407	77240	1315	421445	
7.14453	77586	1309	421105	
7.15529	77987	1223	420790	
7.16617	78408	1172	420420	
7.17702	78771	1240	419989	
7.18734	79103	1271	419626	
7.19787	79450	1296	419254	
7.20868	79817	1266	418917	
7.21919	80073	1305	418622	
7.22969	80312	1354	418334	
7.23979	80561	1401	418038	
7.24965	80694	1506	417800	
7.25924	80846	1567	417587	
7.26854	80952	1567	417481	
7.27743	81043	1606	417351	
7.28628	81156	1640	417204	
7.29534	81238	1733	417029	
7.30416	81276	1722	417002	
7.31291	81333	1754	416913	
7.32163	81344	1839	416817	
7.3302	81344	1808	416848	
7.33864	81283	1854	416863	
7.34681	81285	1903	416812	
7.35504	81140	1943	416917	
7.36331	81104	1924	416972	
7.37131	81070	1931	416999	
7.37966	81065	1895	417040	
7.38817	80988	1934	417078	
7.39646	80877	1972	417151	
7.40438	80834	1970	417196	
7.41272	80764	1992	417244	
7.42075	80706	1999	417295	
7.42865	80652	2007	417341	
7.43653	80510	2077	417413	
7.44432	80333	2115	417552	
7.45225	80274	2061	417665	
7.4599	80195	2110	417695	
7.46753	80090	2148	417762	
7.47536	79981	2152	417867	
7.48288	79820	2215	417965	
7.49028	79601	2286	418113	
7.49752	79416	2283	418301	
7.50463	79256	2272	418472	
7.51198	79059	2320	418621	
7.51919	78908	2318	418774	
7.52659	78793	2313	418894	
7.53376	78537	2341	419122	
7.54099	78343	2299	419358	
7.54817	78255	2237	419508	
7.55558	78090	2254	419656	
7.56288	77904	2295	419801	
7.5702	77737	2265	419998	
7.57738	77614	2312	420074	
7.5845	77482	2335	420183	
7.5916	77283	2294	420423	
7.59894	77157	2281	420562	
7.6062	76982	2291	420727	
7.61372	76822	2202	420976	
7.6212	76656	2263	421081	
7.62855	76530	2232	421238	
7.63603	76344	2282	421374	
7.64328	76221	2308	421471	
7.65038	76037	2330	421633	
7.65786	75864	2354	421782	
7.66534	75747	2383	421870	
7.67262	75641	2369	421990	
7.68021	75491	2377	422132	
7.68745	75370	2327	422303	
7.69472	75247	2260	422493	
7.702	75142	2253	422605	
7.70956	75006	2272	422722	
7.71727	74859	2292	422849	
7.72495	74722	2259	423019	
7.7325	74659	2195	423146	
7.74004	74588	2195	423217	
7.74767	74577	2105	423318	
7.75557	74559	2059	423382	
7.76365	74499	2031	423470	
7.77192	74462	1981	423557	
7.78005	74416	1958	423626	
7.78828	74435	1943	423622	
7.79665	74449	1911	423640	
7.80528	74406	1927	423667	
7.81358	74452	1930	423618	
7.82208	74499	1868	423633	
7.83092	74500	1850	423650	
7.83956	74567	1853	423580	
7.84853	74628	1793	423579	
7.85743	74684	1743	423573	
7.86637	74752	1735	423513	
7.8755	74837	1651	423512	
7.8848	75018	1636	423346	
7.89406	75131	1610	423259	
7.90384	75328	1539	423133	
7.91337	75577	1505	422918	
7.92291	75832	1534	422634	
7.93222	76004	1585	422411	
7.94185	76153	1580	422267	
7.95126	76271	1649	422080	
7.9608	76530	1520	421950	
7.97051	76655	1527	421818	
7.98052	76845	1515	421640	
7.99039	77137	1437	421426	
8.00021	77394	1447	421159	
8.01014	77591	1514	420895	
8.01994	77834	1477	420689	
8.02988	78044	1503	420453	
8.03918	78249	1515	420236	
8.04837	78335	1558	420107	
8.05745	78426	1591	419983	
8.06667	78529	1642	419829	
8.07554	78580	1680	419740	
8.08443	78676	1694	419630	
8.09309	78809	1667	419524	
8.10209	78869	1636	419495	
8.11153	79021	1610	419369	
8.12088	79075	1663	419262	
8.13008	79222	1677	419101	
8.13908	79259	1680	419061	
8.14768	79327	1669	419004	
8.15663	79454	1630	418916	
8.16583	79564	1661	418775	
8.1751	79684	1654	418662	
8.18424	79720	1686	418594	
8.19319	79748	1752	418500	
8.20213	79795	1717	418488	
8.21099	79841	1723	418436	
8.21961	79819	1787	418394	
8.2281	79881	1767	418352	
8.23655	79873	1803	418324	
8.24511	79884	1795	418321	
8.25397	79881	1773	418346	
8.26229	79803	1814	418383	
8.27094	79774	1841	418385	
8.27945	79698	1875	418427	
8.28753	79739	1825	418436	
8.29606	79741	1859	418400	
8.30434	79703	1934	418363	
8.31259	79756	1932	418312	
8.32104	79835	1860	418305	
8.32926	79824	1929	418247	
8.33748	79746	1910	418344	
8.34551	79678	1952	418370	
8.35361	79610	1991	418399	
8.36154	79475	2074	418451	
8.3692	79441	2084	418475	
8.37712	79403	2030	418567	
8.38487	79334	1999	418667	
8.39314	79285	1949	418766	
8.40139	79291	1843	418866	
8.40997	79210	1860	418930	
8.41843	79229	1857	418914	
8.42698	79212	1905	418883	
8.43506	79178	1900	418922	
8.44308	79085	1920	418995	
8.45122	79051	1957	418992	
8.45935	78957	2054	418989	
8.46735	78936	2005	419059	
8.47537	78788	2045	419167	
8.48337	78785	1990	419225	
8.49132	78718	1979	419303	
8.49974	78707	1931	419362	
8.50781	78648	1973	419379	
8.51618	78618	1954	419428	
8.52419	78617	1970	419413	
8.53245	78711	1853	419436	
8.54077	78682	1922	419396	
8.54891	78676	1870	419454	
8.55714	78667	1896	419437	
8.56569	78800	1863	419337	
8.5742	78823	1828	419349	
8.58269	78892	1812	419296	
8.59136	78916	1823	419261	
8.60013	78870	1854	419276	
8.60885	78891	1892	419217	
8.61717	78908	1854	419238	
8.62569	78916	1876	419208	
8.63421	78840	1862	419298	
8.64257	78805	1883	419312	
8.65107	78825	1857	419318	
8.65953	78796	1860	419344	
8.66804	78781	1817	419402	
8.6765	78879	1809	419312	
8.68518	78874	1863	419263	
8.69362	78860	1881	419259	
8.70204	78802	1924	419274	
8.71033	78791	1918	419291	
8.71857	78807	1888	419305	
8.72699	78816	1833	419351	
8.73566	78838	1854	419308	
8.74416	78818	1923	419259	
8.7524	78788	1907	419305	
8.76075	78721	1884	419395	
8.76927	78719	1872	419409	
8.7778	78767	1859	419374	
8.78612	78767	1876	419357	
8.79466	78793	1868	419339	
8.80315	78751	1864	419385	
8.81157	78766	1875	419359	
8.82	78753	1903	419344	
8.82817	78705	1932	419363	
8.83641	78718	1872	419410	
8.84459	78727	1916	419357	
8.85298	78729	1965	419306	
8.86096	78669	1946	419385	
8.86908	78664	1955	419381	
8.87739	78666	1944	419390	
8.88587	78712	1902	419386	
8.89398	78683	1911	419406	
8.90236	78633	1908	419459	
8.91035	78575	1948	419477	
8.91843	78536	1956	419508	
8.92668	78436	1993	419571	
8.93485	78394	1962	419644	
8.94314	78375	1924	419701	
8.9514	78331	1954	419715	
8.95961	78260	2005	419735	
8.96763	78208	1949	419843	
8.97599	78130	1969	419901	
8.9842	78024	1994	419982	
8.99234	77899	2012	420089	
9.00052	77865	2034	420101	
9.00847	77743	2085	420172	
9.01652	77656	2057	420287	
9.02444	77534	2045	420421	
9.0326	77518	1986	420496	
9.04092	77528	1962	420510	
9.04897	77498	1961	420541	
9.05737	77484	1952	420564	
9.06571	77492	1920	420588	
9.07392	77552	1922	420526	
9.08236	77552	1930	420518	
9.09078	77564	1911	420525	
9.09913	77533	1966	420501	
9.1071	77515	1941	420544	
9.11522	77524	1934	420542	
9.12369	77511	1959	420530	
9.1317	77478	1946	420576	
9.13993	77508	1927	420565	
9.14823	77425	1927	420648	
9.15657	77450	1915	420635	
9.16504	77462	1842	420696	
9.17356	77536	1810	420654	
9.18233	77580	1835	420585	
9.19114	77649	1825	420526	
9.19962	77675	1829	420496	
9.20846	77786	1765	420449	
9.21693	77881	1754	420365	
9.22541	77929	1801	420270	
9.23395	77938	1836	420226	
9.24234	78008	1800	420192	
9.25121	78017	1790	420193	
9.26014	78120	1742	420138	
9.26902	78241	1751	420008	
9.27751	78287	1820	419893	
9.28587	78256	1860	419884	
9.29423	78213	1888	419899	
9.30252	78219	1878	419903	
9.31106	78164	1903	419933	
9.31925	78156	1891	419953	
9.32771	78096	1926	419978	
9.33605	78086	1954	419960	
9.34427	78094	1934	419972	
9.35264	78048	1989	419963	
9.36067	78073	1995	419932	
9.36879	78028	2003	419969	
9.3767	78016	1978	420006	
9.38491	77976	1967	420057	
9.3933	77980	1967	420053	
9.40149	77992	2020	419988	
9.40951	77871	2057	420072	
9.4175	77795	2067	420138	
9.42525	77662	2065	420273	
9.43289	77567	2080	420353	
9.44078	77423	2091	420486	
9.44872	77333	2084	420583	
9.45671	77349	2048	420603	
9.46459	77283	2074	420643	
9.47246	77234	2036	420730	
9.48033	77183	2005	420812	
9.48826	77169	1963	420868	
9.49649	77166	1926	420908	
9.50487	77205	1889	420906	
9.51348	77249	1875	420876	
9.52156	77214	1914	420872	
9.52996	77263	1914	420823	
9.53828	77195	1935	420870	
9.5466	77126	1934	420940	
9.55483	77182	1848	420970	
9.56369	77237	1842	420921	
9.57191	77237	1871	420892	
9.58038	77221	1854	420925	
9.5887	77209	1919	420872	
9.597	77171	1937	420892	
9.60533	77266	1887	420847	
9.61367	77276	1887	420837	
9.62225	77240	1880	420880	
9.63058	77315	1873	420812	
9.6388	77263	1943	420794	
9.64729	77235	1932	420833	
9.65582	77306	1867	420827	
9.66437	77340	1834	420826	
9.67343	77412	1803	420785	
9.68244	77511	1781	420708	
9.69135	77473	1802	420725	
9.69987	77458	1840	420702	
9.70845	77438	1867	420695	
9.71692	77473	1895	420632	
9.72548	77470	1903	420627	
9.73401	77411	1927	420662	
9.74252	77476	1880	420644	
9.75086	77557	1855	420588	
9.75936	77589	1853	420558	
9.76797	77557	1916	420527	
9.77616	77600	1853	420547	
9.78467	77680	1833	420487	
9.79302	77685	1873	420442	
9.80168	77749	1813	420438	
9.81031	77753	1840	420407	
9.81905	77833	1814	420353	
9.82805	77987	1742	420271	
9.83702	78054	1751	420195	
9.84612	78090	1726	420184	
9.85501	78214	1714	420072	
9.86405	78296	1690	420014	
9.87291	78360	1720	419920	
9.88196	78412	1735	419853	
9.89092	78508	1680	419812	
9.9	78608	1656	419736	
9.9088	78699	1671	419630	
9.91795	78809	1633	419558	
9.92709	78957	1612	419431	
9.93611	79100	1634	419266	
9.94521	79193	1702	419105	
9.95414	79180	1784	419036	
9.96305	79276	1747	418977	
9.9716	79395	1790	418815	
9.98049	79411	1730	418859	
9.98932	79454	1778	418768	
9.9984	79425	1757	418818	
10.0073	79505	1692	418803	
10.0158	79523	1727	418750	
10.0248	79520	1768	418712	
10.0334	79558	1841	418601	
10.0418	79539	1896	418565	
10.0503	79590	1832	418578	
10.0588	79551	1864	418585	
10.067	79550	1871	418579	
10.0753	79573	1830	418597	
10.084	79648	1793	418559	
10.0929	79691	1802	418507	
10.1013	79574	1927	418499	
10.1098	79475	1944	418581	
10.118	79426	1948	418626	
10.1261	79505	1921	418574	
10.1342	79512	1903	418585	
10.1426	79491	1902	418607	
10.1507	79493	1915	418592	
10.1591	79495	1850	418655	
10.1675	79589	1838	418573	
10.1757	79538	1888	418574	
10.1841	79543	1832	418625	
10.193	79553	1796	418651	
10.2015	79504	1836	418660	
10.2099	79414	1898	418688	
10.2182	79422	1878	418700	
10.2268	79430	1876	418694	
10.2352	79445	1872	418683	
10.2438	79488	1830	418682	
10.2521	79524	1841	418635	
10.2609	79522	1811	418667	
10.2694	79551	1812	418637	
10.278	79588	1815	418597	
10.2864	79612	1856	418532	
10.2948	79547	1880	418573	
10.3031	79583	1903	418514	
10.3114	79530	1996	418474	
10.3193	79374	2043	418583	
10.327	79325	2008	418667	
10.3352	79293	1981	418726	
10.3432	79278	1971	418751	
10.3513	79242	1967	418791	
10.3595	79181	2013	418806	
10.3674	79067	2096	418837	
10.3753	78984	2072	418944	
10.3832	78981	2014	419005	
10.391	79026	1944	419030	
10.3995	79042	1908	419050	
10.408	79072	1847	419081	
10.4165	79140	1806	419054	
10.4251	79175	1816	419009	
10.4336	79201	1811	418988	
10.4422	79283	1835	418882	
10.4509	79255	1863	418882	
10.4596	79247	1893	418860	
10.4678	79249	1903	418848	
10.4759	79274	1912	418814	
10.484	79289	1899	418812	
10.4927	79288	1867	418845	
10.501	79323	1814	418863	
10.5094	79370	1809	418821	
10.5175	79393	1876	418731	
10.5262	79391	1891	418718	
10.5344	79321	1928	418751	
10.5427	79249	1987	418764	
10.551	79243	1941	418816	
10.559	79113	2062	418825	
10.5669	79053	2064	418883	
10.5744	78977	2107	418916	
10.5821	78850	2114	419036	
10.5895	78752	2111	419137	
10.5974	78620	2146	419234	
10.6053	78474	2146	419380	
10.6131	78361	2119	419520	
10.6208	78280	2061	419659	
10.6287	78173	2103	419724	
10.6365	78111	2130	419759	
10.6444	78045	2102	419853	
10.652	77931	2107	419962	
10.6595	77859	2124	420017	
10.6674	77820	2039	420141	
10.6754	77744	2085	420171	
10.6833	77690	2030	420280	
10.6915	77653	2019	420328	
10.6993	77536	2090	420374	
10.7072	77463	2043	420494	
10.7151	77426	2017	420557	
10.7233	77348	2037	420615	
10.7312	77297	2066	420637	
10.7389	77243	2071	420686	
10.7469	77145	2041	420814	
10.7552	77050	2095	420855	
10.7631	77088	2060	420852	
10.7709	77031	2119	420850	
10.7786	76969	2068	420963	
10.7865	76862	2044	421094	
10.7943	76812	2032	421156	
10.8022	76651	2041	421308	
10.8104	76666	1953	421381	
10.8186	76621	1979	421400	
10.8267	76636	1972	421392	
10.8349	76648	1944	421408	
10.8431	76650	1852	421498	
10.852	76693	1768	421539	
10.8612	76811	1735	421454	
10.8695	76841	1788	421371	
10.8785	76913	1790	421297	
10.8873	76950	1781	421269	
10.8962	76935	1834	421231	
10.9048	77021	1811	421168	
10.9137	77077	1758	421165	
10.9225	77133	1741	421126	
10.9316	77192	1709	421099	
10.9405	77262	1724	421014	
10.9492	77239	1817	420944	
10.9578	77243	1814	420943	
10.9667	77214	1829	420957	
10.9753	77307	1795	420898	
10.9838	77277	1869	420854	
10.9922	77309	1843	420848	
11.0008	77355	1801	420844	
11.0097	77385	1809	420806	
11.018	77391	1844	420765	
11.0268	77421	1822	420757	
11.0353	77453	1805	420742	
11.044	77469	1814	420717	
11.0524	77467	1868	420665	
11.0609	77477	1838	420685	
11.0692	77451	1886	420663	
11.0778	77455	1895	420650	
11.0863	77423	1892	420685	
11.095	77416	1845	420739	
11.1034	77398	1808	420794	
11.1122	77493	1776	420731	
11.1212	77589	1694	420717	
11.1301	77588	1731	420681	
11.1388	77733	1743	420524	
11.1478	77865	1652	420483	
11.1567	77973	1636	420391	
11.1661	77979	1677	420344	
11.1752	78052	1686	420262	
11.1844	78089	1746	420165	
11.1931	78150	1731	420119	
11.202	78152	1780	420068	
11.2105	78229	1757	420014	
11.2195	78321	1710	419969	
11.2286	78440	1729	419831	
11.2377	78506	1707	419787	
11.2466	78599	1712	419689	
11.2553	78715	1695	419590	
11.2646	78828	1687	419485	
11.2735	78836	1721	419443	
11.2822	78878	1759	419363	
11.291	78943	1742	419315	
11.2994	79006	1747	419247	
11.308	79063	1764	419173	
11.3167	79090	1790	419120	
11.3251	79160	1799	419041	
11.3338	79143	1850	419007	
11.3422	79102	1901	418997	
11.3505	79052	1925	419023	
11.3587	79025	1918	419057	
11.3673	79009	1892	419099	
11.3762	78995	1883	419122	
11.3847	78994	1866	419140	
11.3931	79011	1810	419179	
11.4016	78982	1876	419142	
11.41	78978	1886	419136	
11.4185	78922	1871	419207	
11.4272	78974	1865	419161	
11.4351	79038	1844	419118	
11.4436	79093	1820	419087	
11.452	79093	1819	419088	
11.4603	79072	1860	419068	
11.4689	79009	1847	419144	
11.4773	79056	1794	419150	
11.4859	79086	1826	419088	
11.4943	79041	1909	419050	
11.5026	79030	1933	419037	
11.5108	78967	1977	419056	
11.5188	78916	2003	419081	
11.5267	78821	2048	419131	
11.5345	78683	2134	419183	
11.5424	78629	2106	419265	
11.5502	78496	2179	419325	
11.5579	78371	2197	419432	
11.5653	78089	2280	419631	
11.5723	77945	2267	419788	
11.5796	77734	2343	419923	
11.587	77665	2276	420059	
11.5945	77570	2219	420211	
11.6021	77425	2265	420310	
11.6098	77289	2245	420466	
11.6173	77130	2256	420614	
11.6245	76955	2230	420815	
11.6321	76900	2228	420872	
11.6395	76763	2192	421045	
11.6472	76625	2200	421175	
11.6549	76535	2181	421284	
11.6628	76468	2125	421407	
11.6703	76383	2126	421491	
11.6778	76274	2112	421614	
11.6856	76138	2125	421737	
11.6932	76154	2074	421772	
11.701	76153	2021	421826	
11.7088	76160	1988	421852	
11.7171	76159	1947	421894	
11.7253	76175	1947	421878	
11.7335	76094	1958	421948	
11.7419	76115	1936	421949	
11.7505	76105	1898	421997	
11.759	76050	1929	422021	
11.7673	75998	1963	422039	
11.7757	75985	1892	422123	
11.7844	76024	1807	422169	
11.7933	76116	1832	422052	
11.8019	76100	1836	422064	
11.8107	76217	1838	421945	
11.8196	76273	1773	421954	
11.8285	76312	1760	421928	
11.8371	76403	1751	421846	
11.8458	76512	1703	421785	
11.8549	76552	1706	421742	
11.8638	76617	1683	421700	
11.8726	76695	1721	421584	
11.8815	76753	1745	421502	
11.8906	76883	1721	421396	
11.8997	76969	1722	421309	
11.9085	77087	1686	421227	
11.9173	77196	1635	421169	
11.9266	77396	1549	421055	
11.9361	77567	1500	420933	
11.9459	77878	1441	420681	
11.9557	78107	1477	420416	
11.9652	78409	1448	420143	
11.9757	78642	1392	419966	
11.986	78932	1414	419654	
11.9955	79142	1455	419403	
12.0051	79229	1580	419191	
12.0143	79398	1607	418995	
12.0237	79578	1612	418810	
12.033	79695	1569	418736	
12.0427	79825	1590	418585	
12.0522	79939	1610	418451	
12.0611	80046	1647	418307	
12.0699	80162	1663	418175	
12.0785	80299	1613	418088	
12.0877	80336	1721	417943	
12.0963	80430	1745	417825	
12.1049	80366	1815	417819	
12.1132	80388	1833	417779	
12.1217	80326	1857	417817	
12.13	80333	1818	417849	
12.1384	80298	1917	417785	
12.1464	80167	2040	417793	
12.1546	80104	2045	417851	
12.1627	79954	2089	417957	
12.1704	79753	2196	418051	
12.1776	79582	2279	418139	
12.1849	79389	2295	418316	
12.1921	79182	2390	418428	
12.1991	78981	2362	418657	
12.2066	78833	2300	418867	
12.2139	78699	2273	419028	
12.2212	78573	2218	419209	
12.2286	78377	2288	419335	
12.236	78227	2248	419525	
12.2434	78018	2329	419653	
12.2505	77816	2342	419842	
12.2579	77675	2383	419942	
12.265	77475	2380	420145	
12.2724	77293	2365	420342	
12.2796	77100	2375	420525	
12.2867	76948	2417	420635	
12.2938	76687	2395	420918	
12.3012	76482	2372	421146	
12.3084	76280	2334	421386	
12.3154	76204	2260	421536	
12.323	76052	2293	421655	
12.3306	75904	2345	421751	
12.3379	75772	2302	421926	
12.3452	75563	2308	422129	
12.3525	75462	2239	422299	
12.3599	75468	2154	422378	
12.3676	75453	2123	422424	
12.3755	75407	2091	422502	
12.3832	75395	2066	422539	
12.3912	75386	2011	422603	
12.3993	75280	2000	422720	
12.4078	75207	1989	422804	
12.4166	75242	1924	422834	
12.4252	75213	1924	422863	
12.4335	75256	1912	422832	
12.4419	75321	1886	422793	
12.4506	75351	1840	422809	
12.4592	75396	1830	422774	
12.4681	75439	1836	422725	
12.4768	75489	1789	422722	
12.4856	75574	1765	422661	
12.4947	75750	1718	422532	
12.5037	75807	1738	422455	
12.5122	75779	1796	422425	
12.5211	75840	1778	422382	
12.5302	76000	1763	422237	
12.5387	76077	1779	422144	
12.5477	76141	1779	422080	
12.5561	76183	1799	422018	
12.5649	76314	1740	421946	
12.5738	76326	1760	421914	
12.5828	76487	1689	421824	
12.5924	76664	1637	421699	
12.6016	76736	1636	421628	
12.6109	76832	1626	421542	
12.6205	76999	1600	421401	
12.63	77170	1560	421270	
12.6396	77335	1547	421118	
12.6492	77414	1553	421033	
12.6589	77634	1517	420849	
12.6688	77824	1520	420656	
12.6779	77883	1635	420482	
12.6872	77979	1634	420387	
12.6965	78112	1616	420272	
12.7061	78326	1577	420097	
12.7156	78421	1593	419986	
12.7246	78540	1633	419827	
12.7337	78673	1654	419673	
12.7428	78817	1668	419515	
12.7516	78801	1741	419458	
12.7606	78897	1779	419324	
12.7691	78979	1785	419236	
12.7778	78963	1837	419200	
12.7865	78921	1899	419180	
12.7952	78920	1879	419201	
12.8037	78923	1890	419187	
12.8121	78926	1895	419179	
12.8203	78885	1895	419220	
12.8287	78776	1986	419238	
12.8369	78738	1965	419297	
12.8452	78699	1937	419364	
12.8529	78651	1978	419371	
12.861	78564	2046	419390	
12.8689	78441	2099	419460	
12.8767	78407	2073	419520	
12.8847	78261	2157	419582	
12.892	78072	2189	419739	
12.8998	78059	2145	419796	
12.9075	77950	2179	419871	
12.915	77832	2156	420012	
12.9227	77633	2187	420180	
12.9301	77501	2207	420292	
12.9375	77380	2235	420385	
12.9451	77297	2184	420519	
12.9524	77127	2172	420701	
12.9598	77009	2218	420773	
12.9673	76896	2194	420910	
12.9748	76746	2202	421052	
12.9823	76597	2232	421171	
12.9899	76425	2257	421318	
12.9976	76378	2191	421431	
13.0054	76194	2168	421638	
13.013	76091	2178	421731	
13.0206	76048	2107	421845	
13.0283	76009	2145	421846	
13.0362	75974	2142	421884	
13.0441	75907	2095	421998	
13.052	75850	2085	422065	
13.0597	75766	2111	422123	
13.0676	75728	2114	422158	
13.0754	75622	2064	422314	
13.0832	75519	2074	422407	
13.0913	75551	2012	422437	
13.0996	75549	1994	422457	
13.1079	75561	1930	422509	
13.1162	75530	1928	422542	
13.1246	75545	1909	422546	
13.1331	75567	1897	422536	
13.1413	75576	1857	422567	
13.1501	75644	1804	422552	
13.1587	75655	1868	422477	
13.1672	75663	1872	422465	
13.1759	75747	1832	422421	
13.1845	75783	1846	422371	
13.1929	75783	1848	422369	
13.2016	75838	1809	422353	
13.2103	75880	1775	422345	
13.2191	76076	1712	422212	
13.2285	76239	1676	422085	
13.2378	76444	1673	421883	
13.2467	76652	1655	421693	
13.2563	76804	1620	421576	
13.2652	76966	1643	421391	
13.2742	77077	1687	421236	
13.2833	77094	1712	421194	
13.2922	77157	1693	421150	
13.3014	77270	1718	421012	
13.3104	77410	1719	420871	
13.3192	77463	1711	420826	
13.3281	77551	1690	420759	
13.3369	77626	1725	420649	
13.346	77812	1664	420524	
13.3556	77928	1620	420452	
13.3647	78037	1599	420364	
13.3739	78166	1583	420251	
13.3833	78283	1612	420105	
13.3925	78436	1611	419953	
13.4017	78505	1616	419879	
13.4109	78654	1569	419777	
13.4199	78729	1661	419610	
13.4288	78744	1720	419536	
13.4376	78829	1690	419481	
13.4465	78865	1743	419392	
13.4553	78894	1786	419320	
13.4638	78958	1771	419271	
13.4726	79052	1732	419216	
13.4814	79144	1745	419111	
13.4901	79281	1674	419045	
13.4992	79336	1689	418975	
13.5083	79418	1695	418887	
13.5175	79539	1725	418736	
13.5259	79512	1829	418659	
13.5348	79536	1780	418684	
13.5434	79542	1833	418625	
13.5519	79562	1819	418619	
13.5608	79559	1803	418638	
13.5694	79598	1799	418603	
13.578	79623	1832	418545	
13.5867	79601	1839	418560	
13.5951	79562	1871	418567	
13.6035	79564	1821	418615	
13.6121	79559	1866	418575	
13.6202	79551	1875	418574	
13.6285	79546	1908	418546	
13.6366	79462	2003	418535	
13.6451	79414	1981	418605	
13.6533	79382	1999	418619	
13.6613	79314	2050	418636	
13.6692	79126	2107	418767	
13.677	79043	2068	418889	
13.6849	78986	2094	418920	
13.6928	78875	2054	419071	
13.7005	78875	2026	419099	
13.7085	78726	2095	419179	
13.7164	78732	2004	419264	
13.7244	78694	1986	419320	
13.7322	78600	2029	419371	
13.7402	78622	1990	419388	
13.748	78575	2026	419399	
13.7559	78438	2056	419506	
13.7638	78290	2114	419596	
13.7715	78157	2154	419689	
13.7794	78049	2141	419810	
13.7869	77895	2181	419924	
13.7946	77824	2109	420067	
13.8023	77711	2094	420195	
13.8101	77667	2085	420248	
13.8181	77553	2129	420318	
13.8261	77490	2116	420394	
13.8336	77395	2083	420522	
13.8413	77375	2086	420539	
13.8492	77425	2012	420563	
13.8572	77376	1920	420704	
13.8652	77349	1907	420744	
13.8736	77417	1875	420708	
13.8819	77474	1871	420655	
13.8905	77487	1931	420582	
13.8991	77480	1899	420621	
13.9077	77456	1889	420655	
13.916	77449	1917	420634	
13.9244	77478	1816	420706	
13.9331	77537	1799	420664	
13.9419	77673	1721	420606	
13.9511	77820	1729	420451	
13.96	77864	1757	420379	
13.9685	77927	1783	420290	
13.9774	77966	1809	420225	
13.9859	77923	1792	420285	
13.9944	77977	1767	420256	
14.0032	78083	1719	420198	
14.0122	78114	1770	420116	
14.0209	78116	1813	420071	
14.0296	78102	1804	420094	
14.0384	78115	1831	420054	
14.0474	78235	1821	419944	
14.056	78305	1809	419886	
14.0649	78398	1733	419869	
14.0735	78456	1775	419769	
14.082	78423	1801	419776	
14.0905	78463	1789	419748	
14.0989	78450	1796	419754	
14.1075	78450	1852	419698	
14.1159	78394	1930	419676	
14.1239	78310	1926	419764	
14.1326	78289	1859	419852	
14.1412	78315	1878	419807	
14.1497	78399	1862	419739	
14.1582	78391	1877	419732	
14.1669	78401	1907	419692	
14.175	78277	1983	419740	
14.1833	78317	1893	419790	
14.1915	78270	1935	419795	
14.1997	78340	1848	419812	
14.208	78347	1830	419823	
14.2166	78319	1849	419832	
14.2252	78329	1858	419813	
14.2335	78350	1914	419736	
14.242	78426	1851	419723	
14.2505	78441	1874	419685	
14.2588	78374	1953	419673	
14.2669	78324	1941	419735	
14.2754	78322	1872	419806	
14.2836	78340	1898	419762	
14.2919	78334	1924	419742	
14.3005	78308	1918	419774	
14.3086	78216	1918	419866	
14.3168	78255	1938	419807	
14.325	78298	1926	419776	
14.3331	78356	1872	419772	
14.3416	78352	1888	419760	
14.3501	78378	1856	419766	
14.3585	78430	1808	419762	
14.3672	78414	1818	419768	
14.3756	78439	1872	419689	
14.3841	78508	1829	419663	
14.3928	78692	1712	419596	
14.4019	78790	1629	419581	
14.4112	78811	1712	419477	
14.4202	78860	1748	419392	
14.4288	78863	1801	419336	
14.4376	78957	1768	419275	
14.4461	79004	1784	419212	
14.4548	79043	1774	419183	
14.4633	79057	1811	419132	
14.4716	79021	1864	419115	
14.48	78972	1922	419106	
14.4886	79098	1852	419050	
14.4969	79127	1853	419020	
14.5052	79150	1785	419065	
14.5141	79107	1813	419080	
14.5227	79041	1902	419057	
14.5305	78959	1990	419051	
14.5387	78950	1968	419082	
14.5469	78984	1917	419099	
14.5553	79023	1862	419115	
14.5637	78915	1954	419131	
14.5719	78807	1998	419195	
14.5804	78732	1940	419328	
14.5885	78704	1902	419394	
14.5969	78755	1904	419341	
14.6054	78708	1883	419409	
14.614	78732	1840	419428	
14.6228	78770	1841	419389	
14.6312	78800	1834	419366	
14.6397	78713	1959	419328	
14.6476	78622	2032	419346	
14.6561	78600	2045	419355	
14.6641	78492	2071	419437	
14.6724	78457	2032	419511	
14.6804	78359	2014	419627	
14.6888	78329	1995	419676	
14.6969	78174	2133	419693	
14.7045	78074	2173	419753	
14.7122	77996	2112	419892	
14.7204	77952	2061	419987	
14.7283	77872	1995	420133	
14.7367	77815	1955	420230	
14.7451	77809	1876	420315	
14.7536	77788	1854	420358	
14.7618	77771	1902	420327	
14.7703	77775	1899	420326	
14.7788	77859	1865	420276	
14.7873	77881	1880	420239	
14.7957	77944	1810	420246	
14.8041	77932	1791	420277	
14.8129	77961	1798	420241	
14.8217	77981	1766	420253	
14.8307	77999	1834	420167	
14.8395	78029	1842	420129	
14.8478	78035	1853	420112	
14.8564	78097	1806	420097	
14.865	78099	1828	420073	
14.8733	78102	1860	420038	
14.8815	78106	1923	419971	
14.89	78095	1947	419958	
14.8981	78102	1959	419939	
14.906	78105	1940	419955	
14.9144	78127	1904	419969	
14.9228	78121	1900	419979	
14.9312	78061	1887	420052	
14.9399	78041	1854	420105	
14.9485	78084	1881	420035	
14.9568	78092	1858	420050	
14.9652	78136	1850	420014	
14.9736	78162	1836	420002	
14.9823	78201	1829	419970	
14.9906	78221	1800	419979	
14.9993	78361	1690	419949	
15.0085	78456	1709	419835	
15.0171	78446	1737	419817	
15.026	78508	1744	419748	
15.0347	78482	1756	419762	
15.0433	78497	1785	419718	
15.0522	78548	1760	419692	
15.0608	78619	1722	419659	
15.0694	78679	1724	419597	
15.0779	78747	1785	419468	
15.0869	78828	1772	419400	
15.0956	78892	1823	419285	
15.1044	78879	1836	419285	
15.1131	78865	1836	419299	
15.1219	78859	1877	419264	
15.1302	78802	1915	419283	
15.1381	78835	1941	419224	
15.1462	78775	2015	419210	
15.1542	78716	1994	419290	
15.1625	78648	1955	419397	
15.1707	78596	1962	419442	
15.1786	78555	1983	419462	
15.1865	78499	2016	419485	
15.1943	78458	2031	419511	
15.2025	78335	2042	419623	
15.2105	78319	2004	419677	
15.2184	78301	2012	419687	
15.2265	78266	1946	419788	
15.2344	78265	1950	419785	
15.2427	78229	1949	419822	
15.2509	78154	2002	419844	
15.2588	78082	2040	419878	
15.267	78040	2048	419912	
15.2748	77945	2066	419989	
15.2828	77801	2137	420062	
15.2902	77624	2208	420168	
15.298	77531	2183	420286	
15.3055	77307	2225	420468	
15.3133	77229	2173	420598	
15.321	77146	2107	420747	
15.3287	77064	2060	420876	
15.3366	77017	1997	420986	
15.3447	76978	1954	421068	
15.3529	76994	1924	421082	
15.3612	77007	1960	421033	
15.3694	77014	1912	421074	
15.3775	76977	1934	421089	
15.3858	76964	1935	421101	
15.3938	76928	1928	421144	
15.402	76894	1854	421252	
15.4105	76997	1788	421215	
15.4194	77018	1778	421204	
15.4279	77040	1790	421170	
15.4369	77178	1756	421066	
15.4457	77256	1776	420968	
15.4545	77304	1751	420945	
15.4631	77372	1800	420828	
15.472	77354	1826	420820	
15.4803	77419	1857	420724	
15.4889	77429	1890	420681	
15.4974	77447	1883	420670	
15.5056	77443	1884	420673	
15.5137	77416	1907	420677	
15.5222	77478	1860	420662	
15.5305	77530	1797	420673	
15.5392	77607	1834	420559	
15.5479	77654	1775	420571	
15.5566	77700	1772	420528	
15.5656	77757	1789	420454	
15.5746	77778	1767	420455	
15.5835	77839	1797	420364	
15.5923	77855	1770	420375	
15.601	77889	1770	420341	
15.6097	77910	1784	420306	
15.6183	77905	1799	420296	
15.627	77997	1779	420224	
15.6358	78076	1698	420226	
15.6445	78210	1711	420079	
15.6537	78331	1663	420006	
15.6627	78418	1707	419875	
15.6717	78526	1688	419786	
15.6809	78696	1578	419726	
15.6907	78856	1572	419572	
15.7	78965	1596	419439	
15.7094	79157	1631	419212	
15.7186	79319	1633	419048	
15.7283	79461	1627	418912	
15.7372	79534	1678	418788	
15.746	79600	1683	418717	
15.7551	79625	1713	418662	
15.764	79680	1734	418586	
15.773	79640	1822	418538	
15.7815	79721	1806	418473	
15.7902	79690	1852	418458	
15.7987	79684	1863	418453	
15.8069	79636	1880	418484	
15.8155	79664	1886	418450	
15.8237	79626	1925	418449	
15.8318	79527	1969	418504	
15.8397	79451	1988	418561	
15.8476	79344	2000	418656	
15.8559	79290	2026	418684	
15.8638	79217	2021	418762	
15.8717	79147	2037	418816	
15.8797	79064	2013	418923	
15.8878	78995	1961	419044	
15.8961	78979	1902	419119	
15.9043	78899	1950	419151	
15.9122	78832	1960	419208	
15.9203	78835	1953	419212	
15.9282	78722	2001	419277	
15.9362	78730	1969	419301	
15.9444	78743	1909	419348	
15.9528	78768	1855	419377	
15.9614	78736	1831	419433	
15.9701	78782	1822	419396	
15.9788	78808	1760	419432	
15.9875	78805	1738	419457	
15.9963	78870	1748	419382	
16.0049	78899	1776	419325	
16.0137	78977	1757	419266	
16.0224	79055	1756	419189	
16.0308	79132	1784	419084	
16.0393	79172	1796	419032	
16.048	79324	1779	418897	
16.0567	79358	1809	418833	
16.0656	79423	1750	418827	
16.0744	79460	1768	418772	
16.0831	79445	1749	418806	
16.0924	79555	1678	418767	
16.1013	79614	1703	418683	
16.1103	79658	1752	418590	
16.1189	79654	1783	418563	
16.1276	79635	1823	418542	
16.136	79558	1931	418511	
16.1441	79518	1971	418511	
16.1519	79439	2008	418553	
16.1601	79389	1948	418663	
16.1685	79370	1880	418750	
16.177	79379	1849	418772	
16.1852	79386	1861	418753	
16.1936	79390	1849	418761	
16.2022	79397	1807	418796	
16.2105	79494	1774	418732	
16.2193	79490	1745	418765	
16.228	79593	1733	418674	
16.2366	79669	1700	418631	
16.2452	79701	1752	418547	
16.2538	79768	1752	418480	
16.2627	79832	1788	418380	
16.2714	79866	1815	418319	
16.2799	79796	1909	418295	
16.2879	79752	1918	418330	
16.2961	79628	1937	418435	
16.3042	79600	1968	418432	
16.3123	79562	1950	418488	
16.3204	79517	1937	418546	
16.3286	79484	1981	418535	
16.3369	79422	2020	418558	
16.3452	79366	2023	418611	
16.353	79255	2067	418678	
16.3605	79102	2105	418793	
16.3681	79009	2122	418869	
16.3761	78967	2064	418969	
16.384	78892	2000	419108	
16.3923	78819	1986	419195	
16.4002	78831	1991	419178	
16.4081	78836	2004	419160	
16.4161	78730	1990	419280	
16.4244	78648	2027	419325	
16.4327	78683	1977	419340	
16.4404	78595	2014	419391	
16.4488	78475	2001	419524	
16.4569	78387	2053	419560	
16.4647	78368	2033	419599	
16.4726	78297	2033	419670	
16.4805	78187	2087	419726	
16.4884	78074	2123	419803	
16.4963	78008	2110	419882	
16.5045	77956	2081	419963	
16.5123	77881	2110	420009	
16.5201	77792	2095	420113	
16.528	77644	2111	420245	
16.536	77582	2060	420358	
16.5438	77565	2030	420405	
16.5519	77519	2061	420420	
16.5599	77461	1999	420540	
16.5683	77358	2024	420618	
16.576	77272	2018	420710	
16.5842	77275	1984	420741	
16.5924	77328	1883	420789	
16.601	77370	1873	420757	
16.6094	77342	1853	420805	
16.6178	77395	1845	420760	
16.6265	77553	1756	420691	
16.6351	77656	1735	420609	
16.6439	77695	1701	420604	
16.653	77757	1726	420517	
16.6618	77848	1693	420459	
16.6706	77948	1678	420374	
16.6796	78081	1729	420190	
16.6885	78228	1701	420071	
16.6976	78311	1657	420032	
16.7068	78371	1620	420009	
16.7164	78513	1626	419861	
16.7259	78578	1687	419735	
16.7348	78720	1672	419608	
16.7436	78761	1682	419557	
