8.12177e-06	78702	931	420367	
0.0147358	78768	954	420278	
0.0301198	78684	977	420339	
0.0450617	78706	899	420395	
0.0607491	78836	830	420334	
0.0770009	78868	879	420253	
0.0931165	78899	918	420183	
0.108153	78805	1030	420165	
0.122816	78690	1001	420309	
0.137055	78581	1077	420342	
0.151265	78427	1081	420492	
0.164623	78266	1120	420614	
0.177746	78128	1170	420702	
0.191528	77959	1111	420930	
0.204777	77861	1093	421046	
0.21839	77678	1158	421164	
0.231632	77489	1160	421351	
0.244614	77362	1116	421522	
0.25815	77125	1157	421718	
0.271584	76989	1176	421835	
0.28476	76845	1100	422055	
0.298822	76756	1130	422114	
0.311999	76529	1187	422284	
0.325074	76401	1166	422433	
0.338338	76269	1150	422581	
0.351558	76001	1172	422827	
0.364423	75869	1153	422978	
0.377829	75711	1162	423127	
0.391263	75659	1073	423268	
0.405055	75514	1161	423325	
0.418949	75425	1086	423489	
0.433137	75295	1114	423591	
0.446207	75215	1090	423695	
0.459829	75079	1145	423776	
0.473034	74828	1160	424012	
0.486561	74748	1109	424143	
0.500388	74724	1051	424225	
0.514733	74649	1029	424322	
0.529425	74577	1046	424377	
0.544446	74516	981	424503	
0.559533	74542	934	424524	
0.575721	74572	939	424489	
0.591389	74588	897	424515	
0.607825	74753	839	424408	
0.624342	74847	851	424302	
0.641402	75048	769	424183	
0.659342	75260	734	424006	
0.677308	75434	724	423842	
0.695371	75709	725	423566	
0.712703	75921	771	423308	
0.730081	76137	731	423132	
0.747923	76344	763	422893	
0.765512	76499	764	422737	
0.783157	76616	772	422612	
0.800777	76830	754	422416	
0.81799	77067	744	422189	
0.835318	77235	767	421998	
0.853305	77372	765	421863	
0.87012	77484	837	421679	
0.887083	77604	839	421557	
0.903538	77743	806	421451	
0.920397	77821	856	421323	
0.936435	77865	878	421257	
0.952458	77946	868	421186	
0.968605	78027	837	421136	
0.985347	78066	842	421092	
1.00216	78209	771	421020	
1.01974	78346	793	420861	
1.03581	78383	868	420749	
1.05272	78520	794	420686	
1.06975	78660	792	420548	
1.08668	78781	819	420400	
1.10269	78754	917	420329	
1.11831	78839	881	420280	
1.13387	78803	892	420305	
1.14986	78836	894	420270	
1.16559	78794	932	420274	
1.18041	78686	1012	420302	
1.19538	78535	1037	420428	
1.20937	78461	1049	420490	
1.22319	78303	1052	420645	
1.23713	78259	1004	420737	
1.25107	78167	1034	420799	
1.26515	78044	1036	420920	
1.27861	77944	1052	421004	
1.29239	77856	1095	421049	
1.30597	77704	1107	421189	
1.31916	77500	1145	421355	
1.33231	77371	1132	421497	
1.34578	77221	1104	421675	
1.35952	77088	1129	421783	
1.3731	76912	1114	421974	
1.38655	76754	1102	422144	
1.4004	76658	1086	422256	
1.41424	76563	1089	422348	
1.42807	76358	1102	422540	
1.44242	76349	1002	422649	
1.45741	76223	1067	422710	
1.47197	76148	1054	422798	
1.48607	76093	1058	422849	
1.50069	76076	1022	422902	
1.51498	76085	985	422930	
1.53	76021	980	422999	
1.54521	76002	969	423029	
1.56034	76027	915	423058	
1.57682	76094	819	423087	
1.59416	76216	787	422997	
1.61086	76352	838	422810	
1.62729	76442	825	422733	
1.64368	76529	851	422620	
1.65986	76655	826	422519	
1.67571	76666	878	422456	
1.6917	76587	912	422501	
1.70714	76631	901	422468	
1.72289	76615	881	422504	
1.73917	76688	842	422470	
1.7562	76844	769	422387	
1.77272	76963	794	422243	
1.78986	77152	751	422097	
1.8073	77325	719	421956	
1.82568	77547	730	421723	
1.84306	77772	732	421496	
1.86044	77955	797	421248	
1.87744	78103	776	421121	
1.89492	78266	797	420937	
1.91172	78422	829	420749	
1.92842	78421	881	420698	
1.94344	78386	911	420703	
1.95858	78363	917	420720	
1.97377	78354	949	420697	
1.98849	78301	1000	420699	
2.00301	78184	1032	420784	
2.01747	78085	1028	420887	
2.03169	77958	1059	420983	
2.04549	77799	1106	421095	
2.05881	77599	1124	421277	
2.07182	77395	1165	421440	
2.08474	77195	1171	421634	
2.09756	76932	1219	421849	
2.11025	76774	1210	422016	
2.12282	76514	1297	422189	
2.135	76179	1321	422500	
2.1465	75934	1330	422736	
2.15822	75671	1285	423044	
2.16994	75383	1326	423291	
2.18195	75094	1378	423528	
2.19396	74834	1369	423797	
2.20596	74550	1312	424138	
2.21789	74331	1251	424418	
2.23076	74233	1149	424618	
2.24382	74104	1172	424724	
2.257	73938	1221	424841	
2.27056	73803	1163	425034	
2.28454	73640	1110	425250	
2.29829	73576	1060	425364	
2.31249	73596	1019	425385	
2.32741	73555	959	425486	
2.34271	73548	942	425510	
2.35837	73552	933	425515	
2.37329	73530	928	425542	
2.3895	73630	820	425550	
2.40733	73858	759	425383	
2.42513	74054	774	425172	
2.4426	74335	709	424956	
2.46017	74589	755	424656	
2.47809	74814	763	424423	
2.49587	75021	723	424256	
2.51381	75346	687	423967	
2.53294	75711	643	423646	
2.55183	75949	715	423336	
2.5712	76258	654	423088	
2.58991	76514	681	422805	
2.6083	76758	678	422564	
2.62672	77061	692	422247	
2.64584	77389	623	421988	
2.66655	77661	666	421673	
2.68494	77913	677	421410	
2.70343	78103	707	421190	
2.72094	78235	760	421005	
2.7381	78369	755	420876	
2.75488	78436	833	420731	
2.77042	78436	928	420636	
2.7855	78458	931	420611	
2.80087	78450	946	420604	
2.8154	78383	992	420625	
2.82962	78262	987	420751	
2.84458	78245	1011	420744	
2.85877	78117	1014	420869	
2.87345	78114	983	420903	
2.88812	78117	898	420985	
2.90349	78114	924	420962	
2.91863	77961	959	421080	
2.93282	77933	981	421086	
2.9473	77861	1004	421135	
2.96224	77771	1063	421166	
2.97676	77721	1003	421276	
2.99083	77560	1072	421368	
3.00449	77471	1075	421454	
3.01837	77278	1070	421652	
3.03156	77105	1172	421723	
3.04439	76881	1217	421902	
3.05738	76722	1189	422089	
3.07089	76641	1104	422255	
3.08456	76580	1048	422372	
3.09939	76486	1010	422504	
3.11418	76470	996	422534	
3.12877	76448	967	422585	
3.1435	76427	957	422616	
3.15882	76417	946	422637	
3.17402	76467	923	422610	
3.18881	76433	966	422601	
3.20364	76488	975	422537	
3.21854	76465	966	422569	
3.23317	76391	1047	422562	
3.24745	76343	1037	422620	
3.26167	76275	1001	422724	
3.27614	76262	990	422748	
3.29047	76233	966	422801	
3.30594	76297	888	422815	
3.32201	76375	857	422768	
3.33883	76502	797	422701	
3.35581	76546	828	422626	
3.37144	76637	822	422541	
3.388	76794	816	422390	
3.40576	77053	753	422194	
3.42315	77256	754	421990	
3.44116	77472	729	421799	
3.45876	77711	733	421556	
3.47646	77790	802	421408	
3.49337	77953	805	421242	
3.51038	78036	776	421188	
3.52774	78209	765	421026	
3.54459	78311	758	420931	
3.56165	78441	770	420789	
3.57962	78695	711	420594	
3.59799	78890	719	420391	
3.61467	79069	738	420193	
3.63256	79322	741	419937	
3.64952	79507	772	419721	
3.66595	79663	780	419557	
3.68332	79905	730	419365	
3.70106	80018	752	419230	
3.71838	80168	733	419099	
3.73563	80289	784	418927	
3.7529	80338	841	418821	
3.76859	80288	934	418778	
3.7837	80260	1001	418739	
3.79826	80119	1066	418815	
3.81237	79874	1132	418994	
3.82512	79601	1185	419214	
3.83769	79389	1203	419408	
3.85027	79130	1207	419663	
3.86217	78834	1288	419878	
3.87435	78642	1269	420089	
3.88629	78359	1318	420323	
3.89842	78122	1275	420603	
3.91019	77724	1365	420911	
3.92164	77470	1359	421171	
3.93347	77219	1290	421491	
3.94558	76972	1357	421671	
3.9573	76708	1347	421945	
3.96975	76499	1320	422181	
3.98125	76214	1346	422440	
3.99318	75947	1345	422708	
4.00543	75687	1267	423046	
4.01759	75433	1282	423285	
4.02999	75166	1281	423553	
4.04226	74958	1252	423790	
4.05509	74810	1148	424042	
4.06815	74708	1108	424184	
4.08191	74572	1097	424331	
4.0955	74560	1069	424371	
4.11034	74477	1009	424514	
4.12521	74518	920	424562	
4.14108	74542	901	424557	
4.15697	74647	861	424492	
4.1734	74809	806	424385	
4.19088	74944	793	424263	
4.20783	75031	816	424153	
4.22487	75130	839	424031	
4.24101	75176	872	423952	
4.25729	75299	862	423839	
4.27353	75385	833	423782	
4.29004	75548	821	423631	
4.30707	75727	771	423502	
4.32508	75902	750	423348	
4.34218	76025	821	423154	
4.3591	76168	777	423055	
4.37565	76302	844	422854	
4.3927	76465	781	422754	
4.40984	76586	805	422609	
4.42648	76796	780	422424	
4.44441	77081	719	422200	
4.46213	77235	758	422007	
4.48004	77418	778	421804	
4.49671	77498	833	421669	
4.51302	77593	816	421591	
4.52972	77574	901	421525	
4.54494	77637	885	421478	
4.56069	77694	878	421428	
4.57714	77797	815	421388	
4.59378	77937	780	421283	
4.61126	78096	785	421119	
4.62872	78218	777	421005	
4.64682	78426	735	420839	
4.66359	78607	756	420637	
4.68139	78806	708	420486	
4.69956	79086	693	420221	
4.7175	79290	698	420012	
4.73606	79484	696	419820	
4.75493	79769	671	419560	
4.77281	79932	722	419346	
4.79049	80066	768	419166	
4.80686	80124	849	419027	
4.82334	80206	840	418954	
4.83915	80234	852	418914	
4.8559	80334	903	418763	
4.87179	80384	886	418730	
4.88791	80464	881	418655	
4.90372	80425	973	418602	
4.9186	80359	999	418642	
4.9328	80234	1056	418710	
4.94644	80073	1143	418784	
4.95951	79797	1199	419004	
4.97246	79546	1205	419249	
4.98518	79283	1241	419476	
4.9976	79007	1285	419708	
5.00991	78715	1256	420029	
5.02176	78362	1382	420256	
5.03354	78025	1362	420613	
5.04485	77694	1441	420865	
5.05608	77354	1466	421180	
5.06667	77014	1503	421483	
5.07771	76658	1512	421830	
5.08857	76282	1525	422193	
5.09924	75905	1519	422576	
5.11012	75556	1496	422948	
5.12107	75211	1477	423312	
5.13229	74937	1430	423633	
5.1443	74611	1400	423989	
5.1557	74356	1360	424284	
5.16744	74121	1295	424584	
5.18002	73865	1296	424839	
5.19233	73598	1295	425107	
5.20477	73430	1246	425324	
5.21845	73293	1135	425572	
5.23236	73184	1091	425725	
5.24675	73102	1044	425854	
5.26102	73129	1049	425822	
5.27582	73149	981	425870	
5.29069	73176	998	425826	
5.30549	73075	1082	425843	
5.32004	73028	1013	425959	
5.33576	73050	929	426021	
5.35222	73115	861	426024	
5.3698	73261	811	425928	
5.38701	73453	765	425782	
5.4049	73697	720	425583	
5.42282	73979	713	425308	
5.44089	74266	711	425023	
5.45872	74566	686	424748	
5.47693	74822	713	424465	
5.49488	75072	707	424221	
5.51333	75323	669	424008	
5.53209	75660	678	423662	
5.55168	76029	641	423330	
5.57032	76364	639	422997	
5.59018	76775	626	422599	
5.61081	77152	600	422248	
5.63171	77600	552	421848	
5.65156	78004	568	421428	
5.6715	78318	641	421041	
5.69078	78705	610	420685	
5.71088	79105	610	420285	
5.73111	79554	569	419877	
5.7515	79939	620	419441	
5.77008	80236	637	419127	
5.78806	80419	744	418837	
5.80481	80519	816	418665	
5.82184	80632	802	418566	
5.83832	80625	905	418470	
5.85407	80566	947	418487	
5.86851	80530	1021	418449	
5.88245	80421	1034	418545	
5.89647	80215	1112	418673	
5.91011	80045	1115	418840	
5.92357	79901	1120	418979	
5.93659	79703	1197	419100	
5.94913	79458	1200	419342	
5.9617	79203	1265	419532	
5.97395	78868	1319	419813	
5.9862	78608	1289	420103	
5.99778	78338	1357	420305	
6.00908	78045	1357	420598	
6.02073	77740	1384	420876	
6.03272	77508	1292	421200	
6.04471	77318	1236	421446	
6.05711	77052	1227	421721	
6.06993	76781	1300	421919	
6.08235	76547	1269	422184	
6.09434	76355	1262	422383	
6.10643	76083	1265	422652	
6.11909	75887	1251	422862	
6.13141	75655	1336	423009	
6.14348	75354	1367	423279	
6.15536	75087	1363	423550	
6.16704	74786	1328	423886	
6.17893	74491	1347	424162	
6.19072	74191	1352	424457	
6.20272	74030	1277	424693	
6.21496	73793	1282	424925	
6.22786	73597	1274	425129	
6.24031	73423	1228	425349	
6.25289	73221	1238	425541	
6.26551	72986	1269	425745	
6.27798	72767	1262	425971	
6.29044	72582	1271	426147	
6.30393	72491	1119	426390	
6.31857	72476	1004	426520	
6.33355	72454	1017	426529	
6.34898	72484	926	426590	
6.36537	72585	876	426539	
6.38223	72831	815	426354	
6.39934	73081	746	426173	
6.41709	73294	757	425949	
6.43491	73509	752	425739	
6.45315	73873	680	425447	
6.47292	74215	646	425139	
6.49297	74598	608	424794	
6.51374	75063	544	424393	
6.536	75626	536	423838	
6.55779	76167	515	423318	
6.58066	76733	489	422778	
6.60349	77329	499	422172	
6.62479	77824	555	421621	
6.64586	78257	543	421200	
6.66535	78643	631	420726	
6.68446	78923	655	420422	
6.70297	79112	687	420201	
6.72064	79268	749	419983	
6.73795	79400	799	419801	
6.75469	79457	798	419745	
6.77138	79517	830	419653	
6.78824	79554	824	419622	
6.80366	79571	903	419526	
6.81923	79645	883	419472	
6.83567	79741	852	419407	
6.85166	79777	854	419369	
6.86801	79794	915	419291	
6.88248	79623	1040	419337	
6.89598	79525	1073	419402	
6.90959	79355	1106	419539	
6.92242	79081	1236	419683	
6.93454	78739	1358	419903	
6.94612	78379	1408	420213	
6.95787	78078	1421	420501	
6.96955	77820	1342	420838	
6.98123	77549	1340	421111	
6.99325	77192	1354	421454	
7.00522	76909	1322	421769	
7.01689	76713	1290	421997	
7.0285	76433	1369	422198	
7.03997	76173	1342	422485	
7.05189	75898	1303	422799	
7.0637	75649	1302	423049	
7.07546	75345	1306	423349	
7.0881	75130	1228	423642	
7.10101	74943	1187	423870	
7.11385	74764	1151	424085	
7.12694	74648	1139	424213	
7.14047	74576	1096	424328	
7.15498	74422	1067	424511	
7.16934	74439	1029	424532	
7.18437	74448	956	424596	
7.19967	74490	919	424591	
7.21535	74542	925	424533	
7.23099	74630	898	424472	
7.247	74793	877	424330	
7.26373	74961	789	424250	
7.28155	75218	670	424112	
7.30137	75619	611	423770	
7.32086	76051	628	423321	
7.33985	76412	640	422948	
7.35871	76746	604	422650	
7.37868	77155	607	422238	
7.39993	77690	544	421766	
7.42099	78104	540	421356	
7.44216	78522	525	420953	
7.46343	79002	587	420411	
7.4832	79419	610	419971	
7.50311	79740	636	419624	
7.52274	80083	612	419305	
7.542	80346	616	419038	
7.56161	80651	614	418735	
7.5815	80913	638	418449	
7.60017	81085	698	418217	
7.61818	81272	734	417994	
7.63517	81375	821	417804	
7.6515	81415	839	417746	
7.66683	81361	865	417774	
7.6822	81301	963	417736	
7.6967	81205	1013	417782	
7.71115	81200	1013	417787	
7.7254	81033	1055	417912	
7.73922	80903	1044	418053	
7.7532	80846	1043	418111	
7.76745	80668	1044	418288	
7.78106	80500	1115	418385	
7.79418	80243	1187	418570	
7.80609	79935	1268	418797	
7.8183	79665	1345	418990	
7.8301	79332	1374	419294	
7.84171	79001	1393	419606	
7.85309	78682	1430	419888	
7.86466	78311	1484	420205	
7.87542	77923	1539	420538	
7.88604	77520	1570	420910	
7.89655	77156	1571	421273	
7.90703	76775	1597	421628	
7.9176	76455	1498	422047	
7.92857	76022	1547	422431	
7.93915	75667	1542	422791	
7.95021	75242	1569	423189	
7.96068	74920	1558	423522	
7.97166	74588	1504	423908	
7.98269	74291	1473	424236	
7.99458	74004	1374	424622	
8.00665	73792	1296	424912	
8.01965	73647	1225	425128	
8.03357	73507	1132	425361	
8.04722	73403	1069	425528	
8.06172	73368	1027	425605	
8.07592	73274	1007	425719	
8.09118	73330	945	425725	
8.10603	73341	949	425710	
8.12178	73303	925	425772	
8.13721	73284	914	425802	
8.15292	73337	930	425733	
8.16877	73449	822	425729	
8.1865	73725	791	425484	
8.20372	73856	831	425313	
8.22018	74003	803	425194	
8.23821	74283	689	425028	
8.25628	74626	650	424724	
8.27572	75054	603	424343	
8.29641	75361	615	424024	
8.3162	75736	605	423659	
8.33576	76012	673	423315	
8.35592	76423	612	422965	
8.37616	76782	604	422614	
8.39614	77137	616	422247	
8.41614	77522	595	421883	
8.43662	77978	549	421473	
8.45712	78386	557	421057	
8.47815	78740	589	420671	
8.49841	79245	508	420247	
8.51951	79741	553	419706	
8.54047	80147	559	419294	
8.56234	80592	571	418837	
8.58257	80929	571	418500	
8.60268	81336	581	418083	
8.62199	81605	693	417702	
8.63968	81823	748	417429	
8.65706	81945	779	417276	
8.67431	82000	791	417209	
8.69095	82100	806	417094	
8.70773	82129	879	416992	
8.72302	81991	1004	417005	
8.73739	81848	1046	417106	
8.75094	81658	1119	417223	
8.76436	81490	1067	417443	
8.77738	81302	1157	417541	
8.79019	81040	1215	417745	
8.80294	80745	1300	417955	
8.81479	80527	1264	418209	
8.82713	80182	1338	418480	
8.83831	79846	1385	418769	
8.84978	79465	1450	419085	
8.86129	79104	1442	419454	
8.87188	78667	1577	419756	
8.88265	78297	1593	420110	
8.89272	77839	1608	420553	
8.9035	77455	1616	420929	
8.91365	77028	1608	421364	
8.9241	76651	1584	421765	
8.93479	76350	1564	422086	
8.94478	76022	1544	422434	
8.95522	75721	1500	422779	
8.96635	75384	1537	423079	
8.97726	75091	1519	423390	
8.98825	74741	1495	423764	
8.99929	74450	1473	424077	
9.01073	74175	1416	424409	
9.02208	73895	1360	424745	
9.03409	73725	1210	425065	
9.0473	73614	1149	425237	
9.06115	73495	1080	425425	
9.07501	73473	1030	425497	
9.08953	73513	943	425544	
9.10483	73468	921	425611	
9.12085	73540	884	425576	
9.13695	73586	845	425569	
9.15403	73777	798	425425	
9.17166	74000	726	425274	
9.19002	74345	719	424936	
9.20906	74673	656	424671	
9.2289	75091	590	424319	
9.2483	75472	616	423912	
9.26844	75926	583	423491	
9.28916	76446	556	422998	
9.31029	76971	516	422513	
9.33206	77406	515	422079	
9.35377	77917	539	421544	
9.3749	78515	494	420991	
9.39754	79088	490	420422	
9.41976	79634	501	419865	
9.44047	80018	593	419389	
9.45983	80315	628	419057	
9.47915	80621	648	418731	
9.49757	80885	695	418420	
9.51482	81023	730	418247	
9.53257	81175	743	418082	
9.54922	81194	827	417979	
9.56506	81139	909	417952	
9.58095	81060	940	418000	
9.59616	81021	912	418067	
9.6115	80975	958	418067	
9.62619	80870	981	418149	
9.64092	80821	964	418215	
9.65588	80757	992	418251	
9.67021	80694	1057	418249	
9.68382	80510	1127	418363	
9.69682	80270	1219	418511	
9.70931	80057	1218	418725	
9.72154	79771	1321	418908	
9.73334	79499	1327	419174	
9.74492	79170	1354	419476	
9.75654	78879	1362	419759	
9.76785	78517	1434	420049	
9.77885	78185	1464	420351	
9.78993	77837	1460	420703	
9.80148	77424	1406	421170	
9.81337	77161	1340	421499	
9.82565	76903	1303	421794	
9.83796	76697	1255	422048	
9.85046	76455	1216	422329	
9.8634	76266	1200	422534	
9.87669	76100	1138	422762	
9.89019	75976	1136	422888	
9.90319	75812	1109	423079	
9.91741	75723	1085	423192	
9.93079	75553	1097	423350	
9.94422	75446	1100	423454	
9.95764	75349	1098	423553	
9.97139	75282	1099	423619	
9.98549	75215	1076	423709	
9.99971	75162	1037	423801	
10.0144	75080	1041	423879	
10.0289	75040	943	424017	
10.0441	75107	925	423968	
10.0592	75137	927	423936	
10.0746	75156	936	423908	
10.0897	75140	940	423920	
10.1056	75258	877	423865	
10.122	75392	827	423781	
10.1391	75577	807	423616	
10.1559	75658	851	423491	
10.1724	75730	832	423438	
10.1888	75890	784	423326	
10.2064	76034	804	423162	
10.2231	76200	798	423002	
10.2398	76373	739	422888	
10.2578	76575	751	422674	
10.2751	76716	759	422525	
10.2929	76911	728	422361	
10.3106	77128	752	422120	
10.3282	77243	797	421960	
10.3456	77480	748	421772	
10.3632	77716	695	421589	
10.3821	77960	713	421327	
10.3995	78095	808	421097	
10.417	78229	788	420983	
10.4338	78226	847	420927	
10.4505	78295	789	420916	
10.4679	78341	855	420804	
10.484	78357	930	420713	
10.4987	78349	954	420697	
10.5136	78307	998	420695	
10.529	78213	996	420791	
10.544	78136	981	420883	
10.5588	78033	1048	420919	
10.5729	77946	1053	421001	
10.5867	77921	1003	421076	
10.601	77807	1011	421182	
10.6163	77765	965	421270	
10.6318	77753	931	421316	
10.6468	77790	916	421294	
10.662	77786	950	421264	
10.6772	77862	845	421293	
10.6925	77837	888	421275	
10.7085	77910	837	421253	
10.7255	77941	831	421228	
10.7419	78007	833	421160	
10.7584	78086	863	421051	
10.7737	78016	957	421027	
10.7883	77954	981	421065	
10.8028	77967	981	421052	
10.8169	77838	1064	421098	
10.8315	77742	1027	421231	
10.8457	77618	1031	421351	
10.8602	77558	928	421514	
10.876	77587	911	421502	
10.8913	77593	922	421485	
10.9066	77626	930	421444	
10.922	77637	889	421474	
10.9387	77776	850	421374	
10.9551	77836	828	421336	
10.9714	77906	822	421272	
10.9886	78058	787	421155	
11.0048	78061	849	421090	
11.021	78111	871	421018	
11.0366	78131	881	420988	
11.052	78113	934	420953	
11.0673	78078	949	420973	
11.0819	77993	938	421069	
11.0966	77834	1030	421136	
11.111	77826	1015	421159	
11.1252	77779	1012	421209	
11.1391	77649	1046	421305	
11.1528	77560	1085	421355	
11.1667	77476	1078	421446	
11.1804	77336	1120	421544	
11.1935	77176	1154	421670	
11.2063	77071	1168	421761	
11.2194	76842	1199	421959	
11.2327	76655	1191	422154	
11.2456	76512	1230	422258	
11.2579	76297	1242	422461	
11.2708	76112	1269	422619	
11.2836	75954	1158	422888	
11.2966	75788	1147	423065	
11.3102	75660	1093	423247	
11.324	75578	1091	423331	
11.3379	75410	1126	423464	
11.3509	75235	1139	423626	
11.3645	75090	1104	423806	
11.3789	75078	1031	423891	
11.3933	75085	1001	423914	
11.4079	75139	937	423924	
11.4236	75159	938	423903	
11.4396	75182	906	423912	
11.4556	75204	843	423953	
11.4722	75330	815	423855	
11.4893	75474	763	423763	
11.5066	75605	776	423619	
11.5243	75812	697	423491	
11.5424	76033	767	423200	
11.5602	76192	814	422994	
11.578	76367	760	422873	
11.596	76598	750	422652	
11.6138	76900	673	422427	
11.6322	77128	651	422221	
11.6517	77444	615	421941	
11.6715	77813	578	421609	
11.6917	78227	583	421190	
11.7127	78656	615	420729	
11.7324	78947	632	420421	
11.7522	79255	657	420088	
11.7714	79493	687	419820	
11.789	79652	761	419587	
11.8064	79730	841	419429	
11.8229	79851	838	419311	
11.8391	79879	889	419232	
11.8554	79945	837	419218	
11.8719	80040	847	419113	
11.8882	80129	842	419029	
11.9043	80144	868	418988	
11.92	80200	896	418904	
11.9361	80250	909	418841	
11.9518	80273	874	418853	
11.9681	80346	823	418831	
11.9834	80412	882	418706	
11.9983	80417	958	418625	
12.013	80328	1015	418657	
12.0274	80230	1000	418770	
12.0411	79946	1174	418880	
12.0537	79781	1206	419013	
12.0664	79541	1244	419215	
12.0786	79284	1277	419439	
12.0914	79013	1269	419718	
12.1029	78760	1288	419952	
12.1144	78468	1385	420147	
12.1259	78032	1458	420510	
12.1371	77749	1417	420834	
12.1484	77396	1423	421181	
12.1598	77060	1398	421542	
12.171	76737	1401	421862	
12.1825	76426	1407	422167	
12.1939	76061	1425	422514	
12.2054	75676	1438	422886	
12.2173	75467	1339	423194	
12.229	75201	1378	423421	
12.2411	75041	1310	423649	
12.2531	74799	1256	423945	
12.2654	74548	1319	424133	
12.2784	74306	1268	424426	
12.2909	74111	1234	424655	
12.3043	74000	1113	424887	
12.3184	73925	1016	425059	
12.333	73823	1024	425153	
12.3474	73780	1001	425219	
12.3626	73774	910	425316	
12.3787	73904	928	425168	
12.3942	73958	894	425148	
12.4104	74036	863	425101	
12.427	74258	811	424931	
12.4446	74507	735	424758	
12.4623	74724	744	424532	
12.4802	74911	771	424318	
12.4987	75180	685	424135	
12.5181	75403	697	423900	
12.5362	75585	731	423684	
12.5542	75858	727	423415	
12.5724	76177	694	423129	
12.5908	76480	693	422827	
12.6096	76665	706	422629	
12.6277	76893	690	422417	
12.6456	77089	732	422179	
12.6634	77203	713	422084	
12.6815	77407	727	421866	
12.6997	77669	706	421625	
12.7182	77996	687	421317	
12.7382	78379	634	420987	
12.7571	78650	688	420662	
12.7754	78827	717	420456	
12.7934	79035	660	420305	
12.8121	79376	640	419984	
12.8303	79598	711	419691	
12.8481	79716	795	419489	
12.8654	79783	816	419401	
12.8821	79849	854	419297	
12.898	79879	937	419184	
12.9134	79863	902	419235	
12.9287	79800	973	419227	
12.9428	79705	1000	419295	
12.9571	79624	1023	419353	
12.9709	79565	1041	419394	
12.9846	79361	1106	419533	
12.998	79126	1149	419725	
13.0113	78908	1176	419916	
13.0237	78692	1193	420115	
13.0367	78338	1276	420386	
13.0485	78056	1269	420675	
13.061	77752	1282	420966	
13.0728	77443	1368	421189	
13.0845	77157	1318	421525	
13.0966	76881	1323	421796	
13.1084	76603	1305	422092	
13.121	76302	1330	422368	
13.1332	76037	1316	422647	
13.1456	75846	1286	422868	
13.1579	75578	1314	423108	
13.1699	75242	1364	423394	
13.1823	75021	1313	423666	
13.1948	74792	1281	423927	
13.2069	74456	1385	424159	
13.2189	74266	1320	424414	
13.2316	73991	1269	424740	
13.2442	73732	1225	425043	
13.2574	73554	1190	425256	
13.2702	73381	1205	425414	
13.2835	73272	1161	425567	
13.2963	73119	1187	425694	
13.3102	72980	1137	425883	
13.3232	72844	1129	426027	
13.3375	72836	1054	426110	
13.3522	72803	999	426198	
13.3678	72741	984	426275	
13.3829	72747	908	426345	
13.3988	72844	863	426293	
13.4162	73030	772	426198	
13.4339	73229	727	426044	
13.4521	73542	712	425746	
13.4708	73821	684	425495	
13.4894	74094	659	425247	
13.5094	74441	612	424947	
13.5295	74834	593	424573	
13.5502	75246	572	424182	
13.5706	75676	590	423734	
13.5907	76110	603	423287	
13.6105	76431	629	422940	
13.6307	76817	561	422622	
13.6519	77294	551	422155	
13.6714	77711	592	421697	
13.6925	78112	596	421292	
13.712	78412	673	420915	
13.7296	78760	684	420556	
13.7479	78842	771	420387	
13.7649	79010	797	420193	
13.782	79146	827	420027	
13.7983	79168	899	419933	
13.8142	79124	923	419953	
13.8291	79026	1004	419970	
13.8433	78897	1057	420046	
13.8571	78719	1124	420157	
13.8705	78476	1222	420302	
13.8825	78238	1298	420464	
13.8948	77965	1276	420759	
13.9071	77738	1240	421022	
13.9198	77541	1168	421291	
13.9329	77367	1134	421499	
13.946	77203	1125	421672	
13.9594	77089	1151	421760	
13.9723	76960	1144	421896	
13.9857	76806	1124	422070	
13.9989	76641	1150	422209	
14.0124	76546	1105	422349	
14.0267	76476	1061	422463	
14.0406	76431	1051	422518	
14.0543	76351	1054	422595	
14.0681	76321	1005	422674	
14.0828	76340	954	422706	
14.0979	76256	1010	422734	
14.1128	76207	1032	422761	
14.1275	76180	986	422834	
14.143	76152	960	422888	
14.1581	76200	935	422865	
14.1728	76116	1015	422869	
14.188	75989	965	423046	
14.2031	76021	951	423028	
14.2185	76065	937	422998	
14.2333	76042	973	422985	
14.2488	76072	921	423007	
14.2638	76029	976	422995	
14.2783	75916	1030	423054	
14.2924	75824	1048	423128	
14.3065	75784	1061	423155	
14.3205	75683	1043	423274	
14.3347	75723	983	423294	
14.3494	75666	1009	423325	
14.3635	75629	995	423376	
14.3777	75508	1023	423469	
14.3924	75515	951	423534	
14.4076	75524	911	423565	
14.4239	75587	853	423560	
14.4402	75681	859	423460	
14.456	75731	875	423394	
14.4727	75858	776	423366	
14.4903	76025	717	423258	
14.5078	76205	728	423067	
14.5252	76424	757	422819	
14.5426	76629	751	422620	
14.56	76889	668	422443	
14.5784	77160	677	422163	
14.5974	77414	678	421908	
14.6175	77822	611	421567	
14.6377	78148	609	421243	
14.6567	78449	666	420885	
14.676	78862	568	420570	
14.6955	79233	611	420156	
14.7141	79477	683	419840	
14.7331	79686	672	419642	
14.751	79852	717	419431	
14.7699	80100	670	419230	
14.7884	80257	697	419046	
14.8062	80488	672	418840	
14.8252	80778	661	418561	
14.8442	81069	630	418301	
14.8627	81332	682	417986	
14.8797	81423	811	417766	
14.896	81393	891	417716	
14.9111	81454	906	417640	
14.9263	81452	918	417630	
14.9415	81443	920	417637	
14.9564	81282	971	417747	
14.971	81134	1086	417780	
14.9847	80919	1131	417950	
14.9976	80733	1145	418122	
15.0105	80507	1227	418266	
15.0232	80250	1224	418526	
15.0353	79946	1276	418778	
15.0472	79668	1351	418981	
15.0589	79367	1307	419326	
15.0706	79092	1298	419610	
15.0834	78831	1270	419899	
15.0958	78656	1274	420070	
15.108	78343	1320	420337	
15.1195	78036	1330	420634	
15.1311	77799	1335	420866	
15.1427	77490	1343	421167	
15.1543	77235	1408	421357	
15.1656	76920	1434	421646	
15.1768	76585	1410	422005	
15.1886	76208	1440	422352	
15.1999	75928	1396	422676	
15.2116	75647	1315	423038	
15.2237	75354	1378	423268	
15.2356	75040	1429	423531	
15.2474	74815	1368	423817	
15.2591	74456	1422	424122	
15.2708	74164	1447	424389	
15.2819	73787	1435	424778	
15.2935	73512	1393	425095	
15.3052	73256	1340	425404	
15.3173	73033	1278	425689	
15.3301	72822	1264	425914	
15.3426	72575	1256	426169	
15.3561	72459	1118	426423	
15.37	72391	1076	426533	
15.3844	72361	1054	426585	
15.3982	72258	1073	426669	
15.4123	72112	1082	426806	
15.4262	72039	1035	426926	
15.4408	72058	984	426958	
15.4563	72054	928	427018	
15.4719	72168	837	426995	
15.4888	72333	782	426885	
15.5064	72561	763	426676	
15.5241	72815	686	426499	
15.543	73118	655	426227	
15.5635	73478	648	425874	
15.5824	73890	642	425468	
15.6017	74233	627	425140	
15.6214	74595	619	424786	
15.6414	74912	662	424426	
15.6605	75232	690	424078	
15.6794	75562	686	423752	
15.6983	75909	600	423491	
15.7188	76422	524	423054	
15.7401	76985	486	422529	
15.7622	77495	524	421981	
15.7839	78013	519	421468	
15.8052	78463	566	420971	
15.8254	78984	564	420452	
15.8456	79397	589	420014	
15.8662	79816	581	419603	
15.8865	80143	607	419250	
15.9049	80404	669	418927	
15.9231	80657	696	418647	
15.9415	80762	764	418474	
15.9585	80922	794	418284	
15.9751	81027	814	418159	
15.9914	81127	826	418047	
16.0089	81279	767	417954	
16.0257	81399	802	417799	
16.0419	81430	892	417678	
16.0572	81327	1010	417663	
16.0713	81150	1108	417742	
16.0843	80947	1207	417846	
16.0966	80661	1199	418140	
16.109	80506	1187	418307	
16.1215	80223	1269	418508	
16.1334	79851	1346	418803	
16.145	79542	1405	419053	
16.1564	79183	1402	419415	
16.168	78888	1337	419775	
16.1802	78600	1282	420118	
16.192	78241	1327	420432	
16.204	77949	1352	420699	
16.2156	77557	1421	421022	
16.2271	77265	1395	421340	
16.2391	77016	1340	421644	
16.2512	76838	1254	421908	
16.2637	76543	1291	422166	
16.276	76217	1270	422513	
16.2883	75948	1291	422761	
16.3012	75746	1196	423058	
16.3142	75530	1219	423251	
16.3271	75327	1210	423463	
16.3398	75140	1190	423670	
16.3534	74980	1176	423844	
16.3667	74834	1146	424020	
16.3803	74730	1113	424157	
16.3937	74562	1133	424305	
16.4079	74508	1027	424465	
16.4227	74534	962	424504	
16.4378	74529	974	424497	
16.4531	74528	912	424560	
16.4689	74574	873	424553	
16.4846	74629	888	424483	
16.5011	74685	871	424444	
16.5176	74859	807	424334	
16.5351	75010	771	424219	
16.5523	75235	767	423998	
16.5706	75489	705	423806	
16.5905	75790	690	423520	
16.609	76068	685	423247	
16.6281	76414	616	422970	
16.6473	76761	617	422622	
16.667	77036	642	422322	
16.6855	77348	653	421999	
16.7043	77602	639	421759	
16.7246	77954	579	421467	
16.745	78361	619	421020	
16.7645	78617	622	420761	
16.7834	79069	608	420323	
16.803	79346	641	420013	
16.8223	79692	635	419673	
16.8411	80015	642	419343	
16.8602	80366	647	418987	
16.8789	80592	668	418740	
16.8969	80802	715	418483	
16.9143	80953	736	418311	
16.9312	81109	801	418090	
16.9468	81104	951	417945	
16.9614	81032	1004	417964	
16.9764	80885	1066	418049	
16.9901	80710	1064	418226	
17.0035	80491	1159	418350	
17.0169	80240	1207	418553	
17.0291	80000	1278	418722	
17.041	79687	1348	418965	
17.0531	79353	1406	419241	
17.0638	78934	1469	419597	
17.0747	78621	1425	419954	
17.0858	78234	1430	420336	
17.0967	77957	1389	420654	
17.108	77694	1365	420941	
17.1197	77390	1309	421301	
17.1316	77120	1335	421545	
17.1433	76775	1427	421798	
17.1545	76506	1376	422118	
17.1658	76098	1453	422449	
17.1769	75759	1467	422774	
17.1881	75413	1471	423116	
17.1995	75118	1442	423440	
17.2112	74766	1479	423755	
17.2226	74417	1477	424106	
17.2334	74079	1528	424393	
17.2443	73724	1499	424777	
17.2553	73342	1569	425089	
17.2662	72994	1493	425513	
17.2778	72717	1392	425891	
17.2898	72527	1303	426170	
17.302	72305	1284	426411	
17.3149	72162	1155	426683	
17.3286	72117	1115	426768	
17.3432	72042	1084	426874	
17.358	71999	989	427012	
17.3723	72007	984	427009	
17.3877	72049	902	427049	
17.4047	72135	846	427019	
17.4218	72375	761	426864	
17.4396	72623	738	426639	
17.4574	72899	701	426400	
17.4767	73249	657	426094	
17.4967	73704	577	425719	
17.5183	74205	555	425240	
17.5396	74706	569	424725	
17.5604	75130	536	424334	
17.5819	75653	515	423832	
17.603	76103	568	423329	
17.623	76576	548	422876	
17.6438	77075	542	422383	
17.6652	77565	518	421917	
17.6874	78034	524	421442	
17.7098	78535	517	420948	
17.731	78932	601	420467	
17.7503	79165	680	420155	
17.7689	79453	679	419868	
17.7878	79754	619	419627	
17.8077	80111	585	419304	
17.8279	80384	638	418978	
17.847	80704	660	418636	
17.8652	80813	807	418380	
17.8817	80850	867	418283	
17.8973	80887	879	418234	
17.9128	80846	876	418278	
17.9288	80898	828	418274	
17.9449	80953	840	418207	
17.9605	81012	895	418093	
17.976	80981	944	418075	
17.9908	80915	958	418127	
18.0054	80819	1011	418170	
18.0196	80720	1019	418261	
18.0339	80572	1092	418336	
18.0473	80339	1194	418467	
18.0599	80072	1241	418687	
18.0719	79851	1211	418938	
18.084	79521	1327	419152	
18.0955	79205	1352	419443	
18.1071	78828	1406	419766	
18.1186	78509	1437	420054	
18.1296	78110	1526	420364	
18.1406	77648	1588	420764	
18.1511	77303	1551	421146	
18.1614	76894	1531	421575	
18.1723	76569	1490	421941	
18.1836	76223	1482	422295	
18.1952	75900	1452	422648	
18.2063	75533	1441	423026	
18.2178	75303	1357	423340	
18.2295	75041	1367	423592	
18.2415	74763	1334	423903	
18.254	74559	1294	424147	
18.2664	74343	1287	424370	
18.279	74133	1232	424635	
18.2918	73975	1178	424847	
18.3048	73840	1186	424974	
18.3181	73724	1159	425117	
18.3318	73652	1062	425286	
18.3458	73611	1065	425324	
18.3598	73573	1059	425368	
18.3743	73539	1009	425452	
18.3896	73574	914	425512	
18.4058	73651	882	425467	
18.4224	73913	792	425295	
18.4397	74099	734	425167	
18.4577	74385	698	424917	
18.4764	74669	681	424650	
18.4951	74984	668	424348	
18.5132	75178	726	424096	
18.5315	75434	684	423882	
18.5505	75733	586	423681	
18.5707	76187	568	423245	
18.591	76659	571	422770	
18.6119	77077	580	422343	
18.6323	77492	604	421904	
18.6517	77774	642	421584	
18.6711	78170	623	421207	
18.6904	78448	714	420838	
18.709	78691	683	420626	
18.7275	78933	738	420329	
18.7452	79161	695	420144	
18.7629	79403	693	419904	
18.7812	79606	718	419676	
18.7996	79893	683	419424	
18.818	80169	685	419146	
18.8369	80429	710	418861	
18.8546	80623	720	418657	
18.8726	80740	749	418511	
18.8905	80939	710	418351	
18.9086	81158	694	418148	
18.9256	81395	753	417852	
18.9425	81511	793	417696	
18.9587	81511	900	417589	
18.9737	81521	900	417579	
18.9882	81452	977	417571	
19.0025	81331	1086	417583	
19.0165	81150	1060	417790	
19.0303	81021	1050	417929	
19.044	80768	1129	418103	
19.0574	80608	1097	418295	
19.0707	80523	1065	418412	
19.0847	80374	1083	418543	
19.0985	80232	1075	418693	
19.112	80030	1145	418825	
19.1255	79981	1122	418897	
19.138	79703	1215	419082	
19.1502	79448	1277	419275	
19.1625	79226	1246	419528	
19.1747	78975	1237	419788	
19.1879	78865	1192	419943	
19.2005	78621	1190	420189	
19.2131	78451	1181	420368	
19.2255	78265	1186	420549	
19.2386	78092	1195	420713	
19.2513	77969	1170	420861	
19.2642	77692	1207	421101	
19.2768	77515	1197	421288	
19.2898	77375	1164	421461	
19.3031	77186	1229	421585	
19.316	77083	1164	421753	
19.3288	76891	1217	421892	
19.3419	76701	1197	422102	
19.3549	76472	1177	422351	
19.3681	76255	1205	422540	
19.3816	76080	1146	422774	
19.3951	75921	1097	422982	
19.409	75801	1105	423094	
19.4219	75601	1216	423183	
19.4352	75416	1162	423422	
19.4489	75303	1189	423508	
19.4619	75150	1173	423677	
19.4751	74959	1197	423844	
19.4882	74785	1190	424025	
19.5015	74629	1153	424218	
19.5153	74489	1096	424415	
19.5295	74358	1111	424531	
19.5435	74287	1060	424653	
19.5569	74160	1079	424761	
19.5704	74031	1111	424858	
19.5845	73890	1068	425042	
19.5994	73846	1029	425125	
19.6139	73775	1008	425217	
19.6288	73749	1026	425225	
19.6435	73700	1003	425297	
19.658	73675	980	425345	
19.6728	73713	972	425315	
19.6883	73703	976	425321	
19.7038	73680	931	425389	
19.72	73735	877	425388	
19.7366	73844	850	425306	
19.7534	73968	841	425191	
19.77	74187	804	425009	
19.7874	74350	717	424933	
19.8054	74629	704	424667	
19.8239	74913	702	424385	
19.8408	75128	751	424121	
19.8584	75345	739	423916	
19.8762	75687	687	423626	
19.8952	75976	690	423334	
19.9134	76185	706	423109	
19.9329	76511	707	422782	
19.9512	76724	733	422543	
19.9688	76909	716	422375	
19.9866	77160	699	422141	
20.0053	77313	710	421977	
20.0238	77545	680	421775	
20.0425	77794	703	421503	
20.0601	78065	724	421211	
20.0778	78172	779	421049	
20.0945	78289	799	420912	
20.1118	78446	733	420821	
20.1294	78550	773	420677	
20.1458	78611	836	420553	
20.1625	78603	887	420510	
20.1777	78600	925	420475	
20.1934	78658	919	420423	
20.2095	78675	887	420438	
20.2252	78696	928	420376	
20.24	78681	972	420347	
20.2544	78569	1042	420389	
20.2682	78457	1076	420467	
20.2819	78263	1130	420607	
20.295	78086	1153	420761	
20.3086	77907	1147	420946	
20.3214	77701	1210	421089	
20.3338	77455	1245	421300	
20.3463	77226	1258	421516	
20.3585	77012	1253	421735	
20.3713	76822	1176	422002	
20.3842	76600	1169	422231	
20.3974	76381	1159	422460	
20.4106	76259	1123	422618	
20.4234	76086	1174	422740	
20.4369	75902	1181	422917	
20.4498	75649	1281	423070	
20.4622	75379	1313	423308	
20.4749	75190	1276	423534	
20.4875	75015	1247	423738	
20.5	74790	1255	423955	
20.5122	74554	1318	424128	
20.5243	74354	1327	424319	
20.5362	74084	1338	424578	
20.548	73855	1363	424782	
20.5597	73652	1315	425033	
20.5725	73544	1143	425313	
20.586	73396	1132	425472	
20.5995	73326	1166	425508	
20.6127	73182	1162	425656	
20.6259	73068	1098	425834	
20.6396	72979	1050	425971	
20.6544	72919	1004	426077	
20.6705	73040	899	426061	
20.6865	73124	823	426053	
20.7034	73258	824	425918	
20.7205	73470	732	425798	
20.7391	73752	722	425526	
20.7576	74075	651	425274	
20.7767	74424	660	424916	
20.7956	74755	651	424594	
20.8152	75093	637	424270	
20.8337	75352	667	423981	
20.8531	75691	624	423685	
20.8722	75962	666	423372	
20.8909	76235	668	423097	
20.9107	76614	608	422778	
20.9307	76962	658	422380	
20.9494	77226	696	422078	
20.9683	77456	682	421862	
20.9865	77812	677	421511	
21.0055	78040	712	421248	
21.0237	78283	684	421033	
21.0425	78522	703	420775	
21.0603	78788	716	420496	
21.0778	78948	779	420273	
21.0953	79071	739	420190	
21.1122	79205	770	420025	
21.1292	79313	781	419906	
21.1463	79461	790	419749	
21.1632	79488	840	419672	
21.1795	79565	874	419561	
21.1955	79625	834	419541	
21.2113	79625	902	419473	
21.2269	79551	932	419517	
21.2418	79547	903	419550	
21.2573	79533	906	419561	
21.2729	79505	904	419591	
21.2893	79537	818	419645	
21.3055	79616	866	419518	
21.3215	79525	879	419596	
21.3372	79598	882	419520	
21.3521	79551	945	419504	
21.3674	79477	969	419554	
21.3822	79440	973	419587	
21.3965	79351	1000	419649	
21.4107	79271	1027	419702	
21.4251	79137	1063	419800	
21.4384	78977	1103	419920	
21.4518	78783	1136	420081	
21.4657	78680	1095	420225	
21.4797	78553	1063	420384	
21.4932	78465	1061	420474	
21.5072	78276	1090	420634	
21.5209	78216	1074	420710	
21.5352	78154	996	420850	
21.5497	78062	1035	420903	
21.5642	78080	983	420937	
21.5793	78041	970	420989	
21.5943	78019	929	421052	
21.6091	77949	969	421082	
21.6247	77893	948	421159	
21.6393	77833	1037	421130	
21.6536	77713	1015	421272	
21.6681	77616	1025	421359	
21.6819	77475	1072	421453	
21.6953	77244	1128	421628	
21.7087	77112	1112	421776	
21.7223	76988	1077	421935	
21.7365	76948	1036	422016	
21.751	76921	1050	422029	
21.7653	76815	1087	422098	
21.7788	76644	1134	422222	
21.7924	76520	1114	422366	
21.8051	76367	1122	422511	
21.8188	76264	1081	422655	
21.8329	76189	1095	422716	
21.8463	76065	1138	422797	
21.86	75914	1124	422962	
21.8734	75706	1131	423163	
21.8875	75698	1011	423291	
21.9017	75630	1029	423341	
21.9163	75581	1012	423407	
21.9309	75564	1039	423397	
21.9455	75581	974	423445	
21.9608	75513	983	423504	
21.9758	75462	925	423613	
21.9917	75473	905	423622	
22.0072	75533	877	423590	
22.0233	75530	879	423591	
22.0395	75595	868	423537	
22.0557	75703	858	423439	
22.0729	75843	850	423307	
22.0894	75977	803	423220	
22.1058	76093	816	423091	
22.1222	76198	869	422933	
22.1382	76302	840	422858	
22.154	76410	854	422736	
22.1695	76387	884	422729	
22.1857	76438	874	422688	
22.2012	76417	963	422620	
22.2164	76328	924	422748	
22.232	76394	902	422704	
22.2484	76471	858	422671	
22.2649	76558	824	422618	
22.2808	76550	911	422539	
22.2965	76641	863	422496	
22.3129	76747	872	422381	
22.3293	76817	917	422266	
22.3448	76854	935	422211	
22.3604	76904	954	422142	
22.3756	76980	936	422084	
22.3907	76961	952	422087	
22.4064	76999	941	422060	
22.4223	77041	904	422055	
22.4376	77026	951	422023	
22.4528	76966	974	422060	
22.4677	76915	952	422133	
22.4829	76907	994	422099	
22.4974	76836	1021	422143	
22.5115	76680	1107	422213	
22.5256	76604	1066	422330	
22.5399	76487	1092	422421	
22.5536	76360	1105	422535	
22.5675	76225	1137	422638	
22.5814	76084	1109	422807	
22.5949	75942	1143	422915	
22.6081	75819	1130	423051	
22.6222	75693	1123	423184	
22.6363	75582	1092	423326	
22.6505	75469	1059	423472	
22.6645	75368	1071	423561	
22.6784	75252	1038	423710	
22.6929	75136	1041	423823	
22.7069	75028	1043	423929	
22.7215	75021	1017	423962	
22.7364	74977	1026	423997	
22.7511	74979	958	424063	
22.7669	75023	878	424099	
22.7831	75071	898	424031	
22.799	75208	875	423917	
22.8147	75253	862	423885	
22.8312	75278	832	423890	
22.8481	75406	812	423782	
22.8649	75588	819	423593	
22.8819	75711	818	423471	
22.8987	75835	773	423392	
22.9162	76014	771	423215	
22.9325	76154	787	423059	
22.9494	76323	793	422884	
22.9665	76490	839	422671	
22.983	76530	842	422628	
22.9995	76585	851	422564	
23.0159	76589	887	422524	
23.0324	76675	813	422512	
23.0493	76750	854	422396	
23.0649	76837	841	422322	
23.0805	76870	891	422239	
23.096	76885	908	422207	
23.1117	77033	857	422110	
23.1275	77137	870	421993	
23.1437	77187	931	421882	
23.1584	77225	902	421873	
23.1744	77343	836	421821	
23.191	77390	864	421746	
23.2072	77441	902	421657	
23.2231	77400	932	421668	
23.2389	77441	888	421671	
23.2549	77493	876	421631	
23.2701	77460	893	421647	
23.2856	77574	838	421588	
23.3021	77702	800	421498	
23.3187	77725	861	421414	
23.335	77831	840	421329	
23.3516	77886	822	421292	
23.3678	78081	788	421131	
23.3845	78174	844	420982	
23.4007	78203	863	420934	
23.4177	78365	808	420827	
23.4345	78475	800	420725	
23.4515	78576	828	420596	
23.4682	78702	836	420462	
23.4843	78696	877	420427	
23.5001	78796	904	420300	
23.5156	78853	831	420316	
23.5314	78921	820	420259	
23.5476	78996	915	420089	
23.5624	78998	907	420095	
23.5777	79020	916	420064	
23.593	78962	983	420055	
23.6074	78879	1064	420057	
23.6213	78739	1061	420200	
23.6344	78577	1138	420285	
23.6481	78366	1166	420468	
23.6613	78219	1126	420655	
23.675	78049	1162	420789	
23.6874	77927	1171	420902	
23.7004	77756	1173	421071	
23.7128	77504	1259	421237	
23.725	77298	1268	421434	
23.7378	77055	1192	421753	
23.7509	76853	1190	421957	
23.7639	76647	1169	422184	
23.7769	76460	1164	422376	
23.7903	76297	1156	422547	
23.8037	76216	1104	422680	
23.8171	76099	1133	422768	
23.8306	75983	1124	422893	
23.8436	75863	1141	422996	
23.8569	75728	1152	423120	
23.8701	75503	1217	423280	
23.8829	75332	1159	423509	
23.8965	75219	1072	423709	
23.9112	75226	982	423792	
23.9261	75206	976	423818	
23.9411	75161	1017	423822	
23.9558	75088	1009	423903	
23.9709	75022	951	424027	
23.9863	75019	944	424037	
24.0017	74970	936	424094	
24.0176	75062	844	424094	
24.0344	75124	881	423995	
24.0506	75190	871	423939	
24.0668	75290	874	423836	
24.0838	75390	835	423775	
24.1004	75561	792	423647	
24.1172	75653	844	423503	
24.1333	75687	853	423460	
24.1493	75801	861	423338	
24.1656	75958	834	423208	
24.1826	76162	788	423050	
24.1991	76310	845	422845	
24.2154	76444	819	422737	
24.2322	76559	807	422634	
24.2499	76665	795	422540	
24.2662	76848	770	422382	
24.2834	76947	832	422221	
24.3003	77065	847	422088	
24.3167	77117	832	422051	
24.3328	77248	848	421904	
24.3493	77421	813	421766	
24.3654	77494	837	421669	
24.381	77508	880	421612	
24.3969	77614	871	421515	
24.413	77736	842	421422	
24.4292	77791	830	421379	
24.4457	77871	855	421274	
24.4624	78025	843	421132	
24.4778	78004	920	421076	
24.493	77968	970	421062	
24.5084	77931	926	421143	
24.5251	78032	855	421113	
24.5413	78108	897	420995	
24.557	78151	855	420994	
24.5737	78212	888	420900	
24.5902	78210	837	420953	
24.607	78350	817	420833	
24.6239	78505	797	420698	
24.6414	78689	758	420553	
24.6586	78855	743	420402	
24.6758	79012	728	420260	
24.6933	79144	775	420081	
24.7102	79298	760	419942	
24.7274	79402	797	419801	
24.7445	79509	795	419696	
24.7605	79643	820	419537	
24.7773	79769	837	419394	
24.7934	79856	836	419308	
24.81	79995	848	419157	
24.8255	80031	889	419080	
24.8413	80055	912	419033	
24.8565	80038	966	418996	
24.871	79973	942	419085	
24.8854	79825	1024	419151	
24.8998	79710	1022	419268	
24.9138	79519	1037	419444	
24.928	79380	1071	419549	
24.9415	79252	1119	419629	
24.9548	79015	1175	419810	
24.9682	78806	1163	420031	
24.9812	78557	1228	420215	
24.9935	78320	1233	420447	
25.0059	78054	1335	420611	
25.0181	77804	1303	420893	
25.0301	77475	1333	421192	
25.0419	77163	1407	421430	
25.0532	76846	1410	421744	
25.0644	76518	1426	422056	
25.0758	76245	1365	422390	
25.0876	75880	1419	422701	
25.0993	75623	1422	422955	
25.1111	75346	1372	423282	
25.1229	75070	1356	423574	
25.1348	74881	1283	423836	
25.1473	74628	1302	424070	
25.1601	74396	1276	424328	
25.1731	74229	1219	424552	
25.1858	74036	1235	424729	
25.1986	73903	1191	424906	
25.2119	73742	1161	425097	
25.225	73694	1094	425212	
25.2394	73680	983	425337	
25.2548	73712	927	425361	
25.2698	73695	1005	425300	
25.285	73731	899	425370	
25.3017	73923	808	425269	
25.3181	74131	793	425076	
25.3361	74431	720	424849	
25.3539	74688	685	424627	
25.3725	74980	712	424308	
25.3908	75210	704	424086	
25.4094	75401	693	423906	
25.4275	75668	731	423601	
25.4463	75967	687	423346	
25.4667	76242	628	423130	
25.4861	76572	654	422774	
25.5067	77031	596	422373	
25.5275	77476	578	421946	
25.548	77896	562	421542	
25.569	78425	505	421070	
25.5903	78829	578	420593	
25.6104	79214	605	420181	
25.6301	79617	605	419778	
25.6495	79984	623	419393	
25.6688	80229	645	419126	
25.687	80484	707	418809	
25.7056	80738	666	418596	
25.7252	81053	629	418318	
25.7439	81353	622	418025	
25.7634	81712	572	417716	
25.7833	82063	628	417309	
25.803	82368	605	417027	
25.8235	82751	630	416619	
25.8429	83009	698	416293	
25.8609	83146	753	416101	
25.8773	83155	845	416000	
25.8934	83180	836	415984	
25.9087	83124	941	415935	
25.9235	83019	1006	415975	
25.9375	82927	1054	416019	
25.951	82702	1110	416188	
25.964	82504	1160	416336	
25.9772	82310	1169	416521	
25.9902	82055	1213	416732	
26.0027	81833	1239	416928	
26.0151	81499	1300	417201	
26.0271	81189	1328	417483	
26.0389	80879	1341	417780	
26.0508	80607	1302	418091	
26.0631	80272	1308	418420	
26.0747	80049	1324	418627	
26.0866	79748	1358	418894	
26.0984	79439	1360	419201	
26.1101	79183	1331	419486	
26.1218	78887	1334	419779	
26.1334	78525	1415	420060	
26.1447	78148	1403	420449	
26.1561	77869	1390	420741	
26.1677	77586	1346	421068	
26.1794	77221	1409	421370	
26.1908	76961	1352	421687	
26.2024	76706	1384	421910	
26.2144	76421	1320	422259	
26.2266	76238	1277	422485	
26.2394	76066	1200	422734	
26.2525	75927	1195	422878	
26.265	75649	1243	423108	
26.2781	75435	1196	423369	
26.2914	75308	1173	423519	
26.3045	75164	1100	423736	
26.3188	75150	1004	423846	
26.333	75054	1033	423913	
26.3477	74946	996	424058	
26.3623	74898	977	424125	
26.3777	74891	948	424161	
26.3938	75004	910	424086	
26.41	75123	821	424056	
26.4275	75235	815	423950	
26.445	75416	776	423808	
26.4621	75614	775	423611	
26.4789	75726	844	423430	
26.4949	75806	896	423298	
26.5108	75907	876	423217	
26.5268	75984	907	423109	
26.5427	76049	851	423100	
26.5589	76198	792	423010	
26.576	76370	765	422865	
26.5933	76568	731	422701	
26.612	76810	714	422476	
26.6306	77087	675	422238	
26.6494	77304	666	422030	
26.6687	77597	652	421751	
26.6884	77894	690	421416	
26.707	78299	623	421078	
26.7263	78669	587	420744	
26.7458	78916	668	420416	
26.764	79135	694	420171	
26.7824	79340	718	419942	
26.8002	79500	754	419746	
26.8181	79693	739	419568	
26.8353	79726	786	419488	
26.8519	79881	769	419350	
26.8684	79925	842	419233	
26.8845	79918	891	419191	
26.9	79913	924	419163	
26.9152	79928	941	419131	
26.9302	79830	983	419187	
26.9448	79710	1102	419188	
26.9582	79609	1045	419346	
26.9726	79501	1032	419467	
26.9869	79363	1052	419585	
27.0007	79333	1078	419589	
27.0145	79184	1090	419726	
27.0278	78934	1151	419915	
27.041	78706	1228	420066	
27.0539	78490	1239	420271	
27.0662	78165	1306	420529	
27.0784	77816	1367	420817	
27.09	77561	1342	421097	
27.102	77266	1358	421376	
27.1139	77030	1286	421684	
27.1261	76788	1274	421938	
27.1385	76558	1238	422204	
27.1516	76421	1163	422416	
27.1648	76275	1175	422550	
27.1782	76126	1160	422714	
27.1914	75990	1149	422861	
27.2047	75837	1103	423060	
27.2186	75773	1068	423159	
27.2327	75741	1062	423197	
27.2471	75671	1063	423266	
27.2611	75644	1053	423303	
27.275	75605	1067	423328	
27.289	75483	1058	423459	
27.3036	75453	949	423598	
27.3194	75514	901	423585	
27.3355	75534	908	423558	
27.3514	75544	905	423551	
27.3678	75629	875	423496	
27.3831	75676	891	423433	
27.3989	75760	899	423341	
27.4149	75872	854	423274	
27.4312	75958	858	423184	
27.4477	76053	883	423064	
27.4636	76127	866	423007	
27.4799	76198	828	422974	
27.4957	76286	861	422853	
27.5121	76450	829	422721	
27.5289	76659	749	422592	
27.5463	76966	692	422342	
27.5647	77198	698	422104	
27.5829	77401	729	421870	
27.6009	77547	751	421702	
27.6179	77697	786	421517	
27.6344	77810	844	421346	
27.6504	77782	908	421310	
27.6656	77774	932	421294	
27.6813	77792	916	421292	
27.6977	77870	879	421251	
27.7132	77904	927	421169	
27.7283	77829	962	421209	
27.7435	77749	950	421301	
27.7584	77773	1012	421215	
27.7732	77678	1015	421307	
27.7876	77612	996	421392	
27.8022	77500	1012	421488	
27.8167	77346	1055	421599	
27.8302	77172	1051	421777	
27.8443	77075	1004	421921	
27.859	76936	1074	421990	
27.8731	76842	1078	422080	
27.8865	76662	1137	422201	
27.8998	76493	1162	422345	
27.9127	76281	1201	422518	
27.926	76200	1116	422684	
27.9397	76058	1132	422810	
27.9533	75869	1146	422985	
27.967	75773	1022	423205	
27.9817	75747	1010	423243	
27.9962	75741	973	423286	
28.0113	75829	892	423279	
28.027	75878	919	423203	
28.0433	75958	890	423152	
28.0601	76016	842	423142	
28.0767	76080	857	423063	
28.0928	76169	855	422976	
28.1088	76250	854	422896	
28.1258	76354	837	422809	
28.1423	76386	901	422713	
28.1574	76356	927	422717	
28.1736	76431	878	422691	
28.1899	76472	903	422625	
28.2059	76453	925	422622	
28.2207	76474	921	422605	
28.2359	76512	877	422611	
28.2522	76628	845	422527	
28.2684	76760	808	422432	
28.2857	76901	759	422340	
28.3033	77146	694	422160	
28.322	77386	690	421924	
28.3408	77625	709	421666	
28.3586	77793	798	421409	
28.3762	77868	773	421359	
28.3937	78146	708	421146	
28.4111	78359	812	420829	
28.4281	78476	799	420725	
28.4447	78511	833	420656	
28.4605	78591	819	420590	
28.4773	78671	811	420518	
28.4945	78773	783	420444	
28.5115	78908	866	420226	
28.5267	78858	956	420186	
28.542	78859	929	420212	
28.5568	78741	1002	420257	
28.5704	78566	1072	420362	
28.5849	78509	1050	420441	
28.5988	78374	1085	420541	
28.6124	78194	1150	420656	
28.6254	78003	1174	420823	
28.6386	77859	1149	420992	
28.6519	77634	1154	421212	
28.6648	77443	1208	421349	
28.678	77308	1192	421500	
28.6906	77079	1250	421671	
28.7038	76927	1127	421946	
28.7171	76793	1070	422137	
28.7313	76681	1086	422233	
28.7453	76607	1083	422310	
28.7591	76505	1055	422440	
28.7733	76352	1069	422579	
28.7877	76271	1038	422691	
28.8018	76134	1053	422813	
28.8161	76032	1109	422859	
28.8294	75870	1126	423004	
28.8438	75846	993	423161	
28.8586	75883	936	423181	
28.8743	75970	857	423173	
28.8912	76027	844	423129	
28.9071	76105	870	423025	
28.9236	76168	830	423002	
28.9401	76277	860	422863	
28.9573	76437	821	422742	
28.974	76464	847	422689	
28.9903	76585	847	422568	
29.0066	76662	860	422478	
29.023	76724	846	422430	
29.0396	76841	827	422332	
29.0556	76846	882	422272	
29.071	76888	899	422213	
29.0863	76853	935	422212	
29.1017	76866	908	422226	
29.1177	76884	901	422215	
29.1333	76872	921	422207	
29.149	76889	931	422180	
29.1646	76983	850	422167	
29.1821	77085	780	422135	
29.1993	77270	793	421937	
29.216	77398	851	421751	
29.2326	77470	862	421668	
29.2482	77437	888	421675	
29.2642	77380	923	421697	
29.2789	77350	937	421713	
29.2941	77353	930	421717	
29.3095	77363	915	421722	
29.3248	77403	858	421739	
29.3414	77454	878	421668	
29.3572	77482	923	421595	
29.3725	77533	925	421542	
29.3871	77534	985	421481	
29.4017	77500	977	421523	
29.4166	77468	938	421594	
29.4322	77447	919	421634	
29.4481	77429	933	421638	
29.4639	77384	965	421651	
29.479	77425	897	421678	
29.4947	77441	897	421662	
29.5105	77477	875	421648	
29.5269	77566	867	421567	
29.5424	77556	910	421534	
29.5575	77560	952	421488	
29.5717	77465	1057	421478	
29.5859	77425	1016	421559	
29.6002	77270	1103	421627	
29.6141	77174	1099	421727	
29.6273	77012	1173	421815	
29.6407	76831	1198	421971	
29.6538	76626	1181	422193	
29.6665	76458	1168	422374	
29.6796	76272	1185	422543	
29.6929	76134	1205	422661	
29.7054	75943	1202	422855	
29.7184	75784	1243	422973	
29.7315	75647	1147	423206	
29.7448	75473	1131	423396	
29.7586	75421	1096	423483	
29.7726	75344	1045	423611	
29.7868	75225	1048	423727	
29.8009	75120	1074	423806	
29.8145	75004	1062	423934	
29.8286	74985	1003	424012	
29.8437	74956	979	424065	
29.8588	74992	948	424060	
29.8741	74945	975	424080	
29.8893	74977	937	424086	
29.905	75004	948	424048	
29.9199	75046	938	424016	
29.9355	75095	923	423982	
29.9512	75098	910	423992	
29.9671	75074	864	424062	
29.9831	75151	832	424017	
29.9991	75239	823	423938	
30.0152	75334	815	423851	
30.0321	75585	753	423662	
30.0498	75828	689	423483	
30.0678	76113	718	423169	
30.0861	76273	745	422982	
30.1034	76462	744	422794	
30.1217	76722	694	422584	
30.1403	76923	699	422378	
30.1589	77179	720	422101	
30.1763	77390	759	421851	
30.1938	77599	748	421653	
30.2118	77736	764	421500	
30.23	77872	758	421370	
30.248	78047	725	421228	
30.2657	78224	757	421019	
30.2833	78365	744	420891	
30.3009	78480	837	420683	
30.3171	78520	942	420538	
30.3315	78409	953	420638	
30.3463	78339	1005	420656	
30.3613	78250	1008	420742	
30.3764	78169	1007	420824	
30.3909	78111	1044	420845	
30.4046	77978	1084	420938	
30.4186	77799	1141	421060	
30.4315	77595	1170	421235	
30.4443	77351	1192	421457	
30.4575	77152	1136	421712	
30.471	77012	1133	421855	
30.4848	76954	1080	421966	
30.4984	76803	1072	422125	
30.5122	76619	1133	422248	
30.5266	76588	978	422434	
30.5413	76536	994	422470	
30.5553	76496	959	422545	
30.5701	76542	917	422541	
30.5861	76638	871	422491	
30.6019	76720	811	422469	
