4.423e-06	85866	1396	412738	
0.0095712	85960	1507	412533	
0.0189807	86113	1587	412300	
0.027868	86042	1689	412269	
0.0367909	86016	1725	412259	
0.0452165	85918	1866	412216	
0.0532704	85776	1996	412228	
0.0608416	85591	2131	412278	
0.0683905	85382	2230	412388	
0.0756402	85108	2327	412565	
0.0825184	84887	2372	412741	
0.0895971	84583	2433	412984	
0.096483	84216	2560	413224	
0.103201	83863	2641	413496	
0.109689	83500	2709	413791	
0.116087	83142	2770	414088	
0.122212	82771	2842	414387	
0.128477	82336	2922	414742	
0.134505	81969	2938	415093	
0.140272	81495	3099	415406	
0.145999	81044	3190	415766	
0.151642	80562	3274	416164	
0.15712	80049	3321	416630	
0.162549	79535	3442	417023	
0.167933	78940	3557	417503	
0.173268	78435	3600	417965	
0.178512	78033	3557	418410	
0.183682	77578	3626	418796	
0.188786	77015	3743	419242	
0.193682	76549	3780	419671	
0.198552	76020	3817	420163	
0.203502	75402	3876	420722	
0.208416	74905	3828	421267	
0.21342	74504	3762	421734	
0.218421	73977	3786	422237	
0.223375	73468	3795	422737	
0.228303	72935	3828	423237	
0.233231	72468	3780	423752	
0.238404	72038	3748	424214	
0.24359	71604	3682	424714	
0.248872	71181	3633	425186	
0.254041	70750	3561	425689	
0.25953	70350	3526	426124	
0.264955	69945	3426	426629	
0.270543	69603	3407	426990	
0.276304	69227	3372	427401	
0.282054	68866	3271	427863	
0.287972	68591	3079	428330	
0.294066	68276	3027	428697	
0.300171	68011	2941	429048	
0.306591	67755	2807	429438	
0.31323	67602	2755	429643	
0.320004	67465	2593	429942	
0.326909	67347	2471	430182	
0.334197	67192	2387	430421	
0.341574	67173	2256	430571	
0.349598	67157	2122	430721	
0.357694	67223	2043	430734	
0.366023	67275	1899	430826	
0.374725	67336	1857	430807	
0.383535	67567	1727	430706	
0.393113	67870	1543	430587	
0.403117	68188	1473	430339	
0.413363	68546	1362	430092	
0.42411	69025	1231	429744	
0.435466	69576	1145	429279	
0.447196	70164	1063	428773	
0.459593	70722	993	428285	
0.472174	71433	968	427599	
0.484898	72070	938	426992	
0.497371	72774	915	426311	
0.51033	73488	878	425634	
0.523379	74212	872	424916	
0.537021	74962	841	424197	
0.550352	75701	808	423491	
0.564073	76586	759	422655	
0.57807	77451	732	421817	
0.592108	78304	717	420979	
0.606245	79166	738	420096	
0.620852	80056	685	419259	
0.635111	80926	723	418351	
0.649627	81762	724	417514	
0.663937	82707	699	416594	
0.677666	83596	744	415660	
0.691441	84399	781	414820	
0.704994	85167	777	414056	
0.718818	85975	783	413242	
0.732334	86684	828	412488	
0.74572	87366	873	411761	
0.758473	87918	911	411171	
0.770834	88420	974	410606	
0.783303	88994	992	410014	
0.795519	89464	1089	409447	
0.806971	89805	1168	409027	
0.818053	90057	1251	408692	
0.828353	90303	1325	408372	
0.838203	90486	1393	408121	
0.84823	90592	1495	407913	
0.85773	90706	1569	407725	
0.866725	90747	1663	407590	
0.87557	90704	1775	407521	
0.883998	90616	1836	407548	
0.892345	90481	1952	407567	
0.900204	90370	2047	407583	
0.907517	90175	2157	407668	
0.914588	89927	2265	407808	
0.921789	89626	2395	407979	
0.928458	89322	2492	408186	
0.935047	88954	2561	408485	
0.941407	88534	2695	408771	
0.947655	88176	2768	409056	
0.953947	87790	2822	409388	
0.959883	87347	2918	409735	
0.965836	86906	3064	410030	
0.971532	86438	3204	410358	
0.976899	85952	3230	410818	
0.982316	85411	3342	411247	
0.987789	84859	3437	411704	
0.993039	84285	3570	412145	
0.997975	83762	3619	412619	
1.00286	83187	3685	413128	
1.00773	82632	3852	413516	
1.01256	82076	3925	413999	
1.01726	81481	3938	414581	
1.02187	80894	4028	415078	
1.02665	80280	4130	415590	
1.03117	79647	4222	416131	
1.03562	79055	4277	416668	
1.04029	78454	4269	417277	
1.04482	77797	4343	417860	
1.04927	77150	4421	418429	
1.05365	76525	4446	419029	
1.05807	75918	4501	419581	
1.06256	75380	4334	420286	
1.06706	74891	4264	420845	
1.0716	74325	4255	421420	
1.07616	73813	4177	422010	
1.08075	73326	4091	422583	
1.08552	72884	4047	423069	
1.09042	72414	3987	423599	
1.09552	71949	3950	424101	
1.10046	71457	3940	424603	
1.10565	70972	3874	425154	
1.11081	70546	3783	425671	
1.1162	70185	3643	426172	
1.12167	69849	3519	426632	
1.12717	69457	3447	427096	
1.13282	69151	3290	427559	
1.13882	68834	3188	427978	
1.14505	68634	3035	428331	
1.15165	68373	2935	428692	
1.158	68166	2787	429047	
1.16472	67993	2655	429352	
1.17192	67856	2493	429651	
1.17926	67715	2399	429886	
1.18681	67764	2189	430047	
1.19456	67714	2120	430166	
1.20257	67649	2111	430240	
1.21081	67672	2034	430294	
1.21918	67784	1923	430293	
1.22758	67753	1849	430398	
1.23634	67916	1774	430310	
1.2456	68106	1648	430246	
1.25526	68409	1551	430040	
1.26491	68688	1478	429834	
1.27523	69047	1329	429624	
1.28624	69566	1196	429238	
1.2976	70013	1150	428837	
1.30916	70512	1111	428377	
1.32112	71029	1084	427887	
1.33286	71574	1130	427296	
1.34394	72043	1100	426857	
1.35559	72602	1025	426373	
1.3675	73203	1004	425793	
1.37988	73904	930	425166	
1.39227	74540	953	424507	
1.40472	75237	908	423855	
1.41738	75879	913	423208	
1.43002	76467	912	422621	
1.44239	77125	879	421996	
1.45546	77753	927	421320	
1.46785	78315	966	420719	
1.48024	78904	918	420178	
1.49322	79567	881	419552	
1.50587	80143	910	418947	
1.51818	80683	972	418345	
1.53034	81243	994	417763	
1.54223	81694	1051	417255	
1.55404	82117	1095	416788	
1.56551	82580	1146	416274	
1.57639	82975	1189	415836	
1.58765	83296	1194	415510	
1.5986	83573	1239	415188	
1.60911	83736	1335	414929	
1.61928	83946	1358	414696	
1.62957	84234	1348	414418	
1.63951	84423	1374	414203	
1.64994	84622	1425	413953	
1.6599	84884	1464	413652	
1.66992	85103	1430	413467	
1.68025	85352	1468	413180	
1.69059	85519	1439	413042	
1.70023	85632	1500	412868	
1.7096	85773	1541	412686	
1.71867	85889	1524	412587	
1.72797	86072	1568	412360	
1.73713	86182	1632	412186	
1.74624	86128	1703	412169	
1.75507	86175	1755	412070	
1.76398	86254	1746	412000	
1.77245	86162	1791	412047	
1.78097	86154	1842	412004	
1.78941	86178	1796	412026	
1.79766	86119	1895	411986	
1.806	86059	1924	412017	
1.81415	86035	1968	411997	
1.82221	85956	1999	412045	
1.83013	85759	2068	412173	
1.83815	85645	2064	412291	
1.84584	85536	2140	412324	
1.85326	85199	2309	412492	
1.86069	85064	2299	412637	
1.86778	84839	2391	412770	
1.87476	84532	2476	412992	
1.88167	84313	2463	413224	
1.88864	83933	2592	413475	
1.89522	83652	2583	413765	
1.9019	83344	2616	414040	
1.90857	82978	2639	414383	
1.91535	82686	2649	414665	
1.92199	82494	2564	414942	
1.92877	82224	2569	415207	
1.93552	81905	2657	415438	
1.9422	81637	2679	415684	
1.94885	81398	2652	415950	
1.95547	81076	2680	416244	
1.962	80791	2667	416542	
1.96846	80465	2715	416820	
1.9748	80133	2730	417137	
1.98117	79855	2742	417403	
1.98741	79485	2803	417712	
1.9936	79145	2873	417982	
1.9998	78791	2860	418349	
2.00576	78499	2885	418616	
2.01185	78154	2881	418965	
2.018	77894	2815	419291	
2.02438	77561	2823	419616	
2.0306	77198	2861	419941	
2.03703	76886	2845	420269	
2.04317	76503	2947	420550	
2.04914	76158	2931	420911	
2.05535	75891	2915	421194	
2.0613	75528	2920	421552	
2.06743	75230	2876	421894	
2.07362	74862	2891	422247	
2.07974	74510	2904	422586	
2.08585	74167	2956	422877	
2.0922	73858	2946	423196	
2.09824	73607	2889	423504	
2.10476	73273	2911	423816	
2.11094	73011	2798	424191	
2.1175	72694	2765	424541	
2.12415	72377	2759	424864	
2.13076	72134	2710	425156	
2.13758	71950	2615	425435	
2.14442	71731	2518	425751	
2.15142	71606	2431	425963	
2.15882	71437	2309	426254	
2.16628	71328	2244	426428	
2.17399	71313	2243	426444	
2.18159	71348	2118	426534	
2.18959	71253	2085	426662	
2.19745	71219	2047	426734	
2.2051	71211	1984	426805	
2.21324	71306	1859	426835	
2.22152	71363	1810	426827	
2.2304	71477	1737	426786	
2.23901	71595	1755	426650	
2.24803	71770	1728	426502	
2.25736	71904	1663	426433	
2.26648	72027	1629	426344	
2.27598	72238	1596	426166	
2.28586	72509	1479	426012	
2.29606	72800	1403	425797	
2.30647	73080	1376	425544	
2.3172	73438	1367	425195	
2.3275	73794	1332	424874	
2.33784	74041	1323	424636	
2.34825	74348	1302	424350	
2.3586	74691	1329	423980	
2.36928	75040	1311	423649	
2.37978	75319	1307	423374	
2.38986	75671	1337	422992	
2.40084	75998	1309	422693	
2.4116	76342	1289	422369	
2.42238	76781	1241	421978	
2.43326	77108	1264	421628	
2.44443	77500	1268	421232	
2.45558	77922	1245	420833	
2.46701	78320	1174	420506	
2.47795	78644	1185	420171	
2.48898	79010	1214	419776	
2.5001	79424	1198	419378	
2.51116	79753	1226	419021	
2.52207	80050	1264	418686	
2.5326	80330	1312	418358	
2.54344	80542	1334	418124	
2.55379	80752	1357	417891	
2.5642	80994	1349	417657	
2.57429	81287	1311	417402	
2.58429	81497	1373	417130	
2.59442	81773	1387	416840	
2.60475	82061	1386	416553	
2.61477	82363	1387	416250	
2.62478	82579	1398	416023	
2.63487	82786	1400	415814	
2.64519	82966	1420	415614	
2.6555	83174	1438	415388	
2.66552	83400	1438	415162	
2.67522	83597	1526	414877	
2.6849	83734	1497	414769	
2.69484	83934	1477	414589	
2.70481	84117	1476	414407	
2.71446	84268	1551	414181	
2.7239	84379	1616	414005	
2.73344	84480	1635	413885	
2.74235	84605	1654	413741	
2.75117	84688	1685	413627	
2.76014	84722	1745	413533	
2.76884	84770	1774	413456	
2.77737	84758	1770	413472	
2.78575	84695	1892	413413	
2.79392	84615	1982	413403	
2.8019	84431	2076	413493	
2.80951	84270	2175	413555	
2.817	84055	2235	413710	
2.82427	83899	2222	413879	
2.83176	83769	2208	414023	
2.83932	83657	2176	414167	
2.84713	83490	2239	414271	
2.85448	83297	2276	414427	
2.86183	83104	2238	414658	
2.86904	82963	2243	414794	
2.87633	82818	2211	414971	
2.8837	82627	2259	415114	
2.89111	82477	2333	415190	
2.89827	82301	2300	415399	
2.90572	82176	2285	415539	
2.91299	81975	2326	415699	
2.92016	81786	2364	415850	
2.92724	81595	2370	416035	
2.93433	81353	2409	416238	
2.94139	81087	2448	416465	
2.9484	80914	2415	416671	
2.95513	80687	2397	416916	
2.96216	80407	2419	417174	
2.96923	80165	2446	417389	
2.97603	79878	2521	417601	
2.98271	79633	2473	417894	
2.98976	79450	2481	418069	
2.99672	79219	2510	418271	
3.00337	79002	2490	418508	
3.01027	78773	2491	418736	
3.01696	78505	2501	418994	
3.02388	78392	2405	419203	
3.03111	78159	2405	419436	
3.03808	77892	2407	419701	
3.04522	77698	2365	419937	
3.05254	77556	2372	420072	
3.05948	77336	2424	420240	
3.06641	77121	2385	420494	
3.07354	76898	2326	420776	
3.08055	76705	2351	420944	
3.088	76549	2338	421113	
3.09517	76374	2393	421233	
3.10199	76137	2431	421432	
3.10917	75939	2424	421637	
3.1161	75786	2444	421770	
3.1231	75622	2423	421955	
3.13033	75423	2373	422204	
3.13763	75282	2318	422400	
3.14491	75154	2330	422516	
3.15214	74885	2417	422698	
3.15907	74710	2406	422884	
3.1661	74462	2406	423132	
3.1731	74235	2424	423341	
3.18017	74084	2380	423536	
3.18745	73971	2323	423706	
3.19472	73871	2264	423865	
3.20232	73804	2229	423967	
3.20999	73726	2153	424121	
3.21771	73666	2125	424209	
3.22553	73642	2163	424195	
3.23346	73555	2114	424331	
3.24094	73427	2108	424465	
3.24899	73352	2056	424592	
3.25705	73378	2051	424571	
3.26493	73374	2007	424619	
3.27299	73334	1978	424688	
3.28124	73321	1931	424748	
3.2898	73408	1915	424677	
3.29816	73406	1912	424682	
3.3067	73469	1872	424659	
3.31533	73484	1883	424633	
3.32399	73524	1847	424629	
3.3325	73590	1828	424582	
3.34109	73650	1857	424493	
3.34994	73733	1816	424451	
3.35896	73795	1844	424361	
3.36731	73868	1868	424264	
3.37575	73886	1900	424214	
3.38399	73947	1849	424204	
3.39225	73999	1852	424149	
3.40085	73976	1840	424184	
3.40943	73976	1854	424170	
3.41817	74032	1834	424134	
3.42695	74161	1764	424075	
3.43567	74250	1786	423964	
3.44478	74463	1695	423842	
3.45393	74545	1674	423781	
3.46277	74646	1639	423715	
3.47244	74827	1591	423582	
3.48204	75021	1574	423405	
3.49177	75223	1541	423236	
3.50095	75430	1552	423018	
3.51044	75660	1484	422856	
3.52029	75910	1502	422588	
3.52998	76137	1524	422339	
3.53998	76315	1512	422173	
3.54975	76629	1474	421897	
3.55971	76854	1455	421691	
3.56968	77196	1370	421434	
3.58043	77557	1322	421121	
3.59109	77897	1310	420793	
3.60132	78221	1360	420419	
3.61217	78636	1282	420082	
3.62314	78995	1301	419704	
3.63398	79317	1295	419388	
3.6444	79629	1285	419086	
3.65525	80002	1234	418764	
3.66673	80385	1187	418428	
3.67827	80786	1176	418038	
3.68933	81160	1195	417645	
3.70034	81569	1150	417281	
3.71135	82057	1109	416834	
3.72292	82498	1117	416385	
3.7342	82909	1125	415966	
3.74571	83282	1161	415557	
3.75661	83715	1176	415109	
3.7676	84148	1128	414724	
3.77886	84640	1118	414242	
3.79018	85064	1118	413818	
3.80214	85460	1174	413366	
3.81346	85847	1176	412977	
3.82481	86233	1222	412545	
3.83558	86538	1319	412143	
3.84585	86842	1352	411806	
3.85592	87043	1462	411495	
3.86562	87152	1567	411281	
3.87481	87252	1600	411148	
3.8838	87278	1664	411058	
3.8929	87303	1724	410973	
3.90162	87320	1749	410931	
3.91	87301	1864	410835	
3.91818	87190	1938	410872	
3.9264	87032	2019	410949	
3.93418	86846	2111	411043	
3.94164	86698	2148	411154	
3.9492	86475	2242	411283	
3.95604	86251	2329	411420	
3.96338	86077	2340	411583	
3.97022	85791	2404	411805	
3.97728	85472	2420	412108	
3.98389	85191	2543	412266	
3.99055	84917	2559	412524	
3.99728	84568	2620	412812	
4.00368	84298	2658	413044	
4.00989	83898	2791	413311	
4.01613	83505	2868	413627	
4.02206	83137	2940	413923	
4.02798	82664	3105	414231	
4.03368	82226	3176	414598	
4.03933	81791	3298	414911	
4.04492	81324	3304	415372	
4.05042	80911	3343	415746	
4.05565	80351	3436	416213	
4.06095	79855	3491	416654	
4.06603	79365	3534	417101	
4.07127	78818	3574	417608	
4.07648	78327	3523	418150	
4.08147	77836	3586	418578	
4.08649	77375	3601	419024	
4.09182	76918	3605	419477	
4.097	76447	3628	419925	
4.10222	75981	3623	420396	
4.10726	75453	3631	420916	
4.11243	74982	3588	421430	
4.11783	74535	3596	421869	
4.12317	74133	3583	422284	
4.12849	73666	3541	422793	
4.13402	73293	3425	423282	
4.13949	72883	3392	423725	
4.14528	72512	3317	424171	
4.15092	72132	3320	424548	
4.15649	71762	3261	424977	
4.16229	71464	3169	425367	
4.16813	71100	3128	425772	
4.17404	70768	3074	426158	
4.18011	70497	2970	426533	
4.18646	70261	2868	426871	
4.19293	70023	2821	427156	
4.19936	69792	2775	427433	
4.20576	69544	2712	427744	
4.21265	69361	2594	428045	
4.21991	69277	2458	428265	
4.2269	69072	2399	428529	
4.23428	68948	2397	428655	
4.24164	68788	2371	428841	
4.24921	68702	2311	428987	
4.2566	68652	2251	429097	
4.26397	68587	2263	429150	
4.27148	68502	2171	429327	
4.27907	68478	2110	429412	
4.28753	68413	2080	429507	
4.29593	68401	1971	429628	
4.30452	68417	1926	429657	
4.31284	68421	1890	429689	
4.32133	68495	1834	429671	
4.32986	68599	1793	429608	
4.33872	68795	1697	429508	
4.34782	69060	1655	429285	
4.3571	69275	1617	429108	
4.36698	69585	1515	428900	
4.37725	69952	1377	428671	
4.38824	70328	1350	428322	
4.3989	70769	1295	427936	
4.40942	71143	1278	427579	
4.42049	71602	1247	427151	
4.43201	72089	1127	426784	
4.44402	72692	1066	426242	
4.45607	73192	1088	425720	
4.46818	73846	1018	425136	
4.48075	74539	969	424492	
4.4931	75210	940	423850	
4.50628	75800	935	423265	
4.5192	76455	896	422649	
4.53216	77045	903	422052	
4.54532	77767	850	421383	
4.55865	78591	812	420597	
4.57199	79379	837	419784	
4.58557	80185	862	418953	
4.59835	80860	876	418264	
4.61152	81535	875	417590	
4.62431	82171	853	416976	
4.63741	82881	923	416196	
4.65027	83484	916	415600	
4.66336	84045	972	414983	
4.67578	84611	982	414407	
4.688	85147	998	413855	
4.69981	85605	1077	413318	
4.71172	86062	1095	412843	
4.72346	86519	1080	412401	
4.7352	86962	1138	411900	
4.74605	87210	1232	411558	
4.75702	87472	1277	411251	
4.76735	87768	1281	410951	
4.77767	88039	1353	410608	
4.78737	88138	1475	410387	
4.79664	88181	1586	410233	
4.80581	88195	1695	410110	
4.81446	88198	1796	410006	
4.82273	88021	1933	410046	
4.83062	87924	2003	410073	
4.83839	87714	2113	410173	
4.84585	87490	2170	410340	
4.85306	87305	2221	410474	
4.86033	87104	2247	410649	
4.8677	86826	2247	410927	
4.87489	86566	2358	411076	
4.88172	86315	2478	411207	
4.88852	86028	2616	411356	
4.8952	85721	2584	411695	
4.90174	85417	2600	411983	
4.90843	84992	2723	412285	
4.91489	84648	2780	412572	
4.92086	84278	2856	412866	
4.92659	83854	2935	413211	
4.93251	83477	2986	413537	
4.93853	83162	2925	413913	
4.94474	82777	2995	414228	
4.95082	82362	2978	414660	
4.95668	82014	3016	414970	
4.96261	81664	2980	415356	
4.96859	81273	2993	415734	
4.97452	80899	3044	416057	
4.98042	80492	3062	416446	
4.98626	80126	3001	416873	
4.99243	79741	3029	417230	
4.99838	79411	3028	417561	
5.00434	79100	2977	417923	
5.01025	78685	2990	418325	
5.01641	78254	3086	418660	
5.02215	77848	3054	419098	
5.02813	77454	3097	419449	
5.03414	77070	3108	419822	
5.0401	76671	3083	420246	
5.04619	76352	3057	420591	
5.05237	75986	2996	421018	
5.05855	75669	2924	421407	
5.06464	75357	2881	421762	
5.07104	75147	2859	421994	
5.07746	74907	2789	422304	
5.08416	74653	2732	422615	
5.09096	74421	2685	422894	
5.09759	74251	2577	423172	
5.10443	73940	2562	423498	
5.11148	73676	2567	423757	
5.11829	73492	2550	423958	
5.12519	73308	2536	424156	
5.13205	73132	2482	424386	
5.13921	72963	2402	424635	
5.14681	72780	2404	424816	
5.1542	72598	2401	425001	
5.16139	72444	2390	425166	
5.16846	72230	2397	425373	
5.17624	72092	2285	425623	
5.18367	72022	2274	425704	
5.19111	71905	2249	425846	
5.19865	71790	2277	425933	
5.20617	71641	2259	426100	
5.21364	71536	2285	426179	
5.22126	71539	2158	426303	
5.22905	71465	2122	426413	
5.23698	71398	2075	426527	
5.24504	71347	2005	426648	
5.25326	71432	1933	426635	
5.26164	71476	1880	426644	
5.27071	71526	1815	426659	
5.27943	71589	1763	426648	
5.28871	71738	1704	426558	
5.29743	71853	1701	426446	
5.30656	72004	1698	426298	
5.31583	72125	1617	426258	
5.32523	72301	1555	426144	
5.33477	72477	1592	425931	
5.34409	72654	1552	425794	
5.35374	72860	1532	425608	
5.36369	73141	1437	425422	
5.37383	73475	1377	425148	
5.3842	73759	1363	424878	
5.39483	74060	1324	424616	
5.40527	74404	1289	424307	
5.4163	74822	1256	423922	
5.42717	75197	1246	423557	
5.43813	75607	1181	423212	
5.44925	76065	1188	422747	
5.46026	76414	1251	422335	
5.47097	76819	1238	421943	
5.48194	77263	1246	421491	
5.49239	77657	1246	421097	
5.50323	78022	1277	420701	
5.51417	78336	1332	420332	
5.52444	78571	1362	420067	
5.53492	78808	1424	419768	
5.5448	79024	1432	419544	
5.55566	79343	1339	419318	
5.56607	79676	1317	419007	
5.57672	80080	1270	418650	
5.58718	80444	1282	418274	
5.59813	80799	1210	417991	
5.60909	81205	1192	417603	
5.62002	81570	1238	417192	
5.63097	81955	1193	416852	
5.64183	82343	1226	416431	
5.65267	82607	1276	416117	
5.66313	82864	1316	415820	
5.67346	83135	1325	415540	
5.68405	83410	1305	415285	
5.69441	83751	1249	415000	
5.70528	84093	1275	414632	
5.71594	84380	1312	414308	
5.72641	84595	1358	414047	
5.73666	84740	1451	413809	
5.74624	84908	1513	413579	
5.75571	85008	1540	413452	
5.76491	85119	1596	413285	
5.77391	85207	1620	413173	
5.78358	85321	1619	413060	
5.79286	85352	1685	412963	
5.80156	85421	1756	412823	
5.8104	85369	1769	412862	
5.81881	85351	1831	412818	
5.82694	85277	1903	412820	
5.8351	85207	1916	412877	
5.84309	85055	1988	412957	
5.8509	84907	2103	412990	
5.8585	84741	2128	413131	
5.8661	84501	2208	413291	
5.8735	84410	2155	413435	
5.88102	84221	2229	413550	
5.88822	84011	2348	413641	
5.89515	83776	2352	413872	
5.90205	83515	2432	414053	
5.90899	83258	2423	414319	
5.916	82970	2470	414560	
5.92294	82701	2518	414781	
5.92968	82459	2560	414981	
5.93636	82152	2537	415311	
5.94301	81824	2601	415575	
5.94947	81459	2688	415853	
5.95576	81205	2703	416092	
5.96213	80928	2722	416350	
5.96869	80604	2808	416588	
5.97491	80244	2768	416988	
5.98117	79976	2724	417300	
5.98752	79629	2643	417728	
5.99399	79304	2647	418049	
6.0009	79001	2682	418317	
6.00769	78752	2699	418549	
6.01424	78494	2710	418796	
6.02047	78178	2759	419063	
6.02708	77856	2778	419366	
6.03373	77561	2692	419747	
6.04022	77244	2770	419986	
6.04657	76907	2756	420337	
6.05305	76562	2806	420632	
6.05952	76274	2733	420993	
6.06589	75917	2843	421240	
6.07234	75711	2687	421602	
6.07898	75427	2648	421925	
6.08555	75129	2700	422171	
6.09203	74873	2674	422453	
6.09857	74588	2694	422718	
6.1052	74285	2702	423013	
6.11171	74049	2660	423291	
6.1186	73844	2580	423576	
6.12531	73650	2562	423788	
6.13185	73401	2576	424023	
6.1384	73210	2603	424187	
6.14517	73076	2534	424390	
6.15201	72908	2512	424580	
6.15913	72792	2419	424789	
6.16635	72608	2339	425053	
6.17377	72431	2275	425294	
6.18141	72342	2260	425398	
6.18894	72208	2194	425598	
6.19646	72041	2275	425684	
6.20401	71944	2174	425882	
6.21206	71907	2058	426035	
6.22027	71824	2067	426109	
6.22846	71832	1972	426196	
6.23645	71813	1976	426211	
6.24496	71791	1956	426253	
6.25322	71815	1943	426242	
6.26173	71815	1867	426318	
6.27057	71878	1788	426334	
6.27958	72003	1726	426271	
6.28852	72143	1622	426235	
6.2982	72263	1606	426131	
6.30756	72408	1600	425992	
6.31716	72606	1566	425828	
6.32635	72762	1556	425682	
6.33581	73019	1521	425460	
6.3456	73215	1518	425267	
6.35513	73560	1427	425013	
6.36508	73852	1430	424718	
6.37516	74189	1376	424435	
6.38577	74484	1385	424131	
6.39597	74806	1316	423878	
6.4067	75213	1260	423527	
6.41789	75618	1235	423147	
6.42874	76033	1226	422741	
6.43971	76457	1175	422368	
6.45125	76866	1184	421950	
6.46255	77327	1170	421503	
6.47365	77711	1238	421051	
6.4848	78062	1252	420686	
6.49539	78315	1333	420352	
6.50546	78606	1347	420047	
6.51607	78907	1281	419812	
6.52644	79143	1345	419512	
6.53702	79409	1370	419221	
6.54715	79800	1325	418875	
6.55774	80156	1311	418533	
6.56842	80449	1270	418281	
6.57913	80843	1231	417926	
6.59	81132	1279	417589	
6.60051	81380	1328	417292	
6.61076	81653	1342	417005	
6.62148	81956	1335	416709	
6.63153	82190	1334	416476	
6.6419	82402	1425	416173	
6.65202	82636	1412	415952	
6.66232	82840	1420	415740	
6.67245	83077	1395	415528	
6.68277	83370	1384	415246	
6.69314	83620	1408	414972	
6.70303	83794	1434	414772	
6.71286	83993	1434	414573	
6.72279	84081	1434	414485	
6.7326	84242	1519	414239	
6.74212	84380	1539	414081	
6.75158	84547	1543	413910	
6.76122	84702	1583	413715	
6.77058	84842	1545	413613	
6.77963	84907	1600	413493	
6.78901	84980	1633	413387	
6.79833	85113	1567	413320	
6.80732	85277	1553	413170	
6.8167	85411	1563	413026	
6.82639	85549	1553	412898	
6.83568	85632	1668	412700	
6.84442	85738	1665	412597	
6.8533	85763	1716	412521	
6.86187	85768	1807	412425	
6.87023	85766	1819	412415	
6.87885	85758	1831	412411	
6.8868	85644	1929	412427	
6.89493	85501	2052	412447	
6.90255	85340	2145	412515	
6.91017	85185	2190	412625	
6.91755	85034	2218	412748	
6.92489	84762	2308	412930	
6.93195	84512	2378	413110	
6.93885	84340	2391	413269	
6.94616	83999	2475	413526	
6.95273	83672	2591	413737	
6.9594	83365	2676	413959	
6.96576	83085	2695	414220	
6.97214	82779	2730	414491	
6.97835	82435	2826	414739	
6.98448	82097	2805	415098	
6.99074	81750	2892	415358	
6.99701	81349	2982	415669	
7.00293	81017	2967	416016	
7.00889	80620	3022	416358	
7.01476	80147	3130	416723	
7.02044	79701	3163	417136	
7.02611	79274	3239	417487	
7.03172	78772	3261	417967	
7.03733	78369	3301	418330	
7.04287	77931	3342	418727	
7.04818	77517	3377	419106	
7.05374	77126	3273	419601	
7.05919	76768	3256	419976	
7.06499	76394	3208	420398	
7.07086	76027	3116	420857	
7.07683	75649	3115	421236	
7.0828	75266	3073	421661	
7.08881	74932	3074	421994	
7.09476	74550	3072	422378	
7.1007	74170	3042	422788	
7.10674	73828	3017	423155	
7.11298	73530	2940	423530	
7.11927	73266	2819	423915	
7.12571	73039	2819	424142	
7.13236	72787	2719	424494	
7.13896	72476	2644	424880	
7.14602	72273	2518	425209	
7.1531	72072	2508	425420	
7.1602	71867	2398	425735	
7.16725	71638	2399	425963	
7.17433	71500	2350	426150	
7.182	71421	2309	426270	
7.18916	71277	2245	426478	
7.19704	71244	2184	426572	
7.20503	71207	2089	426704	
7.21298	71197	2045	426758	
7.22105	71256	1953	426791	
7.22947	71389	1863	426748	
7.23807	71456	1800	426744	
7.24679	71647	1699	426654	
7.25578	71821	1671	426508	
7.26508	71953	1625	426422	
7.27489	72135	1572	426293	
7.28443	72286	1593	426121	
7.29354	72444	1597	425959	
7.30305	72678	1590	425732	
7.31219	72824	1549	425627	
7.32169	72956	1527	425517	
7.33128	73116	1533	425351	
7.34124	73308	1526	425166	
7.35105	73613	1509	424878	
7.36056	73854	1518	424628	
7.36989	74117	1468	424415	
7.38004	74318	1506	424176	
7.38928	74502	1491	424007	
7.39903	74748	1448	423804	
7.4091	74963	1410	423627	
7.41935	75145	1480	423375	
7.4293	75308	1510	423182	
7.43925	75484	1493	423023	
7.44903	75677	1490	422833	
7.45888	75921	1424	422655	
7.46856	76102	1469	422429	
7.47848	76354	1474	422172	
7.48821	76519	1512	421969	
7.4984	76720	1505	421775	
7.50799	76938	1473	421589	
7.51777	77202	1472	421326	
7.52777	77493	1402	421105	
7.5382	77789	1349	420862	
7.54911	78061	1320	420619	
7.55959	78251	1407	420342	
7.56949	78494	1394	420112	
7.57979	78800	1366	419834	
7.59036	79105	1340	419555	
7.60106	79423	1258	419319	
7.61196	79805	1180	419015	
7.62299	80229	1147	418624	
7.63459	80620	1132	418248	
7.64622	81037	1164	417799	
7.65801	81510	1117	417373	
7.66954	81901	1186	416913	
7.68032	82259	1195	416546	
7.6913	82620	1249	416131	
7.70199	82969	1264	415767	
7.71245	83228	1336	415436	
7.72288	83481	1408	415111	
7.7333	83679	1413	414908	
7.7434	83865	1448	414687	
7.75322	84076	1484	414440	
7.76327	84321	1455	414224	
7.77323	84545	1450	414005	
7.78295	84672	1498	413830	
7.79289	84798	1536	413666	
7.80247	84862	1581	413557	
7.81186	85012	1604	413384	
7.82074	85058	1691	413251	
7.82947	85099	1770	413131	
7.83848	85146	1750	413104	
7.84702	85115	1808	413077	
7.85554	85058	1855	413087	
7.86373	85003	1874	413123	
7.87207	84907	1906	413187	
7.8801	84828	1991	413181	
7.88804	84698	2028	413274	
7.89579	84535	2101	413364	
7.90336	84324	2210	413466	
7.9108	84091	2285	413624	
7.91789	83888	2315	413797	
7.92491	83669	2332	413999	
7.93213	83414	2418	414168	
7.93931	83262	2352	414386	
7.94649	83005	2451	414544	
7.95333	82777	2441	414782	
7.96035	82582	2482	414936	
7.96736	82292	2458	415250	
7.97422	82051	2522	415427	
7.9811	81720	2523	415757	
7.98775	81423	2537	416040	
7.99442	81203	2526	416271	
8.00129	80932	2545	416523	
8.00794	80605	2613	416782	
8.01453	80290	2660	417050	
8.02086	79966	2710	417324	
8.02731	79723	2709	417568	
8.03357	79363	2819	417818	
8.03978	79027	2833	418140	
8.04605	78664	2895	418441	
8.0521	78340	2900	418760	
8.05802	77968	2950	419082	
8.06418	77656	2940	419404	
8.07048	77307	2980	419713	
8.0765	76943	2987	420070	
8.08252	76604	3019	420377	
8.08859	76264	3029	420707	
8.09459	75879	3012	421109	
8.10058	75524	3034	421442	
8.10678	75248	2922	421830	
8.11286	74961	2805	422234	
8.11907	74670	2831	422499	
8.12556	74333	2787	422880	
8.13189	74012	2834	423154	
8.13832	73746	2786	423468	
8.14495	73508	2706	423786	
8.15146	73285	2707	424008	
8.15796	73100	2683	424217	
8.16455	72853	2684	424463	
8.171	72612	2652	424736	
8.17776	72337	2640	425023	
8.18476	72074	2640	425286	
8.19151	71876	2606	425518	
8.19833	71683	2553	425764	
8.20522	71457	2494	426049	
8.21236	71239	2515	426246	
8.21938	71029	2514	426457	
8.2265	70996	2387	426617	
8.234	70871	2318	426811	
8.24159	70803	2225	426972	
8.24909	70688	2199	427113	
8.25673	70673	2168	427159	
8.26446	70644	2084	427272	
8.27248	70623	2017	427360	
8.28069	70686	1908	427406	
8.28921	70854	1784	427362	
8.29826	70996	1709	427295	
8.30707	71109	1647	427244	
8.31652	71300	1573	427127	
8.32612	71447	1635	426918	
8.3354	71642	1607	426751	
8.34507	71870	1453	426677	
8.35548	72236	1380	426384	
8.36583	72569	1352	426079	
8.37616	72938	1393	425669	
8.38665	73153	1406	425441	
8.39716	73539	1362	425099	
8.4074	73932	1313	424755	
8.41796	74253	1321	424426	
8.42912	74615	1280	424105	
8.44005	75032	1213	423755	
8.4507	75410	1206	423384	
8.46146	75803	1235	422962	
8.47245	76142	1243	422615	
8.48326	76461	1267	422272	
8.49403	76780	1279	421941	
8.50457	77154	1262	421584	
8.51525	77488	1256	421256	
8.52631	77805	1290	420905	
8.53698	78180	1286	420534	
8.54764	78543	1288	420169	
8.55821	78929	1289	419782	
8.56874	79285	1260	419455	
8.57971	79684	1205	419111	
8.59034	80027	1244	418729	
8.60102	80366	1270	418364	
8.61177	80830	1172	417998	
8.62302	81215	1247	417538	
8.63345	81482	1288	417230	
8.64463	81869	1269	416862	
8.6555	82263	1251	416486	
8.66635	82686	1232	416082	
8.6776	83141	1248	415611	
8.68812	83508	1239	415253	
8.69951	83893	1224	414883	
8.71026	84238	1274	414488	
8.72107	84497	1346	414157	
8.73125	84653	1414	413933	
8.7409	84734	1455	413811	
8.7508	84868	1486	413646	
8.76013	84936	1595	413469	
8.76938	85059	1642	413299	
8.77836	85168	1696	413136	
8.78764	85254	1685	413061	
8.79656	85259	1773	412968	
8.80516	85258	1834	412908	
8.81392	85229	1810	412961	
8.82224	85199	1851	412950	
8.8307	85155	1815	413030	
8.83917	85164	1892	412944	
8.84723	85131	1879	412990	
8.85564	85079	1922	412999	
8.86379	84916	2010	413074	
8.87183	84902	2016	413082	
8.87981	84718	2131	413151	
8.88732	84520	2205	413275	
8.89497	84383	2265	413352	
8.90234	84199	2281	413520	
8.90957	84008	2272	413720	
8.9167	83762	2346	413892	
8.92367	83508	2406	414086	
8.93083	83351	2353	414296	
8.93801	83204	2307	414489	
8.94512	82989	2373	414638	
8.95198	82737	2426	414837	
8.95867	82493	2454	415053	
8.96564	82250	2501	415249	
8.97249	82076	2497	415427	
8.97924	81799	2516	415685	
8.98605	81512	2579	415909	
8.99284	81204	2660	416136	
8.999	80833	2762	416405	
9.00535	80506	2737	416757	
9.01157	80214	2753	417033	
9.01803	79884	2794	417322	
9.02427	79574	2804	417622	
9.03066	79266	2768	417966	
9.03693	78936	2761	418303	
9.04325	78680	2723	418597	
9.04973	78473	2662	418865	
9.05628	78224	2619	419157	
9.06278	77951	2660	419389	
9.06935	77635	2709	419656	
9.07579	77350	2744	419906	
9.08226	77120	2693	420187	
9.0887	76808	2761	420431	
9.09511	76486	2813	420701	
9.10137	76156	2809	421035	
9.10765	75852	2753	421395	
9.11387	75613	2687	421700	
9.12047	75357	2676	421967	
9.12685	75086	2710	422204	
9.13348	74774	2730	422496	
9.13999	74522	2729	422749	
9.14637	74247	2675	423078	
9.15288	74019	2650	423331	
9.15977	73791	2616	423593	
9.16676	73565	2605	423830	
9.17363	73315	2576	424109	
9.18024	73028	2609	424363	
9.18671	72875	2518	424607	
9.1939	72726	2398	424876	
9.20113	72556	2383	425061	
9.2083	72373	2379	425248	
9.21569	72239	2289	425472	
9.22314	72130	2278	425592	
9.23061	72068	2239	425693	
9.23831	71979	2188	425833	
9.24604	71873	2168	425959	
9.25365	71846	2062	426092	
9.26169	71777	2028	426195	
9.26975	71825	1952	426223	
9.27837	71936	1903	426161	
9.28699	71987	1860	426153	
9.29513	72075	1812	426113	
9.30404	72133	1740	426127	
9.31294	72186	1741	426073	
9.32213	72353	1649	425998	
9.33155	72518	1600	425882	
9.34115	72731	1581	425688	
9.35068	72906	1533	425561	
9.36049	73068	1538	425394	
9.37022	73304	1557	425139	
9.38	73521	1551	424928	
9.38964	73711	1545	424744	
9.3991	73853	1581	424566	
9.40878	74013	1560	424427	
9.41841	74171	1516	424313	
9.42825	74458	1421	424121	
9.43843	74789	1358	423853	
9.44914	75116	1288	423596	
9.45964	75464	1296	423240	
9.47009	75748	1303	422949	
9.48092	76156	1266	422578	
9.49146	76520	1254	422226	
9.50249	76890	1254	421856	
9.51345	77300	1258	421442	
9.52427	77624	1272	421104	
9.53505	77887	1306	420807	
9.5452	78197	1348	420455	
9.55564	78548	1341	420111	
9.56596	78903	1329	419768	
9.57651	79206	1361	419433	
9.58694	79571	1320	419109	
9.5973	79893	1257	418850	
9.60834	80314	1284	418402	
9.61893	80655	1300	418045	
9.62918	80902	1282	417816	
9.63945	81227	1363	417410	
9.64933	81457	1436	417107	
9.65937	81565	1447	416988	
9.66923	81749	1456	416795	
9.67876	81857	1515	416628	
9.68824	81998	1502	416500	
9.69783	82222	1425	416353	
9.70759	82415	1446	416139	
9.71725	82538	1553	415909	
9.72658	82677	1511	415812	
9.73604	82774	1514	415712	
9.74566	82974	1545	415481	
9.75512	83066	1579	415355	
9.76435	83180	1638	415182	
9.77345	83267	1604	415129	
9.78291	83316	1649	415035	
9.79212	83393	1680	414927	
9.80119	83425	1765	414810	
9.81021	83423	1798	414779	
9.81899	83440	1814	414746	
9.82743	83341	1882	414777	
9.83562	83210	1975	414815	
9.84371	83159	1971	414870	
9.8516	83096	2054	414850	
9.85934	82889	2101	415010	
9.86705	82690	2174	415136	
9.87445	82527	2178	415295	
9.88224	82381	2196	415423	
9.8897	82213	2180	415607	
9.89732	82097	2159	415744	
9.90486	81954	2231	415815	
9.91246	81776	2253	415971	
9.92013	81568	2305	416127	
9.92726	81347	2359	416294	
9.93467	81206	2262	416532	
9.942	80984	2297	416719	
9.94935	80780	2323	416897	
9.95648	80557	2360	417083	
9.96366	80324	2351	417325	
9.97063	80109	2405	417486	
9.97754	79886	2415	417699	
9.98449	79679	2396	417925	
9.99151	79443	2402	418155	
9.99868	79204	2450	418346	
10.0055	79008	2433	418559	
10.0125	78769	2433	418798	
10.0196	78614	2334	419052	
10.0266	78496	2284	419220	
10.0341	78392	2248	419360	
10.0415	78237	2284	419479	
10.0489	78086	2321	419593	
10.0559	77936	2356	419708	
10.0632	77664	2398	419938	
10.0703	77535	2280	420185	
10.0776	77367	2237	420396	
10.0848	77254	2210	420536	
10.0923	77148	2163	420689	
10.1	76903	2283	420814	
10.1072	76739	2304	420957	
10.1144	76626	2316	421058	
10.1217	76472	2269	421259	
10.1292	76363	2234	421403	
10.1366	76214	2270	421516	
10.1438	76017	2291	421692	
10.1509	75856	2306	421838	
10.158	75741	2259	422000	
10.1653	75565	2295	422140	
10.1727	75392	2241	422367	
10.1801	75204	2280	422516	
10.1873	75107	2239	422654	
10.1947	74905	2348	422747	
10.2022	74783	2318	422899	
10.2093	74498	2386	423116	
10.2166	74370	2389	423241	
10.2237	74244	2400	423356	
10.231	74029	2430	423541	
10.238	73771	2501	423728	
10.2449	73597	2458	423945	
10.2519	73403	2455	424142	
10.2589	73224	2443	424333	
10.2659	73081	2428	424491	
10.2732	72792	2417	424791	
10.2805	72616	2420	424964	
10.2876	72520	2341	425139	
10.2946	72388	2319	425293	
10.3021	72311	2268	425421	
10.3096	72110	2252	425638	
10.317	72020	2188	425792	
10.3243	71961	2197	425842	
10.3324	71963	2087	425950	
10.3402	71847	2120	426033	
10.3484	71797	2072	426131	
10.3568	71808	2022	426170	
10.3651	71808	1979	426213	
10.3735	71867	1944	426189	
10.3818	71875	1963	426162	
10.3903	71860	1941	426199	
10.3985	71879	1926	426195	
10.4074	71914	1891	426195	
10.416	71981	1813	426206	
10.4249	72114	1759	426127	
10.4339	72278	1688	426034	
10.4431	72395	1687	425918	
10.4523	72653	1575	425772	
10.4618	72891	1497	425612	
10.4717	73149	1457	425394	
10.4815	73493	1422	425085	
10.4914	73860	1377	424763	
10.502	74241	1313	424446	
10.5132	74634	1252	424114	
10.524	75007	1231	423762	
10.5353	75448	1173	423379	
10.547	75922	1148	422930	
10.5586	76381	1120	422499	
10.5703	76855	1095	422050	
10.5824	77412	1042	421546	
10.5951	77937	1026	421037	
10.6074	78543	989	420468	
10.6203	79167	919	419914	
10.6329	79839	918	419243	
10.6451	80345	1045	418610	
10.6573	80898	1021	418081	
10.6693	81454	1000	417546	
10.6816	82049	1003	416948	
10.6946	82692	946	416362	
10.7074	83277	966	415757	
10.7194	83880	1016	415104	
10.7314	84419	1020	414561	
10.7439	84914	1010	414076	
10.7559	85457	1063	413480	
10.7678	85984	1055	412961	
10.7794	86456	1124	412420	
10.7906	86780	1192	412028	
10.8016	87040	1247	411713	
10.8121	87267	1347	411386	
10.8223	87436	1410	411154	
10.8325	87650	1422	410928	
10.8422	87841	1468	410691	
10.8517	87928	1536	410536	
10.8608	87898	1679	410423	
10.8693	87841	1753	410406	
10.8778	87749	1852	410399	
10.886	87564	1999	410437	
10.8938	87424	2089	410487	
10.9015	87268	2166	410566	
10.9091	87004	2222	410774	
10.9163	86830	2254	410916	
10.9233	86490	2378	411132	
10.9301	86256	2443	411301	
10.9369	86015	2456	411529	
10.9436	85727	2530	411743	
10.9502	85469	2529	412002	
10.9567	85144	2581	412275	
10.9628	84849	2678	412473	
10.9691	84542	2667	412791	
10.9754	84187	2770	413043	
10.9814	83927	2797	413276	
10.9874	83480	2931	413589	
10.9934	83157	2898	413945	
10.9994	82762	2973	414265	
11.0055	82335	3079	414586	
11.0113	81850	3136	415014	
11.0172	81419	3193	415388	
11.0227	80948	3312	415740	
11.0282	80448	3393	416159	
11.0335	79974	3488	416538	
11.0387	79440	3613	416947	
11.0438	78925	3661	417414	
11.0488	78439	3678	417883	
11.054	77936	3636	418428	
11.059	77459	3650	418891	
11.0641	77008	3621	419371	
11.0693	76533	3610	419857	
11.0744	75990	3672	420338	
11.0797	75496	3645	420859	
11.0849	75001	3695	421304	
11.0901	74573	3689	421738	
11.0953	74143	3642	422215	
11.1005	73657	3632	422711	
11.1059	73212	3606	423182	
11.1113	72773	3568	423659	
11.1166	72359	3471	424170	
11.122	71964	3378	424658	
11.1275	71567	3367	425066	
11.1332	71223	3298	425479	
11.139	70860	3270	425870	
11.1447	70549	3282	426169	
11.1506	70200	3205	426595	
11.1566	69872	3155	426973	
11.1627	69537	3023	427440	
11.1689	69325	2894	427781	
11.1754	69135	2823	428042	
11.1819	68885	2767	428348	
11.1884	68652	2698	428650	
11.1953	68517	2577	428906	
11.2025	68382	2456	429162	
11.2099	68228	2430	429342	
11.217	68153	2315	429532	
11.2248	68066	2257	429677	
11.2324	68014	2210	429776	
11.2401	68068	2086	429846	
11.2485	68105	1999	429896	
11.2569	68154	1963	429883	
11.2653	68248	1837	429915	
11.2741	68347	1785	429868	
11.2832	68540	1674	429786	
11.2927	68727	1638	429635	
11.3016	68989	1581	429430	
11.3113	69201	1561	429238	
11.3212	69437	1523	429040	
11.3311	69719	1423	428858	
11.3413	70068	1366	428566	
11.3519	70404	1341	428255	
11.3628	70823	1222	427955	
11.3741	71300	1164	427536	
11.3855	71805	1089	427106	
11.397	72290	1072	426638	
11.409	72844	1073	426083	
11.4211	73424	1037	425539	
11.433	73999	1062	424939	
11.4445	74485	1112	424403	
11.4564	75021	1044	423935	
11.4682	75557	1045	423398	
11.4805	76135	1043	422822	
11.4926	76656	1062	422282	
11.5047	77235	1025	421740	
11.5172	77885	960	421155	
11.53	78425	1007	420568	
11.542	78874	1059	420067	
11.5537	79342	1055	419603	
11.5657	79827	1080	419093	
11.5773	80343	1049	418608	
11.5893	80787	1093	418120	
11.6008	81277	1102	417621	
11.6122	81718	1137	417145	
11.6237	82145	1125	416730	
11.6351	82539	1143	416318	
11.6466	82900	1146	415954	
11.6575	83260	1178	415562	
11.6688	83727	1152	415121	
11.6797	84092	1207	414701	
11.6908	84450	1165	414385	
11.7016	84831	1221	413948	
11.7125	85150	1260	413590	
11.7228	85464	1297	413239	
11.7335	85751	1361	412888	
11.7438	85922	1378	412700	
11.7539	86169	1402	412429	
11.7639	86353	1408	412239	
11.7735	86540	1465	411995	
11.783	86697	1516	411787	
11.7926	86866	1519	411615	
11.8022	86958	1598	411444	
11.8114	87137	1590	411273	
11.8207	87243	1626	411131	
11.8297	87205	1710	411085	
11.8385	87275	1770	410955	
11.8469	87235	1849	410916	
11.855	87090	1964	410946	
11.8627	86932	2084	410984	
11.8706	86736	2154	411110	
11.8781	86595	2207	411198	
11.8855	86506	2228	411266	
11.893	86248	2341	411411	
11.9	85960	2454	411586	
11.9066	85639	2528	411833	
11.9129	85301	2576	412123	
11.9194	84927	2732	412341	
11.9255	84590	2772	412638	
11.9318	84204	2853	412943	
11.938	83806	2895	413299	
11.9439	83445	2893	413662	
11.9501	83099	2906	413995	
11.956	82737	2933	414330	
11.9621	82387	2981	414632	
11.9681	81979	3028	414993	
11.9743	81566	3055	415379	
11.9799	81110	3117	415773	
11.9855	80695	3103	416202	
11.9914	80295	3137	416568	
11.9971	79886	3156	416958	
12.0028	79464	3165	417371	
12.0084	79029	3131	417840	
12.0141	78568	3200	418232	
12.0199	78121	3196	418683	
12.0258	77688	3251	419061	
12.0315	77279	3189	419532	
12.0372	76745	3311	419944	
12.0428	76317	3278	420405	
12.0486	75932	3180	420888	
12.0545	75525	3210	421265	
12.0603	75141	3215	421644	
12.0664	74770	3134	422096	
12.0724	74464	3100	422436	
12.0782	74110	3114	422776	
12.0842	73691	3111	423198	
12.0903	73365	3030	423605	
12.0965	73126	2934	423940	
12.1028	72806	2940	424254	
12.1088	72541	2854	424605	
12.1153	72332	2860	424808	
12.1215	72019	2801	425180	
12.1279	71797	2710	425493	
12.1346	71634	2549	425817	
12.1416	71449	2492	426059	
12.1487	71366	2399	426235	
12.1559	71246	2335	426419	
12.1633	71177	2268	426555	
12.1708	71087	2273	426640	
12.1781	71009	2230	426761	
12.1858	70917	2149	426934	
12.1936	70816	2176	427008	
12.2013	70792	2124	427084	
12.2095	70681	2063	427256	
12.2173	70657	2071	427272	
12.2256	70676	1963	427361	
12.2341	70749	1861	427390	
12.2429	70866	1734	427400	
12.252	71029	1689	427282	
12.2612	71186	1572	427242	
12.2706	71447	1559	426994	
12.2805	71689	1497	426814	
12.2905	71933	1455	426612	
12.3002	72234	1437	426329	
12.3106	72547	1383	426070	
12.3207	72837	1351	425812	
12.3311	73097	1349	425554	
12.3418	73447	1284	425269	
12.3525	73824	1318	424858	
12.3632	74224	1306	424470	
12.3739	74494	1392	424114	
12.3845	74840	1320	423840	
12.3952	75151	1339	423510	
12.4051	75503	1282	423215	
12.4161	75814	1289	422897	
12.4267	76247	1265	422488	
12.4375	76609	1278	422113	
12.4481	77014	1211	421775	
12.4595	77417	1196	421387	
12.47	77784	1253	420963	
12.481	78160	1259	420581	
12.4915	78466	1288	420246	
12.5023	78757	1320	419923	
12.5125	78984	1381	419635	
12.5228	79184	1403	419413	
12.5329	79371	1391	419238	
12.5427	79544	1449	419007	
12.5523	79683	1512	418805	
12.5621	79938	1484	418578	
12.5721	80145	1429	418426	
12.5827	80307	1428	418265	
12.593	80583	1391	418026	
12.6031	80808	1468	417724	
12.613	81017	1499	417484	
12.623	81182	1501	417317	
12.6325	81372	1579	417049	
12.6418	81514	1588	416898	
12.6512	81632	1624	416744	
12.6606	81780	1612	416608	
12.6698	81934	1567	416499	
12.6794	82186	1515	416299	
12.689	82337	1515	416148	
12.6988	82521	1521	415958	
12.7079	82668	1577	415755	
12.7172	82807	1550	415643	
12.7265	82929	1560	415511	
12.736	83033	1615	415352	
12.7452	83165	1599	415236	
12.7547	83320	1555	415125	
12.7643	83403	1595	415002	
12.7734	83531	1599	414870	
12.7829	83622	1650	414728	
12.792	83649	1685	414666	
12.8009	83773	1733	414494	
12.8098	83799	1755	414446	
12.8188	83857	1800	414343	
12.8273	83876	1770	414354	
12.8356	83863	1834	414303	
12.8439	83773	1881	414346	
12.8518	83729	1947	414324	
12.8603	83580	1965	414455	
12.8681	83443	2001	414556	
12.8761	83378	2052	414570	
12.8839	83241	2067	414692	
12.8914	83081	2149	414770	
12.8991	82922	2178	414900	
12.9066	82708	2227	415065	
12.9141	82493	2242	415265	
12.9216	82349	2316	415335	
12.929	82107	2334	415559	
12.9362	81862	2403	415735	
12.9434	81591	2470	415939	
12.9499	81266	2555	416179	
12.9567	80923	2655	416422	
12.9632	80634	2683	416683	
12.9697	80372	2666	416962	
12.9762	80070	2672	417258	
12.9827	79830	2653	417517	
12.9892	79485	2730	417785	
12.9958	79218	2690	418092	
13.0022	78881	2736	418383	
13.0085	78544	2821	418635	
13.0149	78204	2846	418950	
13.0213	77863	2867	419270	
13.0274	77516	2879	419605	
13.0335	77176	2904	419920	
13.0396	76796	2883	420321	
13.0459	76428	2916	420656	
13.0521	76074	2906	421020	
13.0586	75753	2866	421381	
13.0647	75361	2875	421764	
13.0711	75052	2928	422020	
13.0775	74729	2886	422385	
13.084	74424	2826	422750	
13.0904	74085	2831	423084	
13.0966	73821	2743	423436	
13.1032	73594	2692	423714	
13.1098	73364	2683	423953	
13.1162	73113	2665	424222	
13.123	72868	2596	424536	
13.1301	72629	2554	424817	
13.1371	72425	2577	424998	
13.1441	72272	2486	425242	
13.1511	72154	2454	425392	
13.1584	72039	2431	425530	
13.1657	71843	2381	425776	
13.173	71726	2308	425966	
13.1807	71657	2220	426123	
13.1883	71600	2201	426199	
13.1961	71546	2134	426320	
13.2039	71526	2122	426352	
13.2117	71478	2058	426464	
13.22	71500	1923	426577	
13.2283	71524	1925	426551	
13.2369	71617	1804	426579	
13.2456	71699	1798	426503	
13.2542	71804	1752	426444	
13.263	71947	1678	426375	
13.2721	72083	1663	426254	
13.2812	72254	1650	426096	
13.2902	72499	1567	425934	
13.2996	72618	1589	425793	
13.3092	72879	1519	425602	
13.3189	73184	1514	425302	
13.3288	73476	1433	425091	
13.3387	73779	1438	424783	
13.3484	74033	1391	424576	
13.3588	74411	1327	424262	
13.3692	74693	1383	423924	
13.3792	74963	1325	423712	
13.3894	75289	1362	423349	
13.4	75586	1346	423068	
13.4106	75905	1298	422797	
13.4213	76362	1262	422376	
13.4317	76707	1264	422029	
13.4423	77042	1253	421705	
13.4534	77478	1154	421368	
13.4649	77980	1112	420908	
13.4765	78446	1112	420442	
13.4879	78894	1148	419958	
13.4991	79195	1226	419579	
13.5096	79550	1244	419206	
13.5203	79930	1224	418846	
13.5309	80329	1205	418466	
13.5421	80842	1129	418029	
13.5534	81173	1174	417653	
13.5648	81612	1216	417172	
13.5762	82062	1164	416774	
13.5876	82465	1122	416413	
13.5992	82940	1077	415983	
13.6108	83440	1066	415494	
13.6226	83857	1140	415003	
13.6338	84229	1136	414635	
13.6453	84618	1197	414185	
13.6565	84974	1198	413828	
13.6676	85327	1256	413417	
13.6781	85635	1251	413114	
13.6886	86009	1258	412733	
13.6991	86256	1315	412429	
13.7092	86462	1388	412150	
13.7191	86752	1395	411853	
13.7294	87007	1361	411632	
13.7392	87117	1482	411401	
13.7487	87265	1551	411184	
13.7582	87334	1604	411062	
13.7674	87354	1713	410933	
13.776	87280	1815	410905	
13.7845	87279	1816	410905	
13.7927	87296	1769	410935	
13.8012	87269	1825	410906	
13.8094	87199	1895	410906	
13.8176	87082	1984	410934	
13.8252	86966	2128	410906	
13.8329	86765	2163	411072	
13.8405	86515	2188	411297	
13.8481	86281	2262	411457	
13.8555	86044	2306	411650	
13.8626	85754	2348	411898	
13.8695	85510	2403	412087	
13.8764	85234	2405	412361	
13.8832	84964	2434	412602	
13.8906	84694	2439	412867	
13.8973	84427	2456	413117	
13.9042	84158	2480	413362	
13.911	83847	2525	413628	
13.9177	83511	2647	413842	
13.9244	83218	2656	414126	
13.931	82884	2657	414459	
13.9375	82599	2638	414763	
13.944	82289	2708	415003	
13.9504	81978	2717	415305	
13.9567	81649	2705	415646	
13.9631	81331	2737	415932	
13.9696	80969	2785	416246	
13.9758	80546	2865	416589	
13.9819	80225	2861	416914	
13.9882	79949	2878	417173	
13.9943	79623	2845	417532	
14.0006	79276	2827	417897	
14.0069	79037	2761	418202	
14.0133	78745	2810	418445	
14.0195	78455	2768	418777	
14.026	78197	2749	419054	
14.0324	77959	2693	419348	
14.0391	77761	2665	419574	
14.0454	77499	2714	419787	
14.0518	77193	2770	420037	
14.0583	76950	2718	420332	
14.0651	76695	2657	420648	
14.0716	76464	2602	420934	
14.0785	76166	2636	421198	
14.085	75890	2617	421493	
14.0918	75651	2536	421813	
14.0986	75392	2519	422089	
14.1055	75218	2506	422276	
14.1124	75002	2541	422457	
14.1191	74722	2581	422697	
14.1259	74478	2561	422961	
14.1325	74178	2602	423220	
14.1391	73953	2634	423413	
14.1458	73657	2676	423667	
14.1525	73396	2657	423947	
14.1591	73136	2699	424165	
14.1661	72955	2589	424456	
14.1732	72660	2548	424792	
14.1799	72469	2503	425028	
14.1866	72320	2497	425183	
14.1938	72202	2354	425444	
14.201	72081	2361	425558	
14.2081	71984	2329	425687	
14.2154	71827	2288	425885	
14.2228	71688	2247	426065	
14.2302	71552	2200	426248	
14.238	71445	2125	426430	
14.2456	71370	2097	426533	
14.2539	71308	2121	426571	
14.2619	71259	2044	426697	
14.2704	71245	2029	426726	
14.2785	71233	2001	426766	
14.2865	71274	1978	426748	
14.2948	71303	1916	426781	
14.3032	71352	1856	426792	
14.3119	71470	1802	426728	
14.3205	71637	1758	426605	
14.329	71728	1791	426481	
14.3377	71827	1751	426422	
14.3467	71888	1718	426394	
14.3561	72029	1666	426305	
14.3652	72223	1622	426155	
14.375	72425	1547	426028	
14.3853	72724	1458	425818	
14.3951	73054	1445	425501	
14.4049	73390	1417	425193	
14.4145	73672	1428	424900	
14.4247	74042	1353	424605	
14.4351	74321	1340	424339	
14.4457	74699	1321	423980	
14.4568	75069	1249	423682	
14.4679	75520	1210	423270	
14.4789	75927	1187	422886	
14.4901	76355	1194	422451	
14.5014	76840	1189	421971	
14.5121	77229	1226	421545	
14.5232	77588	1194	421218	
14.5341	77888	1256	420856	
14.5449	78202	1254	420544	
14.5557	78529	1289	420182	
14.5664	78888	1260	419852	
14.577	79175	1324	419501	
14.5876	79539	1285	419176	
14.5984	79958	1223	418819	
14.6094	80312	1207	418481	
14.6204	80765	1173	418062	
14.6312	81129	1215	417656	
14.6424	81508	1248	417244	
14.6531	81895	1235	416870	
14.664	82179	1290	416531	
14.6746	82568	1231	416201	
14.6856	82903	1250	415847	
14.6964	83202	1293	415505	
14.7068	83479	1323	415198	
14.7174	83774	1359	414867	
14.7275	84021	1362	414617	
14.7376	84259	1383	414358	
14.7478	84472	1448	414080	
14.7574	84628	1486	413886	
14.7671	84809	1486	413705	
14.7769	84933	1537	413530	
14.7863	85076	1523	413401	
14.7956	85174	1578	413248	
14.8049	85201	1652	413147	
14.8138	85221	1674	413105	
14.8228	85327	1671	413002	
14.8318	85389	1714	412897	
14.8401	85370	1802	412828	
14.8484	85406	1819	412775	
14.8565	85288	1931	412781	
14.8645	85291	1975	412734	
14.8725	85245	1964	412791	
14.8807	85145	2040	412815	
14.8884	85011	2088	412901	
14.8965	84921	2105	412974	
14.9042	84775	2123	413102	
14.9115	84666	2169	413165	
14.919	84573	2189	413238	
14.9264	84359	2289	413352	
14.9337	84201	2265	413534	
14.941	83981	2299	413720	
14.948	83738	2367	413895	
14.9549	83413	2542	414045	
14.9618	83122	2616	414262	
14.9682	82734	2683	414583	
14.9745	82408	2743	414849	
14.9809	82057	2787	415156	
14.987	81663	2905	415432	
14.9932	81284	2894	415822	
14.9991	80934	2984	416082	
15.005	80497	3065	416438	
15.0108	80118	3072	416810	
15.0165	79647	3167	417186	
15.0222	79231	3191	417578	
15.0279	78799	3220	417981	
15.0336	78392	3208	418400	
15.039	77904	3334	418762	
15.0447	77469	3267	419264	
15.0505	76990	3324	419686	
15.0562	76564	3281	420155	
15.062	76138	3265	420597	
15.0678	75753	3212	421035	
15.0735	75301	3257	421442	
15.0795	74953	3127	421920	
15.0856	74594	3094	422312	
15.0915	74228	3072	422700	
15.0977	73864	3052	423084	
15.1036	73556	3043	423401	
15.1097	73226	3024	423750	
15.1158	72987	2970	424043	
15.1221	72682	2949	424369	
15.1284	72428	2829	424743	
15.1347	72182	2735	425083	
15.1411	71952	2636	425412	
15.1479	71730	2665	425605	
15.1547	71519	2639	425842	
15.1618	71295	2630	426075	
15.1686	71087	2661	426252	
15.1755	70951	2599	426450	
15.1824	70831	2523	426646	
15.1894	70672	2486	426842	
15.1966	70558	2452	426990	
15.2038	70422	2342	427236	
15.2112	70266	2317	427417	
15.2188	70163	2282	427555	
15.2265	70117	2190	427693	
15.234	70054	2144	427802	
15.2421	70025	2057	427918	
15.2504	70043	1957	428000	
15.259	70133	1806	428061	
15.2681	70321	1780	427899	
15.277	70457	1693	427850	
15.2861	70565	1716	427719	
15.2949	70694	1682	427624	
15.3041	70822	1629	427549	
15.3134	71068	1580	427352	
15.3233	71315	1586	427099	
15.3329	71499	1556	426945	
15.3426	71716	1553	426731	
15.3522	71946	1470	426584	
15.3624	72287	1387	426326	
15.3732	72659	1311	426030	
15.384	73087	1243	425670	
15.3952	73516	1203	425281	
15.4062	73978	1154	424868	
15.4177	74504	1106	424390	
15.429	75042	1061	423897	
15.4406	75509	1080	423411	
15.4528	76131	1002	422867	
15.4646	76600	1047	422353	
15.4767	77194	992	421814	
15.4888	77689	985	421326	
15.501	78232	981	420787	
15.5131	78818	987	420195	
15.5257	79390	979	419631	
15.5378	79895	1024	419081	
15.55	80432	1011	418557	
15.5615	81006	1017	417977	
15.574	81513	1040	417447	
15.5861	82064	1068	416868	
15.5976	82453	1090	416457	
15.6096	82909	1116	415975	
15.6213	83431	1106	415463	
15.6325	83820	1143	415037	
15.6439	84147	1220	414633	
15.6548	84407	1296	414297	
15.6651	84664	1309	414027	
15.6754	84884	1357	413759	
15.6857	85060	1349	413591	
15.6956	85350	1356	413294	
15.7059	85531	1416	413053	
15.7156	85669	1484	412847	
15.7252	85806	1500	412694	
15.7342	85950	1589	412461	
15.7434	85996	1637	412367	
15.7527	86128	1597	412275	
15.7619	86192	1657	412151	
15.7706	86127	1774	412099	
15.7794	86243	1694	412063	
15.7885	86243	1669	412088	
15.7973	86218	1730	412052	
15.8055	86135	1892	411973	
15.8137	86037	1955	412008	
15.8218	85949	1992	412059	
15.8295	85866	1983	412151	
15.8372	85759	2010	412231	
15.8454	85664	2043	412293	
15.8531	85581	2061	412358	
15.8609	85457	2104	412439	
15.8686	85329	2107	412564	
15.876	85154	2225	412621	
15.8834	84978	2306	412716	
15.8904	84719	2343	412938	
15.8973	84422	2444	413134	
15.9042	84165	2435	413400	
15.911	84009	2443	413548	
15.9181	83708	2477	413815	
15.9248	83370	2594	414036	
15.9315	83103	2590	414307	
15.9381	82756	2653	414591	
15.9447	82422	2690	414888	
15.9512	82106	2694	415200	
15.9578	81816	2712	415472	
15.964	81472	2754	415774	
15.9705	81171	2782	416047	
15.9769	80867	2804	416329	
15.9832	80511	2855	416634	
15.9896	80226	2827	416947	
15.9958	79885	2872	417243	
16.0019	79547	2911	417542	
16.0083	79232	2886	417882	
16.0143	78900	2934	418166	
16.0205	78572	2956	418472	
16.0264	78169	2993	418838	
16.0324	77829	3069	419102	
16.0384	77528	2992	419480	
16.0445	77129	2985	419886	
16.0507	76824	3006	420170	
16.0569	76485	2945	420570	
16.0633	76138	2939	420923	
16.0694	75800	2972	421228	
16.0756	75435	2945	421620	
16.0818	75092	2898	422010	
16.088	74730	2889	422381	
16.0945	74426	2857	422717	
16.1011	74182	2786	423032	
16.1076	73943	2762	423295	
16.1141	73703	2722	423575	
16.1206	73401	2806	423793	
16.127	73169	2765	424066	
16.1332	72858	2858	424284	
16.1394	72642	2734	424624	
16.1461	72394	2620	424986	
16.1531	72160	2580	425260	
16.1596	71976	2608	425416	
16.1665	71739	2553	425708	
16.1732	71516	2593	425891	
16.1801	71295	2533	426172	
16.1871	71109	2448	426443	
16.1944	70957	2397	426646	
16.2014	70835	2406	426759	
16.2087	70695	2382	426923	
16.2161	70584	2276	427140	
16.224	70517	2226	427257	
16.2317	70491	2145	427364	
16.2397	70433	2071	427496	
16.2479	70457	1971	427572	
16.2565	70491	1917	427592	
16.2655	70560	1898	427542	
16.2736	70619	1890	427491	
16.2824	70774	1807	427419	
16.2913	70892	1789	427319	
16.3002	71012	1809	427179	
16.3091	71163	1728	427109	
16.3182	71300	1690	427010	
16.3274	71486	1620	426894	
16.3366	71735	1550	426715	
16.3465	71955	1490	426555	
16.3563	72232	1406	426362	
16.3664	72533	1385	426082	
16.3768	72917	1363	425720	
16.3871	73296	1357	425347	
16.3973	73665	1347	424988	
16.4081	73974	1355	424671	
16.4183	74355	1300	424345	
16.4291	74744	1352	423904	
16.4395	75061	1356	423583	
16.4499	75343	1331	423326	
16.4609	75750	1284	422966	
16.4713	76095	1319	422586	
16.4821	76397	1281	422322	
16.4927	76803	1263	421934	
16.5034	77205	1244	421551	
16.5142	77682	1183	421135	
16.5258	78158	1136	420706	
16.5373	78635	1147	420218	
16.5489	79154	1095	419751	
16.5605	79548	1164	419288	
16.5722	79978	1209	418813	
16.583	80507	1176	418317	
16.5946	80831	1187	417982	
16.6056	81182	1219	417599	
16.6165	81524	1272	417204	
16.6272	81855	1293	416852	
16.6382	82185	1229	416586	
16.6492	82615	1199	416186	
16.66	83008	1222	415770	
16.6711	83377	1257	415366	
16.6818	83678	1281	415041	
16.692	83931	1335	414734	
16.702	84181	1332	414487	
16.7125	84423	1270	414307	
16.7226	84760	1309	413931	
16.7331	85076	1282	413642	
16.7438	85364	1269	413367	
16.7542	85670	1322	413008	
16.7649	85995	1283	412722	
16.7753	86327	1326	412347	
16.7857	86541	1347	412112	
16.7963	86821	1377	411802	
16.8063	86945	1410	411645	
16.8159	87044	1523	411433	
16.8252	87104	1621	411275	
16.8343	87145	1676	411179	
16.8434	87274	1684	411042	
