504.174	40.5436	0.242849	0.145834
230.286	37.5439	0.195142	0.089354
400.9	47.6923	0.163985	0.299976
591.65	43.5287	0.160414	0.227171
292.15	59.9507	0.166779	0.000000
841.752	56.2555	0.222853	0.188971
523.964	58.6349	0.131018	0.406938
798.969	55.6897	0.131514	0.336069
325.146	57.1548	0.13771	1.176963
486.733	40.4429	0.127071	0.142524
597.451	43.1123	0.209553	0.171232
495.254	53.3042	0.130263	0.397743
527.559	43.8236	0.17709	0.247025
717.28	54.89	0.14717	0.297444
689.936	60.6266	0.227062	0.232037
417.03	38.6339	0.23098	0.132202
356.196	41.6156	0.137862	0.201710
660.117	41.8772	0.132904	0.257483
731.288	46.2271	0.20356	0.189125
343.282	42.2217	0.127084	0.186270
294.92	42.4275	0.144189	0.345426
633.455	52.9834	0.247949	0.173288
233.299	37.3962	0.133107	0.263067
570.725	40.175	0.242117	0.136134
393.074	46.6302	0.249362	0.146031
274.716	38.3173	0.17334	0.131729
351.225	42.2443	0.156207	0.064922
474.451	60.1698	0.165869	0.351135
354.783	39.4927	0.154757	0.281104
533.706	43.5955	0.169504	0.247429
212.636	43.0305	0.217839	0.055788
617.742	58.9398	0.129218	0.506718
686.101	59.7558	0.172432	0.263149
410.351	38.5341	0.160666	0.156014
575.17	39.4185	0.142559	0.228759
198.994	42.5621	0.135809	0.331414
466.155	55.7243	0.152143	0.308238
860.3	59.8496	0.144128	0.329056
420.272	42.8973	0.204913	0.155649
296.709	44.5387	0.145335	0.157198
527.036	47.1426	0.218319	0.140291
310.518	39.6929	0.143147	0.173213
512.31	45.1429	0.210267	0.183512
623.873	41.6064	0.206635	0.155661
216.241	45.6607	0.195129	0.210732
771.028	52.3398	0.185245	0.227843
420.807	44.7134	0.146383	0.171307
381.124	46.6038	0.174538	0.173327
299.968	52.2224	0.125014	0.408587
662.383	45.9318	0.222869	0.147332
204.502	42.6631	0.219968	0.111436
575.732	46.9483	0.166457	0.268146
468.865	41.3978	0.197079	0.122177
723.359	50.8105	0.221763	0.205633
320.482	44.3409	0.173234	0.335007
522.317	39.5244	0.144768	0.170275
580.375	45.9319	0.181947	0.215995
265.921	44.9217	0.14276	0.157077
594.649	38.0124	0.126971	0.251485
293.665	50.4775	0.141643	0.327247
685.351	58.5858	0.129532	0.465629
386.538	40.7538	0.239476	0.120504
327.841	38.0858	0.209493	0.075997
468.907	52.5464	0.172196	0.302434
530.971	40.1505	0.128073	0.203554
386.652	51.9141	0.154831	0.136310
490.49	47.7244	0.19346	0.148607
759.664	52.5247	0.244507	0.205508
434.561	38.0438	0.128082	0.106545
328.528	60.4387	0.197176	0.000000
254.279	44.5683	0.17643	0.163120
350.586	59.6027	0.140134	0.633072
497.542	38.1426	0.236422	0.127846
541.391	59.2627	0.195785	0.366313
556.237	55.2195	0.128934	0.482531
274.136	43.7141	0.177261	0.105330
593.247	60.7157	0.198535	0.287754
351.334	38.5105	0.133749	0.253769
491.71	49.3028	0.18849	0.205291
784.391	52.1717	0.141061	0.330719
347.607	36.5008	0.239395	0.127993
208.266	48.8694	0.161176	0.353512
677.031	44.726	0.155452	0.202192
801.862	59.1764	0.148022	0.460795
867.677	56.9336	0.126802	0.389088
487.368	51.4461	0.131131	0.323332
410.633	36.7584	0.159558	0.122854
307.744	37.4599	0.126503	0.203336
273.81	42.3647	0.247357	0.075058
654.822	43.0576	0.150838	0.205271
204.249	43.7157	0.151621	0.339282
384.352	37.118	0.22922	0.098397
843.529	56.6524	0.167709	0.290506
196.11	40.356	0.147064	0.274725
610.667	42.3865	0.127643	0.310279
731.433	53.5567	0.126265	0.458876
287.187	40.7237	0.160709	0.181988
664.893	40.792	0.188179	0.148617
378.265	40.6583	0.146572	0.287652
335.824	41.3178	0.223642	0.160305
349.266	39.224	0.168024	0.233937
531.091	37.1454	0.22975	0.132177
441.056	40.1163	0.130504	0.415033
464.744	43.4667	0.197845	0.192016
895.556	58.6304	0.190971	0.326210
784.078	47.6859	0.194387	0.196964
312.088	44.9298	0.164864	0.215510
277.361	49.3683	0.170818	0.291230
233.778	48.674	0.13588	0.257885
528.983	40.7612	0.223017	0.161839
374.144	46.7131	0.140108	0.230674
441.043	58.8421	0.141891	0.000000
500.616	46.1518	0.148478	0.279777
373.884	46.3091	0.149526	0.622601
610.582	38.1841	0.142539	0.226964
740.272	50.7525	0.142985	0.227029
480.034	39.4255	0.13741	0.212165
446.617	49.6424	0.146716	0.299920
578.803	44.9987	0.144614	0.301629
547.235	48.1174	0.20941	0.232276
155.088	37.5009	0.157991	0.299478
643.633	43.675	0.200932	0.176895
495.194	56.1998	0.233123	0.211987
607.788	56.1574	0.182422	0.340188
184.43	37.1464	0.156957	0.209828
253.105	52.2473	0.217074	0.103308
566.34	45.138	0.12711	0.292425
207.739	51.1481	0.138785	0.436490
437.838	40.6086	0.130838	0.336647
501.992	45.6092	0.133812	0.297046
503.919	39.413	0.156713	0.219492
581.951	48.4557	0.195053	0.225446
393.845	54.7691	0.156218	6.118927
706.736	48.3561	0.196063	0.208972
241.686	51.167	0.14406	0.316286
560.746	36.5818	0.136525	0.203278
406.863	37.7888	0.217444	0.160630
206.283	49.598	0.158515	0.221473
537.366	40.5672	0.227725	0.176868
208.793	43.5801	0.133704	0.277578
173.982	37.1726	0.211301	0.138028
677.333	42.5878	0.183639	0.195496
377.177	39.1146	0.195182	0.101306
533.127	57.1383	0.230119	0.240350
628.194	44.1508	0.223379	0.159775
506.89	54.9965	0.136505	0.413454
343.736	37.7309	0.146491	0.387233
575.056	40.2737	0.125187	0.303700
393.205	58.2754	0.182101	0.335984
401.301	48.5656	0.169042	0.256727
670.475	52.4897	0.232124	0.202703
260.603	48.8014	0.189538	0.121226
332.261	36.6158	0.187991	0.148226
463.556	36.9929	0.160561	0.171321
799.251	54.0217	0.210996	0.206146
317.681	47.3013	0.141201	0.250815
332.5	41.8891	0.235947	0.135398
198.746	42.2116	0.233149	0.149641
481.26	46.2358	0.137677	0.341036
603.007	49.8873	0.216701	0.157398
285.697	42.1882	0.170299	0.275676
657.535	49.8106	0.239549	0.144209
333.762	41.4397	0.216596	0.176582
709.326	55.4272	0.185828	0.265486
848.732	59.1163	0.171354	0.295367
278.194	54.891	0.206004	0.221669
489.473	37.5683	0.242048	0.102786
261.593	37.1971	0.133092	0.184356
484.966	41.0369	0.139091	0.288752
257.96	39.8663	0.158339	0.212147
339.561	50.8099	0.191638	0.120935
808.512	51.1637	0.211349	0.210299
495.681	59.7666	0.210065	0.282385
811.997	55.3983	0.155616	0.296316
454.996	56.415	0.137034	0.510760
192.187	42.9122	0.206159	0.126123
610.161	42.8833	0.164834	0.191510
196.618	43.2896	0.201298	0.198764
282.596	43.6322	0.147093	0.248585
305.734	41.4548	0.151621	0.186503
589.568	48.8946	0.187413	0.203777
814.313	57.4877	0.127654	0.434835
577.821	57.4247	0.131794	0.294856
658.354	43.5975	0.197646	0.128327
339.036	46.2212	0.132402	0.174387
741.223	54.6002	0.160122	0.314293
332.114	50.9004	0.243611	0.141640
583.328	48.6264	0.167235	0.215117
492.818	46.967	0.137575	0.323331
613.43	58.532	0.211778	0.257111
271.969	37.7392	0.198175	0.224493
456.747	36.6725	0.138374	0.290832
226.188	38.9242	0.162501	0.279859
695.031	58.2096	0.217499	0.198048
326.198	42.2383	0.219363	0.238931
529.488	55.6323	0.12949	0.421425
253.644	47.482	0.153884	0.220218
407.971	46.2133	0.151187	0.144041
191.939	39.0654	0.160572	0.197713
500.803	50.0104	0.215225	0.139960
557.954	52.1526	0.163843	0.274905
645.028	50.3174	0.129032	0.342813
162.84	36.8675	0.168961	0.223211
584.796	55.514	0.162631	0.312844
373.683	38.3619	0.219517	0.187920
492.076	51.8665	0.232311	0.141814
534.303	37.0386	0.169482	0.164881
662.569	46.9343	0.148605	0.240444
488.956	52.6968	0.133376	0.257464
269.32	40.5063	0.22582	0.313134
687.172	50.3177	0.249848	0.168237
632.265	40.0153	0.13898	0.213520
399.269	47.0518	0.139191	0.256580
528.908	40.5685	0.149919	0.148882
672.969	50.8948	0.134532	0.328476
563.833	55.0326	0.151527	0.325885
255.747	54.7779	0.228249	0.223293
355.567	52.2579	0.133753	0.425227
398.199	37.7141	0.221888	0.113382
405.884	49.0479	0.175615	0.194655
448.718	39.0568	0.19116	0.129979
486.06	39.4463	0.16398	0.154042
463.412	39.4765	0.126998	0.360153
234.387	37.4905	0.127346	0.208696
407.447	37.922	0.125279	0.513634
694.018	54.7413	0.209762	0.226285
402.856	42.7875	0.213621	0.156054
630.016	48.7502	0.13998	0.264939
317.871	42.7354	0.247754	0.155447
575.543	37.7246	0.174225	0.166956
660.767	48.4624	0.175032	0.226738
253.275	37.9675	0.134588	0.217752
418.749	55.9272	0.130592	1.952977
330.535	38.6929	0.19615	0.126076
298.851	44.8172	0.136328	0.245970
587.808	50.1955	0.142969	0.162107
636.499	57.5551	0.133967	0.443653
372.879	38.7996	0.157635	0.118187
625.588	47.0865	0.137647	0.282719
483.913	44.7997	0.167981	0.230662
364.69	41.882	0.126202	0.297608
338.456	39.3728	0.136716	0.197410
382.63	46.0606	0.174177	0.138722
814.394	52.3413	0.132075	0.401581
498.9	54.7489	0.171987	0.364085
333.007	53.337	0.2369	0.183627
287.481	51.9546	0.205245	0.366345
191.582	43.9457	0.208391	0.239509
813.762	56.0515	0.127647	0.377122
264.8	58.9851	0.24804	0.311451
204.912	39.3881	0.143311	0.298448
356.288	42.8826	0.135618	0.100001
564.851	46.1475	0.243569	0.155173
513.826	39.2022	0.126707	0.222864
821.124	54.8795	0.184464	0.249778
373.442	42.6238	0.208616	0.184999
315.794	47.0146	0.12877	0.133616
199.423	46.0821	0.126317	0.412598
585.388	39.6782	0.14003	0.181631
215.966	46.8133	0.227289	0.157848
754.402	56.7299	0.156195	0.333867
733.595	44.8431	0.129431	0.285606
454.56	59.9167	0.186931	0.256238
668.081	43.7619	0.160191	0.205215
295.105	44.2394	0.244667	0.153679
459.311	46.5955	0.176149	0.185138
431.07	44.2874	0.13264	0.500621
525.225	59.3423	0.163103	0.374214
459.105	46.5992	0.162505	0.243076
272.016	45.7969	0.143736	0.348956
491.054	38.6827	0.233933	0.123285
629.263	43.5952	0.19322	0.148531
324.047	53.5295	0.150618	0.223310
467.302	36.7307	0.14001	0.169666
642.374	49.9832	0.141524	0.271356
556.133	43.224	0.127154	0.281183
508.104	51.0344	0.159584	0.182422
736.228	51.377	0.137856	0.349901
514.513	42.078	0.16195	0.172189
489.036	47.5878	0.179812	0.193107
535.32	45.4037	0.129293	0.267506
386.351	42.2217	0.230992	0.193513
331.868	40.6717	0.138775	0.166781
199.937	38.4605	0.196123	0.084862
551.816	46.3353	0.135948	0.289277
511.367	38.6013	0.127856	0.221322
482.2	40.8678	0.135388	0.231234
625.148	47.3148	0.144682	0.253430
241.79	45.7617	0.136775	0.307414
328.773	44.909	0.239848	0.118189
271.691	41.2836	0.161194	0.204847
764.51	54.5159	0.244488	0.230246
615.116	42.4983	0.136889	0.182196
245.671	42.9295	0.151424	0.265374
290.906	47.4997	0.246668	0.191161
252.003	44.733	0.171302	0.207000
838.275	56.7881	0.155581	0.284393
578.606	42.9878	0.137565	0.172625
716.85	53.0867	0.172121	0.311890
624.955	44.3809	0.196061	0.170636
849.016	58.7464	0.130651	0.343712
379.051	45.0568	0.234079	0.193209
298.438	37.6986	0.14677	0.207016
269.401	51.6752	0.233009	0.491689
540.799	40.9292	0.128122	0.251973
499.86	40.5988	0.132209	0.275334
654.627	49.7948	0.144746	0.363258
546.201	39.8911	0.186839	0.142417
297.511	38.437	0.128136	0.291066
600.176	37.4786	0.134323	0.220398
183.469	39.5053	0.147599	0.245273
541.068	54.5127	0.150875	0.310174
678.631	54.1779	0.135119	0.429963
471.348	56.722	0.184842	0.249112
626.077	49.7795	0.15708	0.264784
690.91	44.2243	0.215531	0.167438
426.849	40.0791	0.174194	0.162797
419.871	38.7424	0.163297	0.209401
643.126	49.3962	0.214284	0.190118
177.244	39.2642	0.157128	0.248220
680.117	49.9384	0.199414	0.229383
266.99	58.6273	0.226528	0.593999
252.028	48.5397	0.247125	0.359035
420.137	42.2346	0.138522	0.145829
838.146	55.9	0.173962	0.264124
378.153	48.3292	0.125402	0.287844
654.072	53.0855	0.166121	0.337946
252.823	36.9344	0.196697	0.109531
232.4	51.8953	0.125365	0.559843
525.343	44.1984	0.212298	0.146613
460.577	43.4619	0.140783	0.230629
508.68	36.7584	0.174209	0.174401
598.233	36.6413	0.149337	0.218298
707.851	59.3306	0.16685	0.291702
449.751	38.2517	0.15728	0.190370
403.237	60.4373	0.128207	0.000000
518.736	40.1459	0.16426	0.144322
391.183	41.4941	0.222275	0.142304
416.883	39.9954	0.143479	0.306368
735.631	50.0165	0.127727	0.300512
202.191	44.9435	0.14154	0.381684
817.279	59.884	0.137607	0.360747
421.501	36.5449	0.130694	0.127818
491.863	47.1596	0.169106	0.264621
303.896	43.7073	0.147948	0.249040
415.906	36.7388	0.126499	0.322692
354.501	47.4644	0.143143	0.435466
581.911	45.0482	0.232492	0.135962
978.41	59.9236	0.166674	0.371097
297.112	37.3535	0.170857	0.106234
447.41	37.4635	0.164827	0.140037
682.315	45.8882	0.246121	0.163151
474.447	48.0518	0.20656	0.112754
360.021	56.9864	0.22862	0.272951
446	60.6304	0.206858	0.352564
609.672	54.6729	0.143434	0.301764
589.033	57.6788	0.220784	0.244434
507.381	39.9585	0.138148	0.167261
364.809	54.0907	0.194971	0.313197
807.828	52.9456	0.19513	0.273448
246.42	53.4687	0.191361	0.139750
266.567	37.6133	0.132696	0.259484
334.661	41.8662	0.165413	0.432311
243.452	36.5397	0.21802	0.055738
241.225	44.2372	0.156367	0.124612
419.698	45.4365	0.175991	0.269493
206.426	37.8501	0.164027	0.220025
404.433	51.5141	0.143461	3.284479
405.975	37.6499	0.166453	0.149166
358.115	37.5653	0.166493	0.179240
462.216	46.7932	0.144718	0.349724
251.443	37.2081	0.130606	0.197514
369.781	37.7354	0.228026	0.100162
415.678	45.6225	0.134832	0.201310
672.121	51.729	0.229213	0.197433
489.102	39.2284	0.207635	0.105277
600.757	38.3145	0.141051	0.198061
430.262	39.8415	0.20875	0.161117
237.9	50.4097	0.14847	0.249689
309.89	52.8954	0.223218	0.136076
357.471	40.215	0.13725	0.180038
532.864	52.2092	0.191095	0.268364
489.091	41.0019	0.195201	0.124794
368.167	53.9062	0.208916	0.245845
254.385	49.2638	0.206322	0.102201
457.351	53.8609	0.183115	0.403148
394.916	50.41	0.136566	0.403623
643.781	47.8774	0.244129	0.144294
374.145	48.5421	0.20047	0.141650
403.4	36.8632	0.206884	0.117184
573.733	50.7133	0.139962	0.295856
301.571	49.4672	0.237916	0.155302
816.774	54.4959	0.231352	0.198705
171.937	43.396	0.187883	0.328757
189.016	41.4744	0.164711	0.146595
641.577	55.7079	0.17784	0.307461
318.895	49.5668	0.132237	0.417460
323.616	48.2954	0.150692	0.458203
265.073	37.0688	0.166391	0.104094
276.963	54.1237	0.172022	0.277340
739.415	49.2857	0.129981	0.324016
525.624	43.9256	0.130304	0.174273
505.236	37.2351	0.206793	0.178654
564.319	41.1427	0.153931	0.183622
846.309	54.0129	0.190482	0.227674
854.526	54.6219	0.187362	0.215736
330.047	59.1763	0.143823	0.635313
352.851	50.8139	0.175887	0.143930
671.715	52.3074	0.157209	0.260499
640.941	42.8183	0.155862	0.162894
184.875	39.1443	0.133841	0.364003
627.985	40.5706	0.13149	0.174123
353.644	42.8516	0.155156	0.600506
531.787	55.9617	0.231309	0.210505
646.2	53.96	0.137081	0.351992
654.549	48.3536	0.151077	0.310254
361.842	42.0966	0.15579	0.120658
538.003	52.7411	0.152039	0.349564
263.912	60.553	0.240824	0.000000
695.664	49.7872	0.224362	0.145611
599.006	45.8678	0.185597	0.212055
553.738	52.7592	0.146063	0.323226
701.784	48.2929	0.154581	0.294066
343.536	43.6546	0.146567	0.406091
411.935	60.1718	0.152416	0.000000
629.681	51.0149	0.156406	0.377746
368.278	46.4725	0.175436	0.179102
472.3	39.4173	0.175648	0.195738
618.41	48.5653	0.130437	0.251299
236.203	39.3069	0.248982	0.100000
220.044	43.869	0.162896	0.338984
443.883	54.6422	0.136015	5.315907
715.233	47.3985	0.179225	0.222902
749.061	55.0692	0.156607	0.289953
678.04	47.2194	0.147892	0.277814
224.703	41.3318	0.128096	0.315886
735.881	45.7467	0.156867	0.245697
228.176	39.4171	0.23435	0.189408
570.707	38.8996	0.174105	0.198092
229.404	52.78	0.136512	0.491873
650.58	46.3793	0.154629	0.265505
442.196	53.6881	0.190732	0.244990
296.128	37.0066	0.185659	0.228993
319.682	51.5451	0.22819	0.301230
604.516	53.8971	0.167603	0.256384
550.464	43.1424	0.164951	0.298658
522.074	46.3994	0.130608	0.300716
443.975	43.8614	0.125732	1.035695
505.891	38.6412	0.137845	0.283226
563.22	48.0474	0.214511	0.170771
522.864	42.5502	0.208619	0.143530
226.671	39.051	0.184552	0.072890
656.273	45.1992	0.240481	0.135873
470.205	51.3922	0.139306	0.490890
410.664	45.9928	0.162607	0.348738
640.584	58.0259	0.127261	0.382444
444.093	49.3296	0.201046	0.234122
626.022	39.8017	0.176695	0.155777
493.468	45.2744	0.134607	0.304788
381.047	41.6336	0.177535	0.134929
553.857	42.6358	0.143229	0.233622
244.756	44.0334	0.151441	0.307222
218.715	36.8624	0.182395	0.130908
543.296	36.6876	0.155238	0.146666
214.984	49.2499	0.157482	0.245813
172.134	38.7636	0.13606	0.362068
645.101	58.0662	0.142062	0.453638
617.774	41.4653	0.233219	0.136350
512.709	41.4509	0.162408	0.193693
300.639	47.9988	0.129406	0.382530
518.158	43.2459	0.236708	0.125698
602.646	58.119	0.144361	0.350763
245.308	50.9306	0.145659	0.372670
235.067	37.3719	0.15304	0.154984
480.951	44.2396	0.159947	0.243652
197.864	43.5317	0.197457	0.131195
375.441	44.5423	0.20665	0.169440
536.235	49.034	0.168052	0.260494
496.184	55.8247	0.188354	0.339297
304.433	57.083	0.200182	0.000000
480.648	43.1409	0.195362	0.187319
270.512	40.3193	0.236871	0.107886
561.605	36.889	0.209099	0.127650
672.399	54.1767	0.207589	0.282845
301.848	55.0125	0.177364	0.499025
728.051	48.8386	0.190174	0.203320
813.48	54.841	0.133222	0.324962
182.761	38.0064	0.152874	0.159503
732.563	54.1587	0.248751	0.195949
505.339	42.8204	0.215932	0.164395
532.775	46.7173	0.140909	0.302926
202.487	37.9316	0.198204	0.197021
191.208	43.9345	0.154124	0.290883
675.341	46.7181	0.143938	0.223718
557.422	53.9427	0.21119	0.217172
470.63	37.4917	0.156572	0.199648
563.946	42.4219	0.148579	0.191682
194.666	41.1652	0.174601	0.207725
502.404	60.5947	0.15311	0.358509
595.591	41.2303	0.229222	0.113909
324.023	40.5375	0.156976	0.112680
694.451	46.6418	0.231006	0.190977
493.331	41.9001	0.180908	0.180137
530.419	40.4884	0.125981	0.233565
211.946	37.9276	0.207382	0.112740
814.27	53.8355	0.154098	0.354184
381.534	36.5772	0.220247	0.145671
695.581	44.5692	0.184202	0.217308
243.796	40.76	0.126389	0.325808
401.161	45.1885	0.131201	0.210334
530.049	44.7653	0.172305	0.202839
584.618	37.5257	0.229658	0.116876
891.011	60.8121	0.185695	0.307596
808.917	59.3131	0.125465	0.395640
245.267	38.5216	0.163394	0.278066
490.684	46.6846	0.147587	0.273863
259.479	41.6556	0.245628	0.084419
414.948	38.8421	0.1314	0.080981
582.701	47.2579	0.188196	0.260630
451.664	44.4217	0.135118	0.130634
586.522	37.0324	0.141859	0.184975
485.492	58.1533	0.195821	0.367156
429.527	47.6329	0.142643	0.591702
286.06	52.4397	0.156844	0.461588
461.68	45.3058	0.227875	0.158808
719.035	49.856	0.162812	0.314264
304.386	52.6873	0.22321	0.506782
629.496	44.3627	0.138713	0.229071
250.572	48.8569	0.180503	0.154214
306.689	45.7035	0.149915	0.314861
501.503	48.0981	0.230058	0.172303
432.278	38.9493	0.248207	0.109344
382.776	41.6432	0.179474	0.201739
677.431	46.8896	0.158719	0.309565
527.477	39.8305	0.200806	0.152672
247.855	45.167	0.16368	0.288902
774.194	49.4159	0.184411	0.180396
371.619	50.8913	0.22231	0.174128
418.659	39.9679	0.16323	0.192500
237.839	43.2867	0.136599	0.246537
442.827	56.2261	0.22119	0.211576
441.251	44.1599	0.135116	0.326419
334.066	37.1474	0.194407	0.181765
361.474	45.0662	0.161142	0.058956
378.462	44.5576	0.131485	0.279428
718.672	43.5254	0.203112	0.179544
661.646	52.0515	0.177667	0.274297
625.176	40.5327	0.227558	0.168732
561.441	45.2743	0.171805	0.191541
346.597	43.8664	0.246229	0.163035
524.322	49.7821	0.173576	0.261763
841	55.0704	0.133282	0.300878
604.778	39.5457	0.180878	0.161999
607.618	39.54	0.135795	0.215537
240.713	39.5309	0.132464	0.268738
819.297	52.1615	0.162059	0.296151
494.747	37.037	0.223256	0.141479
477.096	58.4087	0.135333	0.234129
389.742	38.8121	0.208336	0.143707
651.1	59.4869	0.147104	0.476813
763.214	52.5729	0.2181	0.196781
345.064	53.1547	0.144089	0.000000
429.964	36.5495	0.17446	0.134259
364.709	41.0593	0.134402	0.253844
688.243	49.6588	0.134608	0.223744
866.128	57.427	0.171843	0.225531
550.129	54.5909	0.126259	0.507194
620.189	45.1814	0.14379	0.293614
380.922	39.4847	0.161656	0.182375
276.403	40.1491	0.192471	0.129683
168.655	41.8458	0.146747	0.288172
394.497	43.4362	0.133589	0.580291
518.488	47.0261	0.133717	0.265009
757.093	51.1413	0.13634	0.358546
334.311	44.6656	0.150884	0.548492
565.349	55.7359	0.138003	0.395953
655.938	59.417	0.136615	0.455622
248.788	51.8872	0.189053	0.402862
425.475	47.5974	0.143919	0.309176
281.777	37.749	0.160073	0.116426
589.377	42.4144	0.134425	0.194777
501.491	46.0669	0.246014	0.172700
332.334	58.3805	0.2171	0.277912
428.571	39.0095	0.190534	0.095801
429.254	50.7084	0.14126	2.486471
833.756	57.4424	0.150717	0.365062
457.006	59.3683	0.215211	0.207139
300.768	41.0539	0.130824	0.178421
320.421	41.2698	0.192286	0.237572
618.17	44.392	0.145909	0.255506
610.707	52.9687	0.235702	0.174791
572.508	55.5067	0.176453	0.281168
571.653	36.5377	0.162954	0.176941
480.371	56.3376	0.155126	0.339418
604.463	56.2905	0.143913	0.428788
511.457	39.5054	0.126306	0.160617
495.514	38.8248	0.165428	0.230394
633.255	40.1984	0.158714	0.203105
317.966	45.9446	0.231009	0.257275
623.154	41.411	0.137954	0.213524
412.9	37.7008	0.140006	0.307460
509.976	37.9764	0.21561	0.136410
299.057	50.6139	0.180993	0.376621
460.849	39.7323	0.233933	0.123155
619.666	40.8892	0.196601	0.135794
403.011	36.5586	0.133997	0.205820
452.107	53.5466	0.144623	0.194383
594.037	44.2235	0.199246	0.190121
172.372	41.4618	0.127311	0.458774
430.239	43.6615	0.169887	0.249480
179.263	40.2415	0.191269	0.217278
630.205	56.3502	0.211219	0.247242
243.946	38.3196	0.188413	0.090029
913.216	58.3237	0.146766	0.315501
178.58	44.9625	0.229223	0.137583
171.492	42.8722	0.126138	0.711816
353.393	43.1236	0.142046	0.198610
618.552	48.1532	0.156806	0.209304
296.264	53.5581	0.202583	0.260427
496.164	36.9821	0.249509	0.116248
671.258	45.1317	0.160172	0.219884
329.303	43.5033	0.171325	1.082297
192.543	45.3523	0.205253	0.252450
207.374	49.5592	0.159183	0.232351
700.465	51.7989	0.150642	0.268012
491.615	38.9021	0.22737	0.141778
588.128	51.2724	0.217571	0.183565
568.833	42.6205	0.175382	0.173019
401.597	50.1825	0.177065	0.195212
612.338	42.8263	0.163114	0.190183
530.631	56.8097	0.171797	0.331498
368.164	48.9524	0.196668	0.288448
498.92	50.1995	0.172684	0.208295
414.282	47.2184	0.206292	0.178520
663.814	58.2212	0.154663	0.415363
491.658	49.6423	0.18608	0.205127
276.991	59.5743	0.233964	0.820618
611.38	49.186	0.141775	0.286563
770.359	53.8007	0.140225	0.361339
890.182	60.5144	0.231259	0.258976
271.751	42.5968	0.129605	0.262232
306.255	47.5411	0.136937	0.315234
596.558	46.5147	0.223219	0.149530
598.166	49.7336	0.218114	0.195063
551.774	56.2663	0.129663	0.289219
622.632	50.0847	0.180988	0.265176
335.019	43.5373	0.21385	0.146908
601.667	42.637	0.140058	0.254820
928.146	60.5673	0.141097	0.360039
263.117	36.8857	0.178096	0.125972
437.535	40.5569	0.22901	0.150280
587.406	38.6682	0.166952	0.211686
663.86	44.1503	0.162849	0.204097
707.941	43.0658	0.138507	0.230266
478.327	49.7615	0.221367	0.194493
465.099	44.5966	0.14095	0.281079
588.23	47.3714	0.135184	0.328785
284.367	44.3493	0.178783	0.207312
457.254	43.7951	0.141145	0.152244
652.649	49.4413	0.144645	0.263362
310.973	36.8786	0.161952	0.148953
386.358	37.6099	0.220475	0.108983
233.208	41.0395	0.233594	0.185743
684.315	44.5622	0.148355	0.183038
716.745	58.9076	0.152824	0.351424
327.996	37.3783	0.158615	0.264245
520.267	54.207	0.15293	0.433451
494.994	45.9201	0.125043	0.570889
484.856	39.0355	0.133986	0.227759
218.012	39.2769	0.143874	0.277434
158.815	40.8125	0.155129	0.383801
443.401	48.2483	0.237233	0.131025
629.178	47.82	0.175344	0.254967
334.042	39.7108	0.197171	0.136180
526.38	51.7941	0.169175	0.273598
794.221	60.7276	0.14055	0.504105
306.59	38.956	0.174499	0.259584
733.259	49.0133	0.155463	0.300207
773.862	52.1893	0.159595	0.277553
586.163	41.107	0.13741	0.208552
297.758	44.9778	0.143969	0.205898
629.207	42.932	0.230988	0.168165
199.391	37.0513	0.163741	0.235301
267.997	53.0901	0.20977	0.556256
421.945	42.3093	0.199285	0.139681
747.511	47.5891	0.14277	0.238456
694.099	46.5063	0.211599	0.213370
219.906	46.3437	0.189185	0.172170
535.119	47.3658	0.151896	0.203693
581.11	41.4565	0.240245	0.143198
367.93	37.0659	0.128283	0.168251
589.221	48.736	0.247739	0.146295
408.542	46.9009	0.137297	0.987143
568.9	46.2194	0.226092	0.150383
458.047	46.8577	0.186974	0.155766
549.496	54.7089	0.162207	0.293656
202.155	38.2366	0.126472	0.374913
244.362	43.143	0.237444	0.108384
662.147	56.3538	0.162428	0.260031
663.515	45.9875	0.125361	0.335638
495.628	49.0664	0.157705	0.311811
535.795	38.2761	0.137381	0.248703
858.163	55.9128	0.15027	0.382568
373.437	49.7789	0.216748	0.235014
742.594	46.0228	0.12953	0.221269
624.516	38.1552	0.138348	0.238664
452.361	43.9354	0.185387	0.199370
653.883	55.082	0.209564	0.223630
492.067	47.3125	0.178014	0.253462
501.629	45.7093	0.142411	0.325481
390.013	48.5342	0.149426	0.197202
297.815	40.4464	0.158934	0.177185
624.07	53.061	0.12966	0.358519
510.275	44.1247	0.126193	0.248618
401.613	37.912	0.237326	0.095037
440.861	50.6036	0.163016	0.422903
205.657	41.96	0.187294	0.140090
850.08	59.205	0.135726	0.325033
257.726	46.8393	0.204945	0.114441
335.557	46.4596	0.150885	0.162279
350.248	42.8641	0.179421	0.214411
586.122	48.2149	0.194168	0.207502
210.813	41.2906	0.239701	0.117049
234.32	37.4653	0.136184	0.196454
710.557	58.8443	0.162352	0.351006
547.901	55.6418	0.12693	0.409788
539.567	56.2081	0.127257	0.533434
677.298	51.1234	0.207297	0.208932
360.58	38.1734	0.147705	0.137523
210.856	38.3207	0.130816	0.269511
709.938	46.9773	0.236846	0.196039
421.162	40.2645	0.164376	0.195968
614.961	45.2327	0.125551	0.273278
258.02	50.5797	0.233274	0.094318
483.449	45.5966	0.240776	0.142958
199.419	37.4197	0.132389	0.252361
720.034	50.6667	0.182277	0.257198
456.259	53.9247	0.126036	1.480109
765.084	58.2265	0.1768	0.223873
391.213	41.5591	0.20318	0.185189
608.82	50.3021	0.148257	0.297537
831.857	52.8245	0.12911	0.354632
249.492	59.7075	0.13095	1.077629
317.328	37.9804	0.232996	0.176832
344.888	47.0341	0.129632	0.213323
539.31	56.2198	0.171851	0.259390
317.41	59.4736	0.191065	0.000000
293.684	42.3169	0.131668	0.177162
632.37	48.0102	0.208105	0.143214
344.706	44.8716	0.133494	0.148087
181.638	37.9564	0.175427	0.144238
401.11	50.7701	0.146043	0.145503
363.352	37.983	0.157823	0.138983
626.202	55.1142	0.158111	0.410647
495.329	40.9236	0.180367	0.209002
610.68	39.5428	0.154274	0.231933
227.439	46.0038	0.145692	0.397962
218.153	39.3063	0.216553	0.109408
155.627	36.7815	0.159381	0.353740
227.617	44.1334	0.158198	0.271590
290.269	43.9391	0.147192	0.127790
480.341	38.6867	0.138865	0.213633
790.836	57.468	0.145571	0.419323
378.299	54.6726	0.126843	0.000000
224.287	45.3149	0.129742	0.208266
567.3	43.8334	0.211154	0.183045
418.587	51.5366	0.225883	0.251772
194.784	37.2097	0.194992	0.168835
418.938	42.9431	0.149143	0.374629
248.992	44.1333	0.211623	0.161094
189.349	38.8498	0.163535	0.245454
376.438	40.9303	0.17687	0.116647
661.495	50.3742	0.147485	0.349435
491.887	44.7934	0.141609	0.234602
674.042	54.7818	0.198182	0.221588
258.398	52.8467	0.165033	0.294973
159.984	40.649	0.142149	0.352714
607.025	41.4943	0.149248	0.218574
822.436	59.1989	0.175175	0.332545
355.08	37.8316	0.127766	0.167343
359.106	46.8436	0.166764	0.120617
268.936	53.1238	0.196153	0.188085
546.01	45.1195	0.242981	0.145064
617.563	58.5468	0.160844	0.381554
648.669	53.8302	0.208855	0.260559
669.767	42.9404	0.159015	0.160537
236.136	47.6243	0.237445	0.086981
525.579	38.4993	0.128533	0.195764
807.896	53.2739	0.167856	0.279935
893.556	55.7905	0.237039	0.226301
698.149	46.7692	0.142341	0.321184
662.767	53.4997	0.149158	0.282209
541.696	39.7074	0.167524	0.171651
391.594	57.7107	0.134618	0.627738
482.41	40.3575	0.142198	0.268531
333.389	48.9439	0.232903	0.168498
178.54	39.2077	0.1703	0.193174
330.556	55.5887	0.174272	0.879651
197.453	37.8068	0.125488	0.412479
234.418	43.9451	0.213619	0.221151
793.79	58.5855	0.136874	0.395031
617.012	44.2377	0.125184	0.293040
273.647	36.6527	0.207091	0.148197
384.348	42.6144	0.142699	0.802666
299.364	38.3684	0.161523	0.119031
311.412	43.7643	0.128837	0.346328
271.172	56.5219	0.227321	0.124405
541.147	42.5645	0.236544	0.158259
290.903	47.7492	0.238167	0.123888
426.781	53.9399	0.243005	0.200601
312.224	49.4479	0.23375	0.191007
321.173	42.8951	0.14326	0.251891
551.862	37.8156	0.133831	0.231312
578.796	57.1276	0.145023	0.234025
437.901	38.7725	0.18536	0.159101
260.277	50.4898	0.212163	0.151267
488.985	42.6232	0.218578	0.156153
169.245	37.5534	0.137489	0.458399
530.023	45.9999	0.184746	0.179543
300.562	45.9441	0.144946	0.277166
375.677	42.9149	0.137087	0.373646
367.333	50.1529	0.193098	0.275826
441.48	41.4952	0.234818	0.157398
616.824	42.7058	0.142348	0.242091
271.368	59.9576	0.230065	0.386174
271.668	39.2339	0.233358	0.033919
549.086	37.5357	0.205309	0.114889
575.216	43.9715	0.17559	0.201876
532.603	56.5645	0.149091	0.501364
470.384	47.391	0.185728	0.226541
655.779	60.0002	0.174002	0.275398
432.979	60.4999	0.235698	0.243167
171.878	41.5568	0.137357	0.371136
276.705	59.8814	0.239904	0.435980
680.443	47.4153	0.223593	0.182061
378.062	39.4879	0.230357	0.122009
538.067	36.9527	0.188038	0.143884
324.203	44.0798	0.172192	0.380158
160.23	38.2777	0.205924	0.234645
375.754	53.3046	0.125742	0.368126
663.316	43.0991	0.130769	0.264528
524.911	42.4135	0.126997	0.242625
302.194	48.0357	0.129275	0.323817
483.835	36.5959	0.125929	0.203971
687.709	50.4952	0.179947	0.217242
415.504	54.7777	0.132706	0.000000
449.037	50.7292	0.128553	0.152024
167.465	39.3481	0.190167	0.166628
603.063	42.0635	0.164828	0.175650
662.849	47.7081	0.19027	0.155196
303.113	42.2559	0.215598	0.073746
611.756	40.4471	0.14679	0.217803
559.738	57.6656	0.244215	0.232649
774.375	60.4493	0.238928	0.251180
615.423	40.6681	0.127333	0.194460
731.818	54.1269	0.127436	0.374080
428.8	39.6229	0.214852	0.141237
538.523	51.0997	0.147847	0.308495
726.654	57.0506	0.181684	0.265248
607.627	41.3719	0.130454	0.221805
597.583	44.771	0.152157	0.269524
366.84	40.1208	0.194516	0.141925
501.469	57.3717	0.160869	0.321001
937.443	59.7654	0.13103	0.629263
300.542	44.2318	0.224971	0.150206
455.064	38.2351	0.154165	0.181647
316.826	55.6956	0.126903	0.316586
200.257	47.8308	0.233288	0.207450
377.782	38.4342	0.18728	0.122581
821.567	55.0175	0.168372	0.272642
264.49	40.9179	0.178195	0.083710
314.189	54.1344	0.154273	0.214754
670.238	45.2414	0.216301	0.165062
713.083	46.0545	0.187756	0.213459
245.255	46.9275	0.237842	0.149420
585.288	44.7385	0.200451	0.152207
336.915	49.9177	0.14011	1.322461
757.214	51.2439	0.246971	0.167084
298.509	44.2198	0.186432	0.522578
339.671	55.726	0.152646	0.000000
321.054	39.6255	0.206403	0.119551
681.61	45.8887	0.140611	0.267966
349.983	46.9407	0.144128	0.337167
252.603	37.5378	0.217815	0.040678
545.837	42.059	0.152526	0.234039
216.231	43.3523	0.152978	0.250597
739.54	51.0026	0.234025	0.187532
203.264	47.0834	0.125872	0.550764
276.036	39.5659	0.135457	0.264167
245.881	37.2643	0.235277	0.153361
415.309	39.3887	0.158339	0.219704
160.427	36.7791	0.225942	0.081405
462.698	45.3859	0.138151	0.248283
252.064	42.1903	0.194672	0.192336
658.799	43.0719	0.179594	0.202025
481.195	36.8479	0.249122	0.122119
588.9	57.4379	0.203235	0.293204
441.306	39.8336	0.130068	0.436478
267.413	52.2291	0.128459	0.434392
603.445	38.0044	0.224282	0.108006
285.619	47.838	0.152524	0.242139
416.727	58.3299	0.126875	0.000000
257.224	44.8365	0.179643	0.305042
324.876	36.7142	0.127917	0.222781
470.29	41.9343	0.177513	0.176001
413.045	42.965	0.206316	0.188912
287.169	51.4647	0.185044	0.584750
832.385	58.7512	0.143397	0.429250
452.181	37.0961	0.176178	0.179540
405.694	43.4856	0.145945	0.562946
186.249	46.9299	0.154293	0.364240
336.832	45.3327	0.164693	0.654454
609.469	44.6356	0.223733	0.180381
753.74	58.2344	0.193309	0.273203
648.275	43.4487	0.150537	0.250607
584.727	44.7323	0.128975	0.271657
401.796	54.8215	0.147567	4.915950
549.196	49.6901	0.225919	0.233515
837.265	52.9578	0.163111	0.279712
434.043	55.4466	0.153218	0.396308
459.656	46.0469	0.169943	0.216858
313.33	36.7599	0.161426	0.138514
603.625	39.9099	0.211177	0.180918
479.61	39.5766	0.192986	0.207595
541.473	42.5146	0.224898	0.124385
203.489	40.133	0.164887	0.248895
562.776	53.1037	0.201228	0.239829
335.661	59.5315	0.148182	0.000000
287.134	46.6661	0.248708	0.124156
548.175	42.6504	0.131859	0.283681
478.91	43.0852	0.19955	0.168243
306.745	39.5894	0.127769	0.226449
565.417	44.3184	0.139122	0.250057
214.915	40.6989	0.137605	0.286700
534.942	49.6835	0.240255	0.188593
225.605	43.6661	0.161606	0.230530
618.293	40.4929	0.133064	0.216840
439.956	38.8649	0.133593	0.329623
472.684	50.6057	0.181832	0.239453
417.443	37.4893	0.201391	0.172471
253.782	42.7572	0.156713	0.136025
846.552	58.9035	0.136811	0.365159
401.759	37.3569	0.128479	0.371950
572.309	40.9513	0.135206	0.227267
241.409	50.4164	0.135895	0.447487
218.768	45.536	0.231603	0.180146
489.615	39.3967	0.198492	0.163518
596.76	38.7264	0.131502	0.211229
654.209	48.1484	0.246535	0.169589
517.201	50.1139	0.1408	0.315138
335.697	43.7188	0.246317	0.163017
352.126	41.2746	0.190083	0.169716
458.472	40.6864	0.136948	0.267209
255.826	47.023	0.198493	0.265640
386.49	38.6934	0.248695	0.128685
527.245	59.29	0.171779	0.391944
480.621	52.7613	0.140265	0.296601
753.535	48.1219	0.228639	0.185775
531.391	39.688	0.161729	0.191296
269.87	36.8545	0.144437	0.160283
312.451	60.1412	0.141831	0.000000
173.444	41.2547	0.208415	0.133946
801.76	54.9257	0.169799	0.256317
243.498	39.6731	0.135418	0.345899
581.089	43.4265	0.127936	0.301383
462.828	40.6482	0.229914	0.116580
385.534	48.2855	0.18911	0.248632
745.725	54.0013	0.186415	0.227672
658.812	40.6147	0.219332	0.172076
453.672	37.6495	0.133521	0.184175
288.111	38.5338	0.12588	0.169011
574.014	37.1547	0.208753	0.116220
440.058	47.7274	0.23334	0.152469
405.656	39.4242	0.164676	0.209498
251.771	38.1798	0.136947	0.243382
700.34	46.1278	0.139578	0.248835
512.91	51.1446	0.236816	0.207068
567.934	36.7882	0.174036	0.128820
781.894	52.0179	0.178515	0.255259
243.599	38.2972	0.135602	0.205812
304.243	58.2221	0.141708	0.888612
393.678	43.2055	0.147033	0.185308
280.415	45.842	0.195111	0.168032
501.371	54.5629	0.180923	0.273352
592.675	60.0287	0.175068	0.366176
511.192	45.2715	0.127315	0.370407
487.574	37.7963	0.21189	0.158718
871.228	54.7322	0.237575	0.213308
487.839	55.1834	0.194758	0.201261
189.82	37.3957	0.227174	0.109897
658.515	44.0638	0.16815	0.214358
383.943	37.7609	0.169986	0.151309
612.159	48.445	0.135957	0.296138
580.694	36.7164	0.167283	0.157800
339.04	37.3986	0.2278	0.114757
337.686	59.6216	0.190187	0.000000
792.963	58.5558	0.212552	0.249891
516.672	50.1139	0.173479	0.325888
571.208	41.5895	0.206078	0.150712
332.841	57.4377	0.157956	0.534692
728.736	55.1937	0.125611	0.377987
480.653	48.4814	0.188635	0.156010
760.568	47.7323	0.172463	0.172301
316.558	40.4951	0.224101	0.131713
438.06	37.9531	0.228825	0.102759
407.145	40.6913	0.156726	0.145658
310.322	53.6969	0.190812	0.562870
229.855	48.8929	0.156646	0.262281
249.79	43.0915	0.139775	0.321477
540.951	40.4149	0.14456	0.191672
419.383	46.1583	0.207355	0.161578
183.8	41.099	0.160963	0.250515
480.748	53.7132	0.133669	1.035367
167.888	37.7551	0.130697	0.396362
599.207	39.6657	0.189775	0.155818
475.215	49.71	0.12674	0.783316
193.499	37.3486	0.190469	0.142976
633.895	53.3156	0.243428	0.199063
501.448	43.1641	0.184486	0.194423
340.099	40.226	0.130667	0.221693
678.678	54.4071	0.141836	0.286358
404.7	40.5468	0.231438	0.140825
338.118	40.5648	0.141002	0.235943
217.126	52.9869	0.137621	0.552025
681.796	58.0334	0.163306	0.321443
816.197	54.0995	0.184242	0.185119
260.87	37.9884	0.238734	0.127176
460.066	50.963	0.134462	0.350851
336.975	44.4075	0.167432	0.200900
546.138	37.7438	0.142297	0.272281
558.221	37.3296	0.145685	0.198693
280.006	43.2779	0.190417	0.248821
217.607	51.1866	0.130437	0.576356
479.864	42.5738	0.162807	0.228340
436.999	44.1997	0.202017	0.152773
589.058	45.111	0.20104	0.156794
700.115	44.6124	0.126019	0.284994
331.465	39.3346	0.137284	0.121317
510.926	58.8648	0.20163	0.265697
596.632	52.4044	0.147447	0.285371
419.015	49.0331	0.164181	0.190762
213.963	43.4871	0.18762	0.183514
301.423	44.916	0.203735	0.176458
596.269	41.9271	0.171269	0.161950
410.036	50.6684	0.14953	0.565093
170.857	40.2809	0.143637	0.320824
753.508	57.0595	0.167702	0.376387
391.445	60.733	0.180829	0.596023
223.291	37.1669	0.222463	0.062590
503.024	46.381	0.146632	0.364522
289.408	37.6046	0.131272	0.130758
583.587	53.3053	0.144336	0.337416
278.502	54.4187	0.159774	0.235150
618.4	56.0723	0.125254	0.422644
548.052	45.1753	0.138983	0.285123
574.231	40.7963	0.164662	0.186047
471.249	40.2749	0.158485	0.192316
417.021	46.3672	0.125998	0.678314
274.837	37.5573	0.176914	0.342687
452.857	39.8294	0.213142	0.170713
545.277	36.5887	0.140555	0.171148
480.18	49.1717	0.238868	0.169380
609.365	45.902	0.181226	0.227698
308.83	52.752	0.180333	0.334417
611.257	52.8966	0.188627	0.262246
317.5	51.8972	0.163854	0.398410
552.529	60.1191	0.130597	0.272973
554.323	46.5218	0.126781	0.296584
386.21	38.9305	0.191369	0.228022
489.899	43.0326	0.189658	0.156474
314.466	47.1617	0.191711	0.632445
461.447	44.0632	0.24554	0.160709
913.653	60.1637	0.184586	0.327036
214.21	42.0536	0.151214	0.353483
148.393	36.6392	0.131582	0.780290
471.089	36.8486	0.195253	0.144511
608.644	48.192	0.140461	0.329978
861.706	56.2331	0.219496	0.300016
379.423	58.1845	0.165491	0.000000
466.287	40.4078	0.158014	0.259675
188.354	44.7823	0.133746	0.467261
599.62	51.0685	0.126344	0.405661
232.925	44.3275	0.174949	0.159646
232.669	54.2181	0.165447	0.364355
562.324	59.3257	0.138792	0.354239
414.921	51.5362	0.165349	0.375627
351.094	43.4068	0.141176	0.175468
642.117	58.7074	0.17551	0.288940
712.88	56.3634	0.233212	0.183273
475.116	40.2406	0.24096	0.116558
592.004	49.6612	0.149891	0.272215
493.488	44.1957	0.140047	0.250877
650.675	59.8715	0.203643	0.286419
656.094	56.8422	0.138105	0.377420
384.859	38.6828	0.22775	0.143388
654.883	43.9097	0.134205	0.246495
481.287	38.4533	0.154669	0.143515
700.923	59.9099	0.207561	0.295158
588.071	59.7569	0.129844	0.397030
412.537	48.7771	0.204581	0.124804
494.01	52.1068	0.200044	0.178624
258.552	44.8579	0.151281	0.162853
337.362	58.3681	0.131808	0.000000
628.804	46.4983	0.136264	0.300810
775.242	55.1446	0.137383	0.305650
696.532	54.8	0.154944	0.321777
525.736	46.8575	0.154284	0.275560
838.121	58.5772	0.193382	0.287955
692.985	53.228	0.179543	0.260310
450.476	52.8269	0.15167	0.200705
169.571	40.7401	0.139741	0.363501
397.869	45.2585	0.194736	0.244542
596.305	39.5928	0.247221	0.114491
770.041	48.648	0.172945	0.228416
830.326	54.2688	0.13628	0.343622
273.767	38.1377	0.129363	0.266237
357.921	37.7675	0.187028	0.138119
497.095	45.8842	0.219146	0.170736
187.547	43.4546	0.218208	0.194709
285.303	60.4319	0.158459	0.000000
409.253	40.9363	0.156188	0.176752
300.211	52.5545	0.131911	0.447386
746.256	53.5621	0.151619	0.300270
311.283	46.9598	0.125459	0.299461
881.626	59.5257	0.191563	0.250081
363.198	44.2926	0.217843	0.144602
225.299	44.0528	0.12515	0.282839
321.384	51.2348	0.15231	0.317207
658.221	40.6679	0.189828	0.150692
548.702	40.9192	0.128606	0.251469
516.034	36.936	0.19172	0.151453
583.006	45.7406	0.141868	0.220832
511.624	60.375	0.216592	0.257252
397.558	40.1757	0.129695	0.133071
336.853	43.13	0.143727	0.178107
315.967	37.8347	0.210488	0.118735
444.22	59.5399	0.162995	0.546868
505.566	45.9565	0.138996	0.305075
598.97	36.9423	0.149805	0.182631
197.682	36.6931	0.201385	0.136235
535.119	42.548	0.232322	0.150437
770.895	47.5893	0.172121	0.277842
438.824	43.579	0.20529	0.161507
393.305	37.7129	0.135212	0.066799
641.398	49.8163	0.1317	0.520503
359.903	39.6419	0.140312	0.082004
587.056	52.0757	0.136561	0.358262
564.447	38.4587	0.211634	0.143331
486.756	37.085	0.163786	0.179958
312.929	41.1828	0.138641	0.223233
750.555	51.4354	0.142571	0.326108
529.235	54.3528	0.161416	0.277232
440.782	48.0341	0.165361	0.259580
449.629	52.2819	0.237443	0.156852
419.065	44.4644	0.176048	0.185200
636.154	39.7714	0.184197	0.160226
389.406	40.1888	0.221082	0.166471
276.255	38.0768	0.215019	0.064675
522.54	41.5858	0.130394	0.271079
473.822	41.6604	0.130167	0.283813
280.452	52.6042	0.128638	0.412705
640.664	40.5336	0.196503	0.177623
302.916	43.1284	0.174189	0.121873
351.317	40.5281	0.189627	0.159468
574.743	43.0755	0.138271	0.222237
352.814	39.0716	0.145858	0.168771
522.199	46.0378	0.16293	0.270370
443.349	38.0494	0.217318	0.144734
639.84	51.2772	0.192109	0.267501
826.928	54.5426	0.128801	0.368291
410.164	44.287	0.20609	0.229634
525.431	47.1362	0.190147	0.159819
675.346	59.2296	0.23141	0.264448
860.655	55.9531	0.226731	0.186698
368.658	55.8694	0.19784	0.150174
422.432	42.2697	0.161733	0.174170
347.439	53.7835	0.15808	1.309193
245.998	40.3999	0.142015	0.187152
380.204	51.7742	0.199248	0.223016
463.875	56.2779	0.190469	0.257853
349.307	57.5798	0.164095	0.863208
631.451	52.4651	0.208913	0.234869
583.625	40.0812	0.198781	0.182188
474.658	51.4169	0.133668	0.312888
475.95	40.8531	0.162504	0.278531
699.795	44.1152	0.158764	0.231982
436.86	37.5335	0.210726	0.119978
251.81	45.4056	0.174358	0.129927
242.073	43.6942	0.133403	0.381550
538.427	38.8316	0.140653	0.179829
594.881	39.5424	0.181772	0.161030
647.906	55.7257	0.132779	0.385758
295.968	56.8415	0.213806	1.087844
545.115	45.5032	0.133824	0.239393
532.644	36.7456	0.14405	0.219214
395.152	53.3889	0.167264	0.338662
525.321	60.5144	0.137271	0.280521
314.135	43.5854	0.16527	0.159254
219.867	39.8525	0.135606	0.368050
495.819	38.0287	0.2366	0.160276
520.975	45.6304	0.202596	0.212422
548.765	36.5316	0.159615	0.144345
693.353	52.7083	0.216194	0.211171
215.209	43.6621	0.210081	0.053857
482.436	44.1987	0.188441	0.243090
374.044	56.956	0.196541	0.661749
456.767	37.0645	0.156974	0.140006
228.439	39.1093	0.128442	0.296245
916.679	60.3072	0.143335	0.339744
774.01	59.525	0.153182	0.355945
838.873	55.1308	0.185115	0.218622
401.797	38.4021	0.249496	0.093442
764.148	58.3624	0.156299	0.359393
665.997	45.9623	0.215756	0.139452
353.73	42.6934	0.168898	0.321831
538.178	41.9746	0.136005	0.241193
203.318	48.4473	0.175949	0.203065
515.755	41.5094	0.129476	0.251023
271.436	56.8674	0.2197	0.297903
552.635	42.5297	0.177073	0.162184
513.421	39.1254	0.158351	0.202529
274.445	40.3029	0.225575	0.080118
502.334	41.4927	0.126373	0.376266
804.239	50.4068	0.210831	0.216815
300.439	44.6579	0.231708	0.180328
438.776	47.6642	0.153983	0.277200
406.934	41.8348	0.156964	0.304046
251.421	48.8259	0.223223	0.336626
383.301	48.6269	0.182406	0.212070
839.658	55.7078	0.198178	0.250556
283.654	50.1982	0.136174	0.353685
344.892	45.1989	0.182498	0.133449
468.71	46.9642	0.158283	0.230417
262.947	55.4247	0.194731	0.178765
624.886	49.6125	0.149639	0.235421
290.485	43.3383	0.242596	0.188311
460.586	44.3695	0.159316	0.290389
183.626	41.6192	0.127147	0.292595
277.422	50.0554	0.128028	0.606977
673.078	46.419	0.142748	0.283298
636.559	43.9578	0.147457	0.262212
824.57	53.043	0.159097	0.247592
361.707	37.9298	0.19899	0.174060
633.852	54.5533	0.140025	0.317908
602.908	56.9315	0.140315	0.400371
556.514	42.8406	0.230698	0.151503
518.219	37.6849	0.167694	0.167387
439.098	44.5971	0.135147	0.487613
775.011	49.3943	0.208541	0.202759
820.299	55.9208	0.132441	0.298563
450.891	47.7664	0.157106	0.348226
296.378	38.1519	0.188592	0.125925
217.232	48.9596	0.202483	0.316789
778.78	50.0569	0.164995	0.315299
692.428	45.0961	0.217738	0.180966
901.585	59.6149	0.19135	0.276352
193.041	44.0016	0.19202	0.161859
409.109	44.3439	0.130854	0.342103
725.336	58.0885	0.228786	0.252555
578.706	43.6801	0.209116	0.113732
239.932	42.7086	0.143744	0.315472
243.247	36.6705	0.163712	0.127768
686.846	44.8559	0.184208	0.225540
791.065	54.9476	0.144193	0.329739
490.358	45.1521	0.204877	0.176863
260.045	46.4254	0.155358	0.270428
578.55	39.5735	0.228721	0.114264
208.251	39.4483	0.192898	0.169834
770.605	54.8169	0.134437	0.407541
280.066	57.6449	0.156566	0.449801
570.887	40.4809	0.230997	0.138890
334.074	40.7816	0.127475	0.149348
208.357	37.0586	0.152261	0.208732
492.102	37.8728	0.200007	0.140159
708.414	57.2138	0.145303	0.395124
184.455	37.1018	0.163994	0.282622
597.659	38.3166	0.150475	0.195298
754.249	51.6021	0.244532	0.160704
208.027	37.211	0.20495	0.061212
432.323	59.4322	0.238386	0.281535
232.699	55.7122	0.245459	0.545502
209.809	42.1116	0.240784	0.145579
390.557	36.8619	0.197421	0.165714
429.346	45.1101	0.159602	0.230298
565.682	55.9383	0.185718	0.302724
364.386	37.5799	0.16604	0.248333
220.963	37.8541	0.143892	0.235269
479.092	50.8283	0.142927	0.241346
670.53	51.0217	0.12635	0.262354
512.637	43.9158	0.130451	0.188117
174.904	36.5883	0.194543	0.147547
310.474	58.8468	0.167048	0.315565
668.782	57.2061	0.215464	0.233974
472.538	37.854	0.162105	0.152897
532.38	47.8995	0.160679	0.247739
575.06	46.2673	0.171356	0.204534
361.092	49.8783	0.130819	0.245022
661.311	52.4298	0.227578	0.221311
267.604	43.6702	0.127784	0.273530
324.44	41.7039	0.155417	0.240910
492.754	59.1149	0.134274	0.665717
708.843	51.72	0.132453	0.317603
616.295	56.1522	0.222408	0.285173
479.405	53.9575	0.126073	0.297153
642.693	39.5285	0.131345	0.292347
624.029	54.9887	0.130546	0.321603
435.564	39.8866	0.219535	0.137737
550.198	41.6488	0.14668	0.208011
449.627	59.6086	0.247415	0.235841
402.364	55.2924	0.239957	0.207730
610.06	42.689	0.230258	0.145548
622.617	54.3526	0.247221	0.203610
612.237	37.229	0.145227	0.203877
626.337	51.6352	0.209482	0.189779
712.706	52.4609	0.205534	0.210105
334.051	46.2736	0.185713	0.201420
199.338	38.397	0.196945	0.142407
428.088	58.0245	0.137586	0.000000
349.369	39.8802	0.182318	0.297857
438.036	59.4772	0.206372	0.269719
272.493	46.4662	0.140864	0.145113
329.761	42.6265	0.16947	0.665260
396.046	47.4647	0.151644	0.576089
676.043	45.243	0.15529	0.180379
743.644	54.4767	0.201858	0.261051
507.637	49.2712	0.159971	0.255109
465.877	42.4961	0.169782	0.211950
847.944	58.7568	0.17463	0.316650
536.506	58.4745	0.128015	0.282806
741.262	52.7378	0.150725	0.304229
472.386	58.3208	0.158166	0.299720
406.718	50.3185	0.130118	0.899238
534.38	45.5438	0.148264	0.246543
461.028	39.1808	0.189534	0.147749
349.619	38.9875	0.242254	0.075527
741.614	60.8199	0.135018	0.411826
154.721	36.7799	0.133567	0.257250
415.858	51.7554	0.21121	0.211702
394.382	46.5446	0.189847	0.271908
776.469	60.0909	0.15773	0.376867
454.763	44.4928	0.224381	0.171606
645.153	53.6808	0.16833	0.353378
648.339	50.466	0.231501	0.182633
501.355	40.8776	0.158098	0.206397
786.014	50.0189	0.243819	0.178602
860.25	57.5391	0.16633	0.282579
450.555	47.0415	0.175836	0.210519
209.669	44.1297	0.175017	0.249439
468.852	51.5843	0.128355	1.953260
303.833	38.0298	0.149749	0.188504
230.426	45.0613	0.173206	0.214919
281.808	47.7251	0.128189	0.388084
306.543	39.6635	0.158186	0.186141
543.628	40.1721	0.151901	0.213757
532.74	39.0053	0.21432	0.138753
648.521	60.6989	0.203909	0.224901
470.838	55.6346	0.161716	0.413336
427.652	40.2393	0.210235	0.153680
287.614	44.272	0.129316	0.255488
507.041	41.3426	0.182789	0.154489
550.82	37.0621	0.152579	0.198446
429.884	45.6452	0.188671	0.151619
590.156	53.6619	0.162735	0.330091
248.176	39.3703	0.206719	0.153403
580.643	52.4409	0.177336	0.288699
207.702	48.446	0.231843	0.219052
326.711	50.3983	0.137022	0.348309
254.818	42.1723	0.211892	0.157909
370.301	40.3057	0.180915	0.233155
406.389	37.5296	0.141779	0.131866
507.34	50.5003	0.175234	0.203810
632.651	58.2226	0.155964	0.272606
640.221	50.4631	0.138862	0.267480
797.421	58.6659	0.138943	0.339814
415.738	53.8775	0.212243	0.170306
232.741	44.0181	0.207422	0.119114
473.035	42.0827	0.154756	0.256956
833.67	59.4358	0.199517	0.288565
632.666	51.0508	0.176055	0.317572
514.195	43.8327	0.184861	0.217310
372.058	41.54	0.148999	0.323468
180.4	37.0419	0.191889	0.209919
416.587	45.2627	0.237092	0.118088
500.112	41.2347	0.212333	0.174044
583.661	38.3933	0.129544	0.201335
624.234	60.5613	0.129593	0.406973
277.559	36.5079	0.151418	0.132223
389.185	46.2853	0.144844	0.318832
205.265	36.5118	0.167559	0.217447
191.92	43.8629	0.239156	0.241580
655.721	44.3883	0.130471	0.245916
262.332	37.8967	0.137941	0.168414
198.087	48.517	0.220798	0.219682
581.801	37.0413	0.139353	0.230109
672.551	51.7344	0.152516	0.237103
569.249	39.7958	0.136746	0.250790
361.186	42.6074	0.145583	0.129354
542.967	43.1753	0.181534	0.204291
267.542	37.9055	0.179893	0.215731
622.407	41.0444	0.173554	0.179667
276.416	41.1206	0.186192	0.170247
297.795	42.3552	0.135992	0.367611
811.533	53.3446	0.205072	0.211218
482.196	36.7539	0.197554	0.127460
218.816	39.0412	0.13097	0.378278
301.488	44.6405	0.192795	0.215688
473.632	41.5763	0.166109	0.177672
779.054	59.9455	0.187437	0.189376
785.995	50.4485	0.126797	0.382589
674.371	44.4982	0.159282	0.200346
433.904	48.074	0.207712	0.184613
169.657	38.1979	0.249349	0.099935
620.254	40.7235	0.13895	0.227019
251.265	43.4646	0.160581	0.159021
619.717	54.6388	0.16342	0.286836
220.679	42.152	0.183766	0.205777
491.385	41.0106	0.149797	0.235253
216.805	48.6092	0.167007	0.304617
604.922	52.8164	0.150175	0.302077
506.285	37.0995	0.144643	0.119873
383.02	57.8358	0.197611	0.299564
779.894	56.6505	0.212236	0.216813
546.66	42.1439	0.196468	0.202421
619.474	46.0038	0.154153	0.264361
160.841	39.9394	0.176899	0.294082
329.109	58.5878	0.164216	0.000000
491.082	41.6438	0.207684	0.165931
183.969	42.3897	0.166112	0.374396
177.913	42.1011	0.248024	0.110344
333.835	40.5347	0.160777	0.355683
513.666	55.1438	0.127051	1.155027
309.637	36.5954	0.234508	0.119258
403.794	42.9972	0.214218	0.214131
439.195	41.2677	0.169303	0.196833
513.749	47.5072	0.154593	0.329415
588.922	43.4364	0.206604	0.149110
507.046	44.3041	0.16268	0.232640
329.111	42.2464	0.181208	0.049433
524.538	60.1694	0.144105	0.536666
454.664	51.4884	0.22208	0.240051
542.595	36.9289	0.242241	0.124502
211.911	43.7467	0.242162	0.237889
351.311	37.0983	0.167489	0.065564
374.795	58.0456	0.127353	0.000000
176.707	36.6705	0.169345	0.272618
557.589	44.6428	0.2408	0.165370
473.959	40.405	0.17725	0.193262
208.73	39.4787	0.141191	0.292700
884.961	59.5858	0.206771	0.249708
174.726	36.7155	0.243323	0.133812
554.307	37.0355	0.139634	0.213630
760.981	58.5708	0.163017	0.263168
631.144	48.5173	0.167775	0.250869
508.472	58.4618	0.151063	0.384144
416.548	47.4535	0.17142	0.337865
410.177	46.1193	0.140885	0.704202
479.217	36.7487	0.129127	0.227527
360.433	36.6938	0.145306	0.393831
348.601	46.6772	0.222519	0.152964
267.452	48.0265	0.14365	0.212518
580.894	54.0145	0.190647	0.201472
609.087	46.7806	0.141665	0.221623
517.275	53.6233	0.19844	0.422372
448.238	39.8921	0.149053	0.161241
620.165	40.4388	0.168433	0.227110
324.471	42.829	0.154699	0.191003
511.52	52.1701	0.213533	0.170845
247.78	38.5741	0.244993	0.058070
161.392	38.2124	0.149694	0.303331
309.263	51.7136	0.235489	0.265371
379.21	45.0464	0.136813	0.326461
709.704	50.116	0.128038	0.240901
629.642	55.7522	0.209982	0.216398
414.57	46.9651	0.188666	0.260054
150.76	37.5135	0.183142	0.180237
486.604	38.0505	0.140533	0.249700
681.654	55.9951	0.178488	0.274283
559.968	40.2736	0.17507	0.154748
810.794	53.681	0.162915	0.269739
632.474	39.1976	0.149482	0.240104
206.37	49.0038	0.162043	0.376151
328.943	48.3792	0.249571	0.216009
624.357	53.6896	0.184646	0.240312
556.931	37.6175	0.153175	0.238092
249.817	53.0572	0.172297	0.284184
246.048	55.2763	0.135208	0.541494
183.09	39.1911	0.133024	0.329190
401.37	44.0193	0.155455	0.179202
207.167	50.9222	0.156332	0.343491
432.458	46.9779	0.158284	0.238385
357.642	54.247	0.202939	0.285060
616.131	42.1553	0.244188	0.140043
262.056	53.4818	0.155901	0.389825
348.174	38.3688	0.222368	0.202276
694.109	42.6544	0.201339	0.156360
350.778	53.345	0.235802	0.157584
348.272	48.7412	0.144152	0.403916
290.749	38.2852	0.146658	0.231117
509.346	37.084	0.126778	0.210214
228.307	44.5038	0.131178	0.293704
396.952	39.2998	0.191184	0.160423
208.236	48.3526	0.157222	0.431014
799.273	49.8744	0.141591	0.313069
517.576	54.4984	0.213343	0.287096
369.968	46.5594	0.235818	0.174506
364.079	39.4089	0.166266	0.264581
707.609	45.6904	0.208151	0.184816
367.422	55.4442	0.185825	0.337517
540.94	42.6266	0.146441	0.191609
233.857	39.0756	0.195031	0.254584
263.553	45.5377	0.246074	0.158339
272.214	50.2236	0.23747	0.095958
633.315	57.3811	0.178968	0.283103
714.909	45.5723	0.177476	0.214016
498.87	40.1438	0.161843	0.181157
501.215	40.1066	0.153069	0.237336
393.746	42.4017	0.172305	0.165783
381.747	50.3096	0.176016	0.310446
232.304	37.3184	0.142769	0.259213
215.204	44.3091	0.129015	0.298378
567.915	47.7004	0.129732	0.275960
390.925	44.7648	0.223688	0.185613
308.07	40.8468	0.14027	0.203175
354.792	47.4377	0.132017	0.157936
580.554	38.7247	0.195548	0.114270
403.394	45.4545	0.188798	0.139868
326.454	47.9057	0.130455	0.413783
431.075	53.6781	0.238635	0.194007
292.361	53.491	0.175843	0.258721
535.663	46.2343	0.182241	0.261332
541.185	48.6662	0.155188	0.216652
785.072	56.2757	0.154727	0.333845
264.024	53.5466	0.19289	0.249323
226.784	51.6029	0.181044	0.174357
626.274	42.0804	0.15628	0.183440
489.177	44.8816	0.168377	0.240221
421.143	38.6669	0.163419	0.208054
513.541	39.0556	0.166619	0.169672
624.574	48.41	0.129122	0.261649
198.765	38.2671	0.208971	0.087684
233.677	50.4884	0.172315	0.294523
716.662	50.0039	0.192697	0.200921
244.387	49.8064	0.232587	0.359208
226.232	43.384	0.201509	0.095400
567.57	38.0846	0.133635	0.153858
708.287	52.7492	0.166338	0.252280
803.387	57.4279	0.185424	0.235770
404.575	36.8526	0.155104	0.207886
407.679	42.0938	0.208305	0.160067
196.304	47.6515	0.196461	0.128655
546.49	42.9562	0.195379	0.143502
256.716	42.8527	0.179458	0.191386
446.771	40.3661	0.170608	0.159566
409.859	45.6291	0.140232	0.749441
525.635	40.6225	0.209916	0.170332
312.978	49.8263	0.205453	0.317215
336.017	39.3587	0.190109	0.122068
441.189	40.4824	0.226311	0.137147
467.893	36.904	0.129243	0.197685
344.802	52.0695	0.214188	0.248201
453.071	51.1792	0.249884	0.188275
326.225	57.7561	0.12737	0.468787
371.857	54.9961	0.128665	1.085459
535.201	37.1644	0.130773	0.216486
778.176	53.4	0.151906	0.210893
671.99	45.8787	0.205351	0.153675
586.188	40.5404	0.14263	0.217015
768.383	48.0451	0.19405	0.203704
391.553	45.5704	0.144602	0.133532
224.935	53.4967	0.148338	0.393287
585.413	45.8336	0.161199	0.199206
428.068	58.0531	0.162975	0.498638
327.155	47.8615	0.220619	0.203875
337.35	44.2777	0.1971	0.165536
251.9	39.9041	0.167004	0.295216
241.658	38.5097	0.152769	0.212834
532.271	38.7171	0.159265	0.192139
476.524	38.4872	0.221196	0.156888
428.908	37.5092	0.205046	0.142568
380.242	60.1641	0.227216	0.269152
533.191	38.5699	0.240533	0.111905
514.241	42.3509	0.135683	0.253599
634.82	54.4863	0.16214	0.300273
768.159	49.54	0.204104	0.182435
491.575	37.3019	0.137969	0.201627
701.273	42.7391	0.167416	0.211674
719.684	55.8777	0.143413	0.281039
209.905	45.3118	0.142326	0.399657
518.245	43.4115	0.183172	0.138098
322.142	53.3072	0.194514	2.386071
269.885	39.6941	0.128093	0.350065
440.03	37.3841	0.180604	0.177218
784.979	56.7796	0.130422	0.462111
585.942	44.2935	0.179408	0.196269
508.028	40.5456	0.144846	0.273477
560.843	54.3509	0.130217	0.404411
535.641	41.9822	0.126194	0.257212
413.581	45.5635	0.141298	0.271793
250.03	39.2523	0.18753	0.079119
483.781	37.0131	0.17067	0.174524
573.144	39.4188	0.150164	0.204704
357.972	39.8053	0.147216	0.089459
179.019	39.2213	0.127743	0.273288
397.416	43.5405	0.171872	0.227361
605.377	38.0983	0.209253	0.119339
473.666	36.8623	0.149608	0.159237
731.245	48.7557	0.221716	0.145802
478.157	57.1836	0.148031	0.484071
910.875	57.5193	0.16149	0.348629
655.267	54.8143	0.174934	0.306893
567.246	47.9075	0.139064	0.327143
766.209	56.1427	0.153444	0.313055
335.985	41.1334	0.174571	0.041302
565.473	38.4418	0.19962	0.142053
310.086	46.402	0.166643	0.397132
314.742	54.0894	0.197408	2.406227
322.887	43.4594	0.241079	0.089742
337.7	36.8782	0.147042	0.095800
176.105	40.5511	0.173696	0.306673
342.446	45.6747	0.131212	0.510017
457.413	42.3008	0.197371	0.150283
507.02	37.9473	0.180558	0.175149
696.518	42.584	0.172546	0.190835
780.268	59.1888	0.142394	0.336130
748.35	49.6126	0.13039	0.287093
797.518	60.0001	0.193167	0.334803
396.536	60.7484	0.191463	0.530670
564.763	59.8629	0.235416	0.259378
489.465	38.6903	0.157793	0.138984
471.512	40.5807	0.136398	0.203651
271.809	42.1292	0.219643	0.051238
292.329	45.83	0.244218	0.170694
269.435	49.7295	0.141714	0.483065
291.629	46.9884	0.126211	0.306996
343.366	51.0346	0.169249	1.442898
669.277	50.0732	0.141151	0.325239
539.095	39.6152	0.241745	0.109320
292.836	48.5493	0.156273	0.417387
739.918	49.3698	0.128477	0.355782
568.308	44.7505	0.131943	0.299611
247.858	40.9515	0.238713	0.108255
476.99	51.3993	0.241555	0.172873
602.718	56.3916	0.178985	0.299666
616.707	48.8037	0.145371	0.262164
585.692	39.1876	0.134016	0.195770
581.54	38.4215	0.207239	0.114415
518.253	57.257	0.183118	0.251364
258.233	44.7001	0.217293	0.237953
559.301	39.782	0.147744	0.202390
766.888	59.9818	0.213967	0.303988
310.568	44.1986	0.139326	0.191696
629.741	42.6841	0.181586	0.195633
413.342	59.0622	0.17339	0.305854
701.603	56.4913	0.222161	0.235985
720.692	47.5545	0.150483	0.244112
392.21	40.4797	0.139185	0.134897
649.007	49.2375	0.223264	0.193971
413.607	50.3606	0.144855	2.136329
595.088	44.4907	0.137629	0.244057
179.718	40.0683	0.198153	0.128195
363.961	37.8737	0.157002	0.251905
279.32	43.193	0.12653	0.209864
605.728	59.1769	0.151872	0.350418
177.968	42.3591	0.246693	0.122072
890.457	54.1734	0.188613	0.233851
356.573	46.4006	0.130788	0.572172
181.411	41.9706	0.239619	0.154455
698.614	51.1423	0.242308	0.128584
296.165	37.1043	0.147514	0.112434
317.458	57.9783	0.140267	0.442247
278.616	39.0028	0.173579	0.193747
242.354	36.9451	0.226889	0.067218
279.01	52.9155	0.166089	0.215799
489.807	60.471	0.211204	0.258173
554.323	38.3178	0.155947	0.211318
211.97	53.2878	0.216482	0.333558
168.521	37.7927	0.125357	0.545288
620.758	40.549	0.218985	0.143940
463.745	55.1291	0.135367	0.278639
538.986	43.9497	0.129576	0.257025
693.543	53.751	0.225575	0.193355
565.167	46.4144	0.158219	0.237916
748.853	54.2264	0.131046	0.440043
400.091	50.1445	0.14464	3.125414
626.379	41.5875	0.157648	0.208511
479.882	45.0218	0.217983	0.171928
398.156	43.2555	0.147129	0.200566
353.382	48.2749	0.235329	0.179113
211.752	50.4103	0.138384	0.528880
447.778	54.2548	0.141755	0.785469
172.5	40.3327	0.148925	0.390141
398.848	44.2861	0.23262	0.129077
315.668	40.9244	0.131024	0.141489
425.318	37.9571	0.212628	0.150860
351.978	42.4218	0.135291	0.201492
195.227	36.5772	0.199648	0.160142
446.463	39.341	0.211838	0.114075
629.566	38.8368	0.145785	0.205455
370.101	48.2842	0.224819	0.260017
374.881	36.7375	0.129341	0.149218
552.659	57.1674	0.161319	0.289241
307.08	36.8318	0.196784	0.068071
416.835	41.6747	0.238166	0.133781
368.993	41.0006	0.188317	0.187280
266.841	42.7179	0.138116	0.143831
248.791	49.0762	0.142028	0.776046
425.674	56.9885	0.205869	0.282397
299.753	37.6329	0.136156	0.159518
338.202	36.9124	0.222008	0.160497
831.1	50.8581	0.194187	0.190024
406.069	52.7307	0.181509	0.155052
571.25	44.245	0.194939	0.175677
353.179	42.6421	0.203327	0.197970
243.332	44.9556	0.156204	0.339484
360.911	53.875	0.1433	0.667299
439.245	37.0414	0.183129	0.103925
296.303	51.5443	0.209983	0.109319
662.542	47.4249	0.232847	0.135113
580.599	48.8458	0.180169	0.229861
468.202	60.7463	0.205524	0.275667
376.747	38.3342	0.156155	0.244170
480.261	43.2199	0.217545	0.178733
335.148	37.9191	0.19544	0.100647
433.118	47.3897	0.241138	0.180352
524.434	48.8211	0.139405	0.259278
590.444	58.2449	0.15376	0.331610
314.406	49.6368	0.130353	0.351687
619.008	60.5925	0.246241	0.273296
311.183	59.7627	0.16357	0.000000
180.969	40.0325	0.136594	0.369344
342.705	40.5983	0.152424	0.122642
470.679	39.6159	0.248984	0.114541
485.706	42.3408	0.172771	0.242810
516.663	46.5412	0.137893	0.283048
260.842	36.8679	0.152156	0.148626
207.791	47.3912	0.136837	0.297048
717.855	56.6341	0.169175	0.312960
779.647	56.1378	0.240436	0.184577
392.502	41.6793	0.143387	0.164355
721.279	48.3141	0.213067	0.197141
450.275	38.1427	0.125227	0.123372
245.343	39.3817	0.143416	0.246469
338.977	41.6696	0.198513	0.172255
502.224	41.5875	0.135148	0.327194
363.97	38.6586	0.171752	0.144234
617.026	38.824	0.157858	0.202353
562.153	39.2524	0.155029	0.237160
805.646	58.6955	0.131709	0.348435
316.623	38.7546	0.129712	0.211889
679.151	56.2199	0.201787	0.288942
271.102	52.8689	0.180701	0.210163
436.941	47.0067	0.139645	0.158968
788.547	59.7146	0.147298	0.482202
504.076	60.206	0.189945	0.344457
576.677	36.8646	0.13182	0.218793
291.477	37.3139	0.22095	0.113877
391.714	49.334	0.246888	0.134858
417.926	37.1103	0.130498	0.412330
346.563	39.5725	0.137637	0.135897
791.414	50.5692	0.189769	0.265443
598.476	45.4089	0.219199	0.215782
374.551	46.9544	0.212389	0.192537
348.575	53.9267	0.169098	1.780175
619.089	37.2603	0.177233	0.170247
252.34	45.8415	0.194966	0.182296
647.037	49.5273	0.21253	0.206098
551.462	41.278	0.192947	0.153025
293.68	57.4502	0.175471	0.000000
651.146	47.5055	0.18674	0.214627
455.559	51.1677	0.19967	0.226391
208.202	47.417	0.176515	0.401814
428.008	46.2731	0.203376	0.168032
663.129	60.2727	0.155936	0.322046
430.256	40.5993	0.219378	0.176714
220.962	53.6197	0.167104	0.349774
311.394	49.2201	0.142161	0.270168
373.587	51.1583	0.163313	0.129328
548.034	41.7593	0.191546	0.172360
176.672	38.8253	0.147781	0.227378
520.38	50.8255	0.209466	0.274560
961.602	58.7416	0.132018	0.346079
247.246	43.7646	0.224983	0.078967
541.035	37.4282	0.156216	0.156401
546.915	43.0486	0.12658	0.225941
689.57	56.7606	0.209388	0.247047
295.12	53.3924	0.132835	0.335600
641.011	48.8975	0.187	0.254901
474.962	36.678	0.171034	0.171415
569.378	40.3875	0.133943	0.195620
682.076	52.1937	0.181568	0.224731
237.735	46.6824	0.211391	0.158758
313.399	38.4052	0.218827	0.095761
315.496	45.805	0.128117	0.194586
475.491	59.2368	0.203492	0.371070
414.981	57.3307	0.126151	0.000000
556.449	50.3882	0.190191	0.242429
245.605	48.3354	0.202339	0.162476
318.843	38.937	0.15253	0.183024
552.246	60.6928	0.154063	0.345709
584.205	37.8443	0.187863	0.128037
194.677	50.0903	0.137061	0.944751
880.422	53.3729	0.129174	0.335616
395.527	37.8535	0.143854	0.352097
750.335	52.1535	0.178847	0.214119
877.074	55.5862	0.139017	0.357884
367.891	37.9181	0.128611	0.156972
245.788	37.6303	0.187896	0.144576
249.624	44.8228	0.187968	0.182272
246.07	48.6108	0.23014	0.139162
627.753	41.4997	0.156536	0.187809
205.424	37.0176	0.210332	0.090091
605.747	43.746	0.169715	0.180439
623.609	52.1163	0.179479	0.259822
380.008	43.266	0.233938	0.109744
491.955	53.9057	0.158111	0.318874
328.79	39.1473	0.245259	0.112575
303.865	43.3267	0.189732	0.169959
479.619	51.6356	0.139415	0.348617
537.769	54.2504	0.165446	0.296087
200.587	41.2366	0.156516	0.289161
284.701	37.6002	0.237969	0.108538
515.9	37.7853	0.238405	0.130537
672.993	43.0138	0.136193	0.206430
682.249	42.0558	0.146104	0.202464
791.629	48.8137	0.226697	0.172718
492.584	41.9165	0.193345	0.147580
167.09	41.7709	0.172662	0.296542
841.519	54.7982	0.193257	0.201505
793.747	51.732	0.210534	0.225324
396.245	37.543	0.16597	0.135018
634.584	58.4032	0.188587	0.315693
799.387	57.4932	0.133915	0.423460
432.857	53.847	0.148688	1.826359
321.865	58.7934	0.163924	0.000000
464.424	40.6926	0.126561	0.318873
329.834	37.1516	0.201988	0.099024
544.996	46.0672	0.132651	0.270443
653.314	58.2063	0.209009	0.246489
327.131	52.5957	0.193754	0.716821
743.603	49.349	0.13972	0.321041
236.094	47.3191	0.248142	0.250612
528.161	51.3253	0.166464	0.306944
571.582	40.4767	0.148928	0.213507
214.424	39.1531	0.226449	0.196079
291.395	37.8591	0.2426	0.138202
220.87	40.6741	0.140325	0.365225
303.294	58.5567	0.235687	0.446983
457.665	53.2589	0.187111	0.254879
191.507	45.3355	0.175995	0.240896
331.286	60.0877	0.154205	0.000000
484.64	41.0497	0.183215	0.151353
479.365	38.172	0.193288	0.159391
458.512	41.1505	0.12517	0.432290
597.415	53.1145	0.202183	0.221713
385.975	41.193	0.130114	0.493575
719.522	57.702	0.191976	0.314843
369.697	45.7894	0.144543	0.519838
251.867	41.2134	0.164772	0.161019
697.225	51.9707	0.173812	0.265258
398.768	39.5878	0.138619	0.090595
618.638	44.2009	0.130937	0.246663
549.243	46.2533	0.227603	0.182924
285.058	37.6761	0.185114	0.223150
227.865	39.8689	0.176276	0.071270
603.642	48.1694	0.22429	0.166132
539.875	42.1305	0.138532	0.221820
595.053	40.5222	0.127225	0.266169
497.149	37.6341	0.192004	0.147898
402.722	45.1035	0.162959	0.306269
444.923	55.3919	0.142542	0.257314
523.992	52.3662	0.186428	0.183255
847.114	55.1912	0.146299	0.280398
338.267	38.3011	0.178268	0.065886
418.971	44.117	0.224164	0.146284
522.546	48.1365	0.17843	0.293861
152.551	38.6775	0.128988	0.406500
465.548	46.6045	0.162495	0.235988
546.062	38.7245	0.161082	0.168511
733.588	56.381	0.126131	0.341095
547.187	53.1382	0.213012	0.162421
417.654	38.1967	0.14766	0.249468
532.558	47.6244	0.183889	0.249569
543.464	41.1488	0.221368	0.145046
858.581	58.0556	0.125274	0.379049
683.377	45.6239	0.165679	0.202505
330.823	59.3389	0.147754	0.800158
824.309	58.0925	0.212847	0.229247
160.981	36.6182	0.239756	0.084859
382.276	39.4805	0.145815	0.210969
356.969	49.3171	0.194685	0.150637
244.167	42.5635	0.159617	0.191381
751.109	47.417	0.165561	0.213460
579.049	38.3979	0.140369	0.208063
353.706	36.8555	0.142358	0.204301
479.969	38.5921	0.176726	0.135787
357.79	52.7705	0.136052	0.518556
451.322	41.3267	0.217459	0.176501
549.301	54.7733	0.197667	0.270529
387.517	51.8603	0.187478	0.320288
637.623	54.1605	0.21699	0.222472
466.93	40.385	0.136526	0.123618
563.585	53.828	0.202363	0.228759
611.016	49.1123	0.136069	0.261899
704.532	52.3616	0.193887	0.224017
478.955	47.4154	0.126571	0.228449
281.703	37.7319	0.238916	0.068173
858.887	53.7471	0.236839	0.205937
304.983	38.4214	0.13869	0.112156
738.383	47.0271	0.183909	0.196410
549.68	53.6235	0.181311	0.220146
749.714	50.743	0.129154	0.257637
445.588	57.9874	0.195714	0.388433
307.418	49.779	0.148422	0.222160
793.497	53.6035	0.125316	0.334188
544.17	55.5681	0.15246	0.384328
741.619	53.6175	0.179692	0.211136
397.208	37.6239	0.148143	0.155266
340.767	51.154	0.133496	0.408515
567.806	47.5175	0.166682	0.346180
732.897	60.4352	0.224792	0.239704
396.065	38.432	0.131909	0.241579
428.2	37.3139	0.189632	0.117215
325.155	37.4724	0.177076	0.351174
336.63	39.6642	0.163843	0.375543
547.356	38.9781	0.178905	0.181404
413.215	39.2812	0.220706	0.107030
443.466	39.2818	0.210753	0.156319
343.741	46.444	0.164714	0.593018
209.503	36.9664	0.167579	0.150766
708.02	53.7977	0.186937	0.252031
731.343	46.643	0.183616	0.208063
526.62	44.6217	0.209723	0.154032
213.084	54.5108	0.216515	0.296240
622.64	47.6284	0.188622	0.199933
657.472	53.2835	0.231351	0.183349
339.657	44.334	0.148154	0.210147
305.226	42.7602	0.155892	0.141310
504.217	57.2763	0.198251	0.272898
198.197	44.3871	0.182406	0.177007
619.104	44.1144	0.159722	0.232055
846.061	56.2206	0.246718	0.183273
282.056	59.8722	0.167235	0.342143
648.461	50.9652	0.12608	0.432056
309.481	49.6377	0.21956	0.381851
638.91	44.0983	0.177182	0.206093
312.459	41.5773	0.238048	0.144701
658.764	47.6106	0.126061	0.368017
499.802	39.0163	0.12633	0.203757
531.054	40.0464	0.136505	0.193058
481.379	43.9926	0.143819	0.241810
351.335	38.8745	0.172113	0.214523
393.663	40.2897	0.145605	0.325574
604.071	40.8679	0.180109	0.136602
506.854	48.6212	0.156347	0.175799
530.133	51.8181	0.160076	0.271037
414.195	37.0072	0.234812	0.120007
863.883	57.904	0.192538	0.260407
300.314	37.4069	0.184745	0.313949
217.591	43.1721	0.178231	0.149944
366.709	41.973	0.173264	0.151993
306.524	37.3324	0.143264	0.183478
643.2	43.1611	0.204594	0.153341
218.177	48.3369	0.145252	0.345603
608.373	43.1385	0.20702	0.150826
581.872	48.4222	0.135347	0.323762
306.329	53.8075	0.209856	1.638655
679.324	54.0311	0.131899	0.388080
545.006	60.536	0.13375	0.570916
459.277	49.6256	0.130601	0.345767
305.334	37.6824	0.149972	0.133092
584.541	56.5443	0.204929	0.243803
465.282	52.1937	0.131711	1.871884
565.504	49.2173	0.208961	0.218504
617.874	57.4977	0.181149	0.309677
506.627	57.5213	0.232363	0.253813
592.911	37.3575	0.142519	0.140641
577.253	58.0164	0.148871	0.304684
256.504	38.9162	0.165903	0.158340
250.638	50.166	0.139792	0.265997
461.788	46.4494	0.135889	0.170620
728.493	48.3541	0.193675	0.202283
655.492	41.4172	0.246264	0.133317
233.8	45.1431	0.144934	0.380517
337.589	44.4778	0.182037	0.210676
440.93	46.5795	0.136023	0.441777
321.122	40.2169	0.138767	0.225028
437.243	39.7282	0.140244	0.197181
238.348	47.7358	0.130454	0.714509
583.981	44.6689	0.149244	0.236634
368.637	43.0148	0.190151	0.157116
670.409	47.7985	0.144717	0.302721
514.694	60.3405	0.225045	0.235424
425.227	60.1672	0.134029	0.000000
247.217	39.7333	0.206267	0.115193
413.646	39.5168	0.222513	0.121702
363.876	55.2783	0.203624	0.159497
299.66	37.6672	0.19222	0.108308
579.054	41.5777	0.137374	0.254576
280.978	55.0238	0.180018	0.331067
394.451	40.9477	0.157173	0.177856
