504.174	40.5436	0.242849	0.172667
230.286	37.5439	0.195142	0.322186
400.9	47.6923	0.163985	0.491351
591.65	43.5287	0.160414	0.252061
292.15	59.9507	0.166779	0.702904
841.752	56.2555	0.222853	0.212683
523.964	58.6349	0.131018	0.675202
798.969	55.6897	0.131514	0.556922
325.146	57.1548	0.13771	0.752008
486.733	40.4429	0.127071	0.372778
597.451	43.1123	0.209553	0.220980
495.254	53.3042	0.130263	0.604336
527.559	43.8236	0.17709	0.319794
717.28	54.89	0.14717	0.523458
689.936	60.6266	0.227062	0.334251
417.03	38.6339	0.23098	0.181919
356.196	41.6156	0.137862	0.423956
660.117	41.8772	0.132904	0.312694
731.288	46.2271	0.20356	0.234293
343.282	42.2217	0.127084	0.434198
294.92	42.4275	0.144189	0.396055
633.455	52.9834	0.247949	0.249836
233.299	37.3962	0.133107	0.524089
570.725	40.175	0.242117	0.148352
393.074	46.6302	0.249362	0.307360
274.716	38.3173	0.17334	0.311630
351.225	42.2443	0.156207	0.331667
474.451	60.1698	0.165869	0.551118
354.783	39.4927	0.154757	0.414798
533.706	43.5955	0.169504	0.339752
212.636	43.0305	0.217839	0.293561
617.742	58.9398	0.129218	0.704032
686.101	59.7558	0.172432	0.409382
410.351	38.5341	0.160666	0.303922
575.17	39.4185	0.142559	0.258149
198.994	42.5621	0.135809	0.528744
466.155	55.7243	0.152143	0.552425
860.3	59.8496	0.144128	0.437679
420.272	42.8973	0.204913	0.296376
296.709	44.5387	0.145335	0.596805
527.036	47.1426	0.218319	0.263005
310.518	39.6929	0.143147	0.376982
512.31	45.1429	0.210267	0.260699
623.873	41.6064	0.206635	0.207137
216.241	45.6607	0.195129	0.411959
771.028	52.3398	0.185245	0.313877
420.807	44.7134	0.146383	0.360137
381.124	46.6038	0.174538	0.340256
299.968	52.2224	0.125014	0.712462
662.383	45.9318	0.222869	0.230670
204.502	42.6631	0.219968	0.379333
575.732	46.9483	0.166457	0.296045
468.865	41.3978	0.197079	0.262408
723.359	50.8105	0.221763	0.243861
320.482	44.3409	0.173234	0.370262
522.317	39.5244	0.144768	0.280486
580.375	45.9319	0.181947	0.253715
265.921	44.9217	0.14276	0.586239
594.649	38.0124	0.126971	0.335645
293.665	50.4775	0.141643	0.590069
685.351	58.5858	0.129532	0.481294
386.538	40.7538	0.239476	0.208224
327.841	38.0858	0.209493	0.283636
468.907	52.5464	0.172196	0.394806
530.971	40.1505	0.128073	0.432582
386.652	51.9141	0.154831	0.508655
490.49	47.7244	0.19346	0.296169
759.664	52.5247	0.244507	0.216080
434.561	38.0438	0.128082	0.343359
328.528	60.4387	0.197176	0.458974
254.279	44.5683	0.17643	0.448052
350.586	59.6027	0.140134	0.717467
497.542	38.1426	0.236422	0.177196
541.391	59.2627	0.195785	0.554014
556.237	55.2195	0.128934	0.700479
274.136	43.7141	0.177261	0.369418
593.247	60.7157	0.198535	0.369726
351.334	38.5105	0.133749	0.406654
491.71	49.3028	0.18849	0.341492
784.391	52.1717	0.141061	0.466667
347.607	36.5008	0.239395	0.180014
208.266	48.8694	0.161176	0.604635
677.031	44.726	0.155452	0.297471
801.862	59.1764	0.148022	0.502251
867.677	56.9336	0.126802	0.438068
487.368	51.4461	0.131131	0.622232
410.633	36.7584	0.159558	0.270886
307.744	37.4599	0.126503	0.533628
273.81	42.3647	0.247357	0.243582
654.822	43.0576	0.150838	0.303924
204.249	43.7157	0.151621	0.574945
384.352	37.118	0.22922	0.186053
843.529	56.6524	0.167709	0.357070
196.11	40.356	0.147064	0.611257
610.667	42.3865	0.127643	0.371254
731.433	53.5567	0.126265	0.529396
287.187	40.7237	0.160709	0.486217
664.893	40.792	0.188179	0.239563
378.265	40.6583	0.146572	0.339337
335.824	41.3178	0.223642	0.235487
349.266	39.224	0.168024	0.430380
531.091	37.1454	0.22975	0.158316
441.056	40.1163	0.130504	0.380790
464.744	43.4667	0.197845	0.260699
895.556	58.6304	0.190971	0.323285
784.078	47.6859	0.194387	0.246004
312.088	44.9298	0.164864	0.460673
277.361	49.3683	0.170818	0.421274
233.778	48.674	0.13588	0.691560
528.983	40.7612	0.223017	0.185908
374.144	46.7131	0.140108	0.443884
441.043	58.8421	0.141891	0.559309
500.616	46.1518	0.148478	0.326438
373.884	46.3091	0.149526	0.415767
610.582	38.1841	0.142539	0.259229
740.272	50.7525	0.142985	0.397316
480.034	39.4255	0.13741	0.324482
446.617	49.6424	0.146716	0.433155
578.803	44.9987	0.144614	0.359035
547.235	48.1174	0.20941	0.250254
155.088	37.5009	0.157991	0.432127
643.633	43.675	0.200932	0.229715
495.194	56.1998	0.233123	0.313221
607.788	56.1574	0.182422	0.401570
184.43	37.1464	0.156957	0.413257
253.105	52.2473	0.217074	0.470910
566.34	45.138	0.12711	0.411969
207.739	51.1481	0.138785	0.771887
437.838	40.6086	0.130838	0.459586
501.992	45.6092	0.133812	0.395629
503.919	39.413	0.156713	0.263222
581.951	48.4557	0.195053	0.314061
393.845	54.7691	0.156218	0.573438
706.736	48.3561	0.196063	0.243261
241.686	51.167	0.14406	0.735214
560.746	36.5818	0.136525	0.252471
406.863	37.7888	0.217444	0.253483
206.283	49.598	0.158515	0.724938
537.366	40.5672	0.227725	0.193525
208.793	43.5801	0.133704	0.613450
173.982	37.1726	0.211301	0.305018
677.333	42.5878	0.183639	0.230160
377.177	39.1146	0.195182	0.261973
533.127	57.1383	0.230119	0.334958
628.194	44.1508	0.223379	0.204261
506.89	54.9965	0.136505	0.684455
343.736	37.7309	0.146491	0.340771
575.056	40.2737	0.125187	0.371488
393.205	58.2754	0.182101	0.594792
401.301	48.5656	0.169042	0.397297
670.475	52.4897	0.232124	0.249137
260.603	48.8014	0.189538	0.472931
332.261	36.6158	0.187991	0.274547
463.556	36.9929	0.160561	0.284301
799.251	54.0217	0.210996	0.284237
317.681	47.3013	0.141201	0.642213
332.5	41.8891	0.235947	0.241697
198.746	42.2116	0.233149	0.388728
481.26	46.2358	0.137677	0.391330
603.007	49.8873	0.216701	0.243612
285.697	42.1882	0.170299	0.399471
657.535	49.8106	0.239549	0.250000
333.762	41.4397	0.216596	0.262682
709.326	55.4272	0.185828	0.370749
848.732	59.1163	0.171354	0.381338
278.194	54.891	0.206004	0.469752
489.473	37.5683	0.242048	0.141551
261.593	37.1971	0.133092	0.415734
484.966	41.0369	0.139091	0.328044
257.96	39.8663	0.158339	0.389952
339.561	50.8099	0.191638	0.430535
808.512	51.1637	0.211349	0.252443
495.681	59.7666	0.210065	0.297662
811.997	55.3983	0.155616	0.369725
454.996	56.415	0.137034	0.595665
192.187	42.9122	0.206159	0.381877
610.161	42.8833	0.164834	0.284296
196.618	43.2896	0.201298	0.369604
282.596	43.6322	0.147093	0.466970
305.734	41.4548	0.151621	0.452930
589.568	48.8946	0.187413	0.313819
814.313	57.4877	0.127654	0.508082
577.821	57.4247	0.131794	0.526901
658.354	43.5975	0.197646	0.215162
339.036	46.2212	0.132402	0.566938
741.223	54.6002	0.160122	0.353294
332.114	50.9004	0.243611	0.319534
583.328	48.6264	0.167235	0.374159
492.818	46.967	0.137575	0.502576
613.43	58.532	0.211778	0.335946
271.969	37.7392	0.198175	0.268257
456.747	36.6725	0.138374	0.351132
226.188	38.9242	0.162501	0.399766
695.031	58.2096	0.217499	0.323144
326.198	42.2383	0.219363	0.259016
529.488	55.6323	0.12949	0.650967
253.644	47.482	0.153884	0.583308
407.971	46.2133	0.151187	0.438430
191.939	39.0654	0.160572	0.373077
500.803	50.0104	0.215225	0.303777
557.954	52.1526	0.163843	0.332461
645.028	50.3174	0.129032	0.495678
162.84	36.8675	0.168961	0.375657
584.796	55.514	0.162631	0.385140
373.683	38.3619	0.219517	0.225777
492.076	51.8665	0.232311	0.290814
534.303	37.0386	0.169482	0.240821
662.569	46.9343	0.148605	0.331088
488.956	52.6968	0.133376	0.490177
269.32	40.5063	0.22582	0.321444
687.172	50.3177	0.249848	0.239746
632.265	40.0153	0.13898	0.319493
399.269	47.0518	0.139191	0.509154
528.908	40.5685	0.149919	0.330006
672.969	50.8948	0.134532	0.489893
563.833	55.0326	0.151527	0.537713
255.747	54.7779	0.228249	0.454371
355.567	52.2579	0.133753	0.682331
398.199	37.7141	0.221888	0.179443
405.884	49.0479	0.175615	0.349332
448.718	39.0568	0.19116	0.218618
486.06	39.4463	0.16398	0.242271
463.412	39.4765	0.126998	0.364706
234.387	37.4905	0.127346	0.477070
407.447	37.922	0.125279	0.341117
694.018	54.7413	0.209762	0.276731
402.856	42.7875	0.213621	0.252670
630.016	48.7502	0.13998	0.394996
317.871	42.7354	0.247754	0.179454
575.543	37.7246	0.174225	0.221013
660.767	48.4624	0.175032	0.338129
253.275	37.9675	0.134588	0.388513
418.749	55.9272	0.130592	0.850398
330.535	38.6929	0.19615	0.269969
298.851	44.8172	0.136328	0.546490
587.808	50.1955	0.142969	0.424175
636.499	57.5551	0.133967	0.494623
372.879	38.7996	0.157635	0.337988
625.588	47.0865	0.137647	0.364116
483.913	44.7997	0.167981	0.321268
364.69	41.882	0.126202	0.388747
338.456	39.3728	0.136716	0.446654
382.63	46.0606	0.174177	0.384176
814.394	52.3413	0.132075	0.430579
498.9	54.7489	0.171987	0.417525
333.007	53.337	0.2369	0.331551
287.481	51.9546	0.205245	0.437633
191.582	43.9457	0.208391	0.456819
813.762	56.0515	0.127647	0.453977
264.8	58.9851	0.24804	0.458534
204.912	39.3881	0.143311	0.451829
356.288	42.8826	0.135618	0.449891
564.851	46.1475	0.243569	0.210498
513.826	39.2022	0.126707	0.321328
821.124	54.8795	0.184464	0.317126
373.442	42.6238	0.208616	0.249582
315.794	47.0146	0.12877	0.611612
199.423	46.0821	0.126317	1.052277
585.388	39.6782	0.14003	0.269804
215.966	46.8133	0.227289	0.353609
754.402	56.7299	0.156195	0.427208
733.595	44.8431	0.129431	0.375074
454.56	59.9167	0.186931	0.392513
668.081	43.7619	0.160191	0.302459
295.105	44.2394	0.244667	0.237830
459.311	46.5955	0.176149	0.348676
431.07	44.2874	0.13264	0.378801
525.225	59.3423	0.163103	0.557002
459.105	46.5992	0.162505	0.425976
272.016	45.7969	0.143736	0.512403
491.054	38.6827	0.233933	0.164278
629.263	43.5952	0.19322	0.229626
324.047	53.5295	0.150618	0.546878
467.302	36.7307	0.14001	0.317906
642.374	49.9832	0.141524	0.446615
556.133	43.224	0.127154	0.310931
508.104	51.0344	0.159584	0.344381
736.228	51.377	0.137856	0.442903
514.513	42.078	0.16195	0.314749
489.036	47.5878	0.179812	0.254642
535.32	45.4037	0.129293	0.396136
386.351	42.2217	0.230992	0.248114
331.868	40.6717	0.138775	0.433177
199.937	38.4605	0.196123	0.321337
551.816	46.3353	0.135948	0.404698
511.367	38.6013	0.127856	0.343458
482.2	40.8678	0.135388	0.362259
625.148	47.3148	0.144682	0.329069
241.79	45.7617	0.136775	0.523317
328.773	44.909	0.239848	0.251669
271.691	41.2836	0.161194	0.357988
764.51	54.5159	0.244488	0.234265
615.116	42.4983	0.136889	0.363855
245.671	42.9295	0.151424	0.494806
290.906	47.4997	0.246668	0.314979
252.003	44.733	0.171302	0.410178
838.275	56.7881	0.155581	0.441895
578.606	42.9878	0.137565	0.311661
716.85	53.0867	0.172121	0.324516
624.955	44.3809	0.196061	0.224057
849.016	58.7464	0.130651	0.485783
379.051	45.0568	0.234079	0.256716
298.438	37.6986	0.14677	0.399647
269.401	51.6752	0.233009	0.396620
540.799	40.9292	0.128122	0.362839
499.86	40.5988	0.132209	0.344751
654.627	49.7948	0.144746	0.381689
546.201	39.8911	0.186839	0.223500
297.511	38.437	0.128136	0.387560
600.176	37.4786	0.134323	0.255230
183.469	39.5053	0.147599	0.451125
541.068	54.5127	0.150875	0.594350
678.631	54.1779	0.135119	0.487314
471.348	56.722	0.184842	0.419233
626.077	49.7795	0.15708	0.340152
690.91	44.2243	0.215531	0.226156
426.849	40.0791	0.174194	0.253717
419.871	38.7424	0.163297	0.317554
643.126	49.3962	0.214284	0.252237
177.244	39.2642	0.157128	0.521558
680.117	49.9384	0.199414	0.244680
266.99	58.6273	0.226528	0.450369
252.028	48.5397	0.247125	0.320177
420.137	42.2346	0.138522	0.446337
838.146	55.9	0.173962	0.414365
378.153	48.3292	0.125402	0.620410
654.072	53.0855	0.166121	0.305528
252.823	36.9344	0.196697	0.262978
232.4	51.8953	0.125365	0.753723
525.343	44.1984	0.212298	0.234932
460.577	43.4619	0.140783	0.434836
508.68	36.7584	0.174209	0.221366
598.233	36.6413	0.149337	0.258158
707.851	59.3306	0.16685	0.483424
449.751	38.2517	0.15728	0.262935
403.237	60.4373	0.128207	1.141268
518.736	40.1459	0.16426	0.317217
391.183	41.4941	0.222275	0.234649
416.883	39.9954	0.143479	0.318075
735.631	50.0165	0.127727	0.432521
202.191	44.9435	0.14154	0.630989
817.279	59.884	0.137607	0.408365
421.501	36.5449	0.130694	0.365952
491.863	47.1596	0.169106	0.400062
303.896	43.7073	0.147948	0.430668
415.906	36.7388	0.126499	0.335554
354.501	47.4644	0.143143	0.502937
581.911	45.0482	0.232492	0.169172
978.41	59.9236	0.166674	0.450231
297.112	37.3535	0.170857	0.333065
447.41	37.4635	0.164827	0.236889
682.315	45.8882	0.246121	0.189247
474.447	48.0518	0.20656	0.271739
360.021	56.9864	0.22862	0.387227
446	60.6304	0.206858	0.465515
609.672	54.6729	0.143434	0.521357
589.033	57.6788	0.220784	0.283671
507.381	39.9585	0.138148	0.328806
364.809	54.0907	0.194971	0.358909
807.828	52.9456	0.19513	0.275350
246.42	53.4687	0.191361	0.662808
266.567	37.6133	0.132696	0.369941
334.661	41.8662	0.165413	0.345035
243.452	36.5397	0.21802	0.277888
241.225	44.2372	0.156367	0.527980
419.698	45.4365	0.175991	0.327395
206.426	37.8501	0.164027	0.449549
404.433	51.5141	0.143461	0.470530
405.975	37.6499	0.166453	0.275200
358.115	37.5653	0.166493	0.266127
462.216	46.7932	0.144718	0.410225
251.443	37.2081	0.130606	0.353543
369.781	37.7354	0.228026	0.224255
415.678	45.6225	0.134832	0.426220
672.121	51.729	0.229213	0.245593
489.102	39.2284	0.207635	0.193203
600.757	38.3145	0.141051	0.236401
430.262	39.8415	0.20875	0.229953
237.9	50.4097	0.14847	0.657031
309.89	52.8954	0.223218	0.329128
357.471	40.215	0.13725	0.439654
532.864	52.2092	0.191095	0.351954
489.091	41.0019	0.195201	0.196733
368.167	53.9062	0.208916	0.352506
254.385	49.2638	0.206322	0.365767
457.351	53.8609	0.183115	0.336272
394.916	50.41	0.136566	0.493919
643.781	47.8774	0.244129	0.251317
374.145	48.5421	0.20047	0.365702
403.4	36.8632	0.206884	0.207334
573.733	50.7133	0.139962	0.396187
301.571	49.4672	0.237916	0.323952
816.774	54.4959	0.231352	0.278413
171.937	43.396	0.187883	0.347297
189.016	41.4744	0.164711	0.434023
641.577	55.7079	0.17784	0.426392
318.895	49.5668	0.132237	0.720160
323.616	48.2954	0.150692	0.499623
265.073	37.0688	0.166391	0.374439
276.963	54.1237	0.172022	0.591059
739.415	49.2857	0.129981	0.386531
525.624	43.9256	0.130304	0.454820
505.236	37.2351	0.206793	0.172713
564.319	41.1427	0.153931	0.327588
846.309	54.0129	0.190482	0.270420
854.526	54.6219	0.187362	0.295059
330.047	59.1763	0.143823	0.710180
352.851	50.8139	0.175887	0.424323
671.715	52.3074	0.157209	0.386065
640.941	42.8183	0.155862	0.259281
184.875	39.1443	0.133841	0.760241
627.985	40.5706	0.13149	0.282859
353.644	42.8516	0.155156	0.464363
531.787	55.9617	0.231309	0.320703
646.2	53.96	0.137081	0.428854
654.549	48.3536	0.151077	0.395825
361.842	42.0966	0.15579	0.358130
538.003	52.7411	0.152039	0.460372
263.912	60.553	0.240824	0.542857
695.664	49.7872	0.224362	0.246504
599.006	45.8678	0.185597	0.340970
553.738	52.7592	0.146063	0.405689
701.784	48.2929	0.154581	0.356178
343.536	43.6546	0.146567	0.444605
411.935	60.1718	0.152416	0.607607
629.681	51.0149	0.156406	0.335857
368.278	46.4725	0.175436	0.369557
472.3	39.4173	0.175648	0.242744
618.41	48.5653	0.130437	0.397731
236.203	39.3069	0.248982	0.251070
220.044	43.869	0.162896	0.462239
443.883	54.6422	0.136015	0.578393
715.233	47.3985	0.179225	0.259306
749.061	55.0692	0.156607	0.398330
678.04	47.2194	0.147892	0.331134
224.703	41.3318	0.128096	0.648963
735.881	45.7467	0.156867	0.309062
228.176	39.4171	0.23435	0.258092
570.707	38.8996	0.174105	0.245994
229.404	52.78	0.136512	0.870211
650.58	46.3793	0.154629	0.329305
442.196	53.6881	0.190732	0.437564
296.128	37.0066	0.185659	0.230893
319.682	51.5451	0.22819	0.386211
604.516	53.8971	0.167603	0.365082
550.464	43.1424	0.164951	0.272956
522.074	46.3994	0.130608	0.438293
443.975	43.8614	0.125732	0.534633
505.891	38.6412	0.137845	0.327795
563.22	48.0474	0.214511	0.252517
522.864	42.5502	0.208619	0.259759
226.671	39.051	0.184552	0.359731
656.273	45.1992	0.240481	0.193395
470.205	51.3922	0.139306	0.527546
410.664	45.9928	0.162607	0.387990
640.584	58.0259	0.127261	0.549142
444.093	49.3296	0.201046	0.275471
626.022	39.8017	0.176695	0.225315
493.468	45.2744	0.134607	0.415407
381.047	41.6336	0.177535	0.288211
553.857	42.6358	0.143229	0.342848
244.756	44.0334	0.151441	0.544957
218.715	36.8624	0.182395	0.278960
543.296	36.6876	0.155238	0.252522
214.984	49.2499	0.157482	0.594926
172.134	38.7636	0.13606	0.607084
645.101	58.0662	0.142062	0.514170
617.774	41.4653	0.233219	0.181936
512.709	41.4509	0.162408	0.295053
300.639	47.9988	0.129406	0.609507
518.158	43.2459	0.236708	0.184246
602.646	58.119	0.144361	0.420733
245.308	50.9306	0.145659	0.656003
235.067	37.3719	0.15304	0.449155
480.951	44.2396	0.159947	0.288855
197.864	43.5317	0.197457	0.409535
375.441	44.5423	0.20665	0.246502
536.235	49.034	0.168052	0.387314
496.184	55.8247	0.188354	0.388539
304.433	57.083	0.200182	0.529246
480.648	43.1409	0.195362	0.285805
270.512	40.3193	0.236871	0.250261
561.605	36.889	0.209099	0.164438
672.399	54.1767	0.207589	0.264343
301.848	55.0125	0.177364	0.421667
728.051	48.8386	0.190174	0.311031
813.48	54.841	0.133222	0.486802
182.761	38.0064	0.152874	0.578165
732.563	54.1587	0.248751	0.202085
505.339	42.8204	0.215932	0.243531
532.775	46.7173	0.140909	0.454406
202.487	37.9316	0.198204	0.255756
191.208	43.9345	0.154124	0.658889
675.341	46.7181	0.143938	0.378477
557.422	53.9427	0.21119	0.323791
470.63	37.4917	0.156572	0.258993
563.946	42.4219	0.148579	0.276594
194.666	41.1652	0.174601	0.428142
502.404	60.5947	0.15311	0.563996
595.591	41.2303	0.229222	0.184055
324.023	40.5375	0.156976	0.325089
694.451	46.6418	0.231006	0.192495
493.331	41.9001	0.180908	0.270861
530.419	40.4884	0.125981	0.375542
211.946	37.9276	0.207382	0.279704
814.27	53.8355	0.154098	0.387500
381.534	36.5772	0.220247	0.192035
695.581	44.5692	0.184202	0.251247
243.796	40.76	0.126389	0.495320
401.161	45.1885	0.131201	0.473660
530.049	44.7653	0.172305	0.296303
584.618	37.5257	0.229658	0.134130
891.011	60.8121	0.185695	0.345602
808.917	59.3131	0.125465	0.598975
245.267	38.5216	0.163394	0.395076
490.684	46.6846	0.147587	0.359606
259.479	41.6556	0.245628	0.238153
414.948	38.8421	0.1314	0.339009
582.701	47.2579	0.188196	0.276944
451.664	44.4217	0.135118	0.450656
586.522	37.0324	0.141859	0.270780
485.492	58.1533	0.195821	0.460109
429.527	47.6329	0.142643	0.450833
286.06	52.4397	0.156844	0.719950
461.68	45.3058	0.227875	0.236343
719.035	49.856	0.162812	0.389808
304.386	52.6873	0.22321	0.487861
629.496	44.3627	0.138713	0.359599
250.572	48.8569	0.180503	0.469462
306.689	45.7035	0.149915	0.361946
501.503	48.0981	0.230058	0.207781
432.278	38.9493	0.248207	0.168893
382.776	41.6432	0.179474	0.316641
677.431	46.8896	0.158719	0.325240
527.477	39.8305	0.200806	0.201763
247.855	45.167	0.16368	0.500875
774.194	49.4159	0.184411	0.275676
371.619	50.8913	0.22231	0.251192
418.659	39.9679	0.16323	0.261811
237.839	43.2867	0.136599	0.599376
442.827	56.2261	0.22119	0.362900
441.251	44.1599	0.135116	0.454532
334.066	37.1474	0.194407	0.243552
361.474	45.0662	0.161142	0.407786
378.462	44.5576	0.131485	0.498218
718.672	43.5254	0.203112	0.221415
661.646	52.0515	0.177667	0.323488
625.176	40.5327	0.227558	0.164579
561.441	45.2743	0.171805	0.332817
346.597	43.8664	0.246229	0.256618
524.322	49.7821	0.173576	0.367305
841	55.0704	0.133282	0.504602
604.778	39.5457	0.180878	0.227017
607.618	39.54	0.135795	0.257304
240.713	39.5309	0.132464	0.544572
819.297	52.1615	0.162059	0.371646
494.747	37.037	0.223256	0.162577
477.096	58.4087	0.135333	0.564440
389.742	38.8121	0.208336	0.232336
651.1	59.4869	0.147104	0.536225
763.214	52.5729	0.2181	0.235573
345.064	53.1547	0.144089	0.562992
429.964	36.5495	0.17446	0.222115
364.709	41.0593	0.134402	0.455864
688.243	49.6588	0.134608	0.375815
866.128	57.427	0.171843	0.324173
550.129	54.5909	0.126259	0.521042
620.189	45.1814	0.14379	0.364188
380.922	39.4847	0.161656	0.307987
276.403	40.1491	0.192471	0.336770
168.655	41.8458	0.146747	0.633232
394.497	43.4362	0.133589	0.428740
518.488	47.0261	0.133717	0.430960
757.093	51.1413	0.13634	0.392395
334.311	44.6656	0.150884	0.453209
565.349	55.7359	0.138003	0.561407
655.938	59.417	0.136615	0.640211
248.788	51.8872	0.189053	0.576611
425.475	47.5974	0.143919	0.486452
281.777	37.749	0.160073	0.322909
589.377	42.4144	0.134425	0.321988
501.491	46.0669	0.246014	0.223944
332.334	58.3805	0.2171	0.436071
428.571	39.0095	0.190534	0.230474
429.254	50.7084	0.14126	0.528407
833.756	57.4424	0.150717	0.453251
457.006	59.3683	0.215211	0.391227
300.768	41.0539	0.130824	0.569568
320.421	41.2698	0.192286	0.320189
618.17	44.392	0.145909	0.365000
610.707	52.9687	0.235702	0.266634
572.508	55.5067	0.176453	0.478282
571.653	36.5377	0.162954	0.226979
480.371	56.3376	0.155126	0.522720
604.463	56.2905	0.143913	0.552941
511.457	39.5054	0.126306	0.309837
495.514	38.8248	0.165428	0.258727
633.255	40.1984	0.158714	0.249157
317.966	45.9446	0.231009	0.285129
623.154	41.411	0.137954	0.328387
412.9	37.7008	0.140006	0.361290
509.976	37.9764	0.21561	0.202595
299.057	50.6139	0.180993	0.567387
460.849	39.7323	0.233933	0.188335
619.666	40.8892	0.196601	0.210817
403.011	36.5586	0.133997	0.441184
452.107	53.5466	0.144623	0.523638
594.037	44.2235	0.199246	0.231500
172.372	41.4618	0.127311	0.665132
430.239	43.6615	0.169887	0.342470
179.263	40.2415	0.191269	0.375458
630.205	56.3502	0.211219	0.365475
243.946	38.3196	0.188413	0.309676
913.216	58.3237	0.146766	0.381122
178.58	44.9625	0.229223	0.427931
171.492	42.8722	0.126138	1.222172
353.393	43.1236	0.142046	0.483671
618.552	48.1532	0.156806	0.377294
296.264	53.5581	0.202583	0.433159
496.164	36.9821	0.249509	0.181721
671.258	45.1317	0.160172	0.291777
329.303	43.5033	0.171325	0.356206
192.543	45.3523	0.205253	0.477816
207.374	49.5592	0.159183	0.654167
700.465	51.7989	0.150642	0.394701
491.615	38.9021	0.22737	0.185741
588.128	51.2724	0.217571	0.314966
568.833	42.6205	0.175382	0.272401
401.597	50.1825	0.177065	0.335218
612.338	42.8263	0.163114	0.292500
530.631	56.8097	0.171797	0.465902
368.164	48.9524	0.196668	0.409474
498.92	50.1995	0.172684	0.425974
414.282	47.2184	0.206292	0.291089
663.814	58.2212	0.154663	0.494224
491.658	49.6423	0.18608	0.421027
276.991	59.5743	0.233964	0.488633
611.38	49.186	0.141775	0.432879
770.359	53.8007	0.140225	0.403814
890.182	60.5144	0.231259	0.303035
271.751	42.5968	0.129605	0.517860
306.255	47.5411	0.136937	0.668900
596.558	46.5147	0.223219	0.257780
598.166	49.7336	0.218114	0.232769
551.774	56.2663	0.129663	0.596228
622.632	50.0847	0.180988	0.314190
335.019	43.5373	0.21385	0.243191
601.667	42.637	0.140058	0.347559
928.146	60.5673	0.141097	0.399724
263.117	36.8857	0.178096	0.292108
437.535	40.5569	0.22901	0.207900
587.406	38.6682	0.166952	0.245409
663.86	44.1503	0.162849	0.271813
707.941	43.0658	0.138507	0.366089
478.327	49.7615	0.221367	0.277463
465.099	44.5966	0.14095	0.452394
588.23	47.3714	0.135184	0.395859
284.367	44.3493	0.178783	0.372367
457.254	43.7951	0.141145	0.337680
652.649	49.4413	0.144645	0.398666
310.973	36.8786	0.161952	0.313046
386.358	37.6099	0.220475	0.196430
233.208	41.0395	0.233594	0.295032
684.315	44.5622	0.148355	0.316677
716.745	58.9076	0.152824	0.451648
327.996	37.3783	0.158615	0.305048
520.267	54.207	0.15293	0.444674
494.994	45.9201	0.125043	0.524633
484.856	39.0355	0.133986	0.315204
218.012	39.2769	0.143874	0.514879
158.815	40.8125	0.155129	0.499368
443.401	48.2483	0.237233	0.279107
629.178	47.82	0.175344	0.313938
334.042	39.7108	0.197171	0.233791
526.38	51.7941	0.169175	0.397810
794.221	60.7276	0.14055	0.575989
306.59	38.956	0.174499	0.298708
733.259	49.0133	0.155463	0.320284
773.862	52.1893	0.159595	0.384751
586.163	41.107	0.13741	0.344366
297.758	44.9778	0.143969	0.510089
629.207	42.932	0.230988	0.178503
199.391	37.0513	0.163741	0.425125
267.997	53.0901	0.20977	0.426252
421.945	42.3093	0.199285	0.309499
747.511	47.5891	0.14277	0.342704
694.099	46.5063	0.211599	0.218889
219.906	46.3437	0.189185	0.424609
535.119	47.3658	0.151896	0.426918
581.11	41.4565	0.240245	0.192999
367.93	37.0659	0.128283	0.314360
589.221	48.736	0.247739	0.195261
408.542	46.9009	0.137297	0.612296
568.9	46.2194	0.226092	0.201381
458.047	46.8577	0.186974	0.320491
549.496	54.7089	0.162207	0.439910
202.155	38.2366	0.126472	0.410299
244.362	43.143	0.237444	0.314394
662.147	56.3538	0.162428	0.413602
663.515	45.9875	0.125361	0.368612
495.628	49.0664	0.157705	0.335477
535.795	38.2761	0.137381	0.278989
858.163	55.9128	0.15027	0.371600
373.437	49.7789	0.216748	0.349867
742.594	46.0228	0.12953	0.355674
624.516	38.1552	0.138348	0.295979
452.361	43.9354	0.185387	0.279852
653.883	55.082	0.209564	0.284253
492.067	47.3125	0.178014	0.335841
501.629	45.7093	0.142411	0.478394
390.013	48.5342	0.149426	0.514477
297.815	40.4464	0.158934	0.319702
624.07	53.061	0.12966	0.549865
510.275	44.1247	0.126193	0.452344
401.613	37.912	0.237326	0.167720
440.861	50.6036	0.163016	0.416277
205.657	41.96	0.187294	0.404053
850.08	59.205	0.135726	0.415160
257.726	46.8393	0.204945	0.374802
335.557	46.4596	0.150885	0.438023
350.248	42.8641	0.179421	0.365404
586.122	48.2149	0.194168	0.278303
210.813	41.2906	0.239701	0.321540
234.32	37.4653	0.136184	0.461269
710.557	58.8443	0.162352	0.444076
547.901	55.6418	0.12693	0.607407
539.567	56.2081	0.127257	0.636301
677.298	51.1234	0.207297	0.333458
360.58	38.1734	0.147705	0.306732
210.856	38.3207	0.130816	0.489943
709.938	46.9773	0.236846	0.196447
421.162	40.2645	0.164376	0.317339
614.961	45.2327	0.125551	0.397112
258.02	50.5797	0.233274	0.364317
483.449	45.5966	0.240776	0.275157
199.419	37.4197	0.132389	0.490449
720.034	50.6667	0.182277	0.296581
456.259	53.9247	0.126036	0.589433
765.084	58.2265	0.1768	0.370236
391.213	41.5591	0.20318	0.245906
608.82	50.3021	0.148257	0.364758
831.857	52.8245	0.12911	0.437401
249.492	59.7075	0.13095	1.339854
317.328	37.9804	0.232996	0.225590
344.888	47.0341	0.129632	0.629805
539.31	56.2198	0.171851	0.493212
317.41	59.4736	0.191065	0.584704
293.684	42.3169	0.131668	0.512830
632.37	48.0102	0.208105	0.237550
344.706	44.8716	0.133494	0.628293
181.638	37.9564	0.175427	0.358539
401.11	50.7701	0.146043	0.460016
363.352	37.983	0.157823	0.326426
626.202	55.1142	0.158111	0.458045
495.329	40.9236	0.180367	0.222610
610.68	39.5428	0.154274	0.235044
227.439	46.0038	0.145692	0.534437
218.153	39.3063	0.216553	0.355441
155.627	36.7815	0.159381	0.521373
227.617	44.1334	0.158198	0.524033
290.269	43.9391	0.147192	0.416879
480.341	38.6867	0.138865	0.351185
790.836	57.468	0.145571	0.432055
378.299	54.6726	0.126843	0.610202
224.287	45.3149	0.129742	0.708849
567.3	43.8334	0.211154	0.262144
418.587	51.5366	0.225883	0.315207
194.784	37.2097	0.194992	0.289768
418.938	42.9431	0.149143	0.412605
248.992	44.1333	0.211623	0.339322
189.349	38.8498	0.163535	0.459239
376.438	40.9303	0.17687	0.315589
661.495	50.3742	0.147485	0.378959
491.887	44.7934	0.141609	0.321354
674.042	54.7818	0.198182	0.309195
258.398	52.8467	0.165033	0.535052
159.984	40.649	0.142149	0.544191
607.025	41.4943	0.149248	0.290827
822.436	59.1989	0.175175	0.438820
355.08	37.8316	0.127766	0.371762
359.106	46.8436	0.166764	0.461628
268.936	53.1238	0.196153	0.541137
546.01	45.1195	0.242981	0.173521
617.563	58.5468	0.160844	0.524357
648.669	53.8302	0.208855	0.259831
669.767	42.9404	0.159015	0.278112
236.136	47.6243	0.237445	0.348906
525.579	38.4993	0.128533	0.356736
807.896	53.2739	0.167856	0.340670
893.556	55.7905	0.237039	0.285195
698.149	46.7692	0.142341	0.381161
662.767	53.4997	0.149158	0.402815
541.696	39.7074	0.167524	0.264664
391.594	57.7107	0.134618	0.774975
482.41	40.3575	0.142198	0.337640
333.389	48.9439	0.232903	0.274642
178.54	39.2077	0.1703	0.414575
330.556	55.5887	0.174272	0.551473
197.453	37.8068	0.125488	0.458748
234.418	43.9451	0.213619	0.247663
793.79	58.5855	0.136874	0.501859
617.012	44.2377	0.125184	0.394032
273.647	36.6527	0.207091	0.228807
384.348	42.6144	0.142699	0.432859
299.364	38.3684	0.161523	0.331663
311.412	43.7643	0.128837	0.617502
271.172	56.5219	0.227321	0.419822
541.147	42.5645	0.236544	0.190388
290.903	47.7492	0.238167	0.277368
426.781	53.9399	0.243005	0.326051
312.224	49.4479	0.23375	0.347764
321.173	42.8951	0.14326	0.525379
551.862	37.8156	0.133831	0.286695
578.796	57.1276	0.145023	0.587204
437.901	38.7725	0.18536	0.261776
260.277	50.4898	0.212163	0.440847
488.985	42.6232	0.218578	0.272101
169.245	37.5534	0.137489	0.543667
530.023	45.9999	0.184746	0.273308
300.562	45.9441	0.144946	0.597449
375.677	42.9149	0.137087	0.391019
367.333	50.1529	0.193098	0.330760
441.48	41.4952	0.234818	0.177463
616.824	42.7058	0.142348	0.341516
271.368	59.9576	0.230065	0.455163
271.668	39.2339	0.233358	0.240102
549.086	37.5357	0.205309	0.198894
575.216	43.9715	0.17559	0.280916
532.603	56.5645	0.149091	0.609324
470.384	47.391	0.185728	0.394740
655.779	60.0002	0.174002	0.374659
432.979	60.4999	0.235698	0.402041
171.878	41.5568	0.137357	0.557166
276.705	59.8814	0.239904	0.463817
680.443	47.4153	0.223593	0.196254
378.062	39.4879	0.230357	0.223920
538.067	36.9527	0.188038	0.193263
324.203	44.0798	0.172192	0.366248
160.23	38.2777	0.205924	0.374139
375.754	53.3046	0.125742	0.629762
663.316	43.0991	0.130769	0.370501
524.911	42.4135	0.126997	0.384302
302.194	48.0357	0.129275	0.604626
483.835	36.5959	0.125929	0.295003
687.709	50.4952	0.179947	0.246707
415.504	54.7777	0.132706	0.614585
449.037	50.7292	0.128553	0.512789
167.465	39.3481	0.190167	0.363224
603.063	42.0635	0.164828	0.262562
662.849	47.7081	0.19027	0.248205
303.113	42.2559	0.215598	0.251365
611.756	40.4471	0.14679	0.279597
559.738	57.6656	0.244215	0.306878
774.375	60.4493	0.238928	0.262762
615.423	40.6681	0.127333	0.315021
731.818	54.1269	0.127436	0.475277
428.8	39.6229	0.214852	0.176124
538.523	51.0997	0.147847	0.382006
726.654	57.0506	0.181684	0.384153
607.627	41.3719	0.130454	0.313534
597.583	44.771	0.152157	0.315611
366.84	40.1208	0.194516	0.329940
501.469	57.3717	0.160869	0.400807
937.443	59.7654	0.13103	0.489160
300.542	44.2318	0.224971	0.241891
455.064	38.2351	0.154165	0.292888
316.826	55.6956	0.126903	0.836479
200.257	47.8308	0.233288	0.456317
377.782	38.4342	0.18728	0.242158
821.567	55.0175	0.168372	0.365398
264.49	40.9179	0.178195	0.351257
314.189	54.1344	0.154273	0.697373
670.238	45.2414	0.216301	0.231292
713.083	46.0545	0.187756	0.282833
245.255	46.9275	0.237842	0.354842
585.288	44.7385	0.200451	0.220775
336.915	49.9177	0.14011	0.461402
757.214	51.2439	0.246971	0.228655
298.509	44.2198	0.186432	0.341282
339.671	55.726	0.152646	0.491499
321.054	39.6255	0.206403	0.292575
681.61	45.8887	0.140611	0.350980
349.983	46.9407	0.144128	0.506378
252.603	37.5378	0.217815	0.244053
545.837	42.059	0.152526	0.299099
216.231	43.3523	0.152978	0.453199
739.54	51.0026	0.234025	0.210427
203.264	47.0834	0.125872	0.928348
276.036	39.5659	0.135457	0.381973
245.881	37.2643	0.235277	0.251146
415.309	39.3887	0.158339	0.352297
160.427	36.7791	0.225942	0.248322
462.698	45.3859	0.138151	0.322644
252.064	42.1903	0.194672	0.347576
658.799	43.0719	0.179594	0.273971
481.195	36.8479	0.249122	0.151794
588.9	57.4379	0.203235	0.372096
441.306	39.8336	0.130068	0.337085
267.413	52.2291	0.128459	0.989785
603.445	38.0044	0.224282	0.160153
285.619	47.838	0.152524	0.384084
416.727	58.3299	0.126875	0.737942
257.224	44.8365	0.179643	0.413691
324.876	36.7142	0.127917	0.371885
470.29	41.9343	0.177513	0.273640
413.045	42.965	0.206316	0.257491
287.169	51.4647	0.185044	0.424846
832.385	58.7512	0.143397	0.505851
452.181	37.0961	0.176178	0.246229
405.694	43.4856	0.145945	0.420996
186.249	46.9299	0.154293	0.675262
336.832	45.3327	0.164693	0.442364
609.469	44.6356	0.223733	0.179715
753.74	58.2344	0.193309	0.314876
648.275	43.4487	0.150537	0.323101
584.727	44.7323	0.128975	0.398870
401.796	54.8215	0.147567	0.619374
549.196	49.6901	0.225919	0.263140
837.265	52.9578	0.163111	0.320251
434.043	55.4466	0.153218	0.608947
459.656	46.0469	0.169943	0.375015
313.33	36.7599	0.161426	0.315899
603.625	39.9099	0.211177	0.184000
479.61	39.5766	0.192986	0.202480
541.473	42.5146	0.224898	0.229194
203.489	40.133	0.164887	0.383405
562.776	53.1037	0.201228	0.367585
335.661	59.5315	0.148182	0.819099
287.134	46.6661	0.248708	0.257956
548.175	42.6504	0.131859	0.396756
478.91	43.0852	0.19955	0.249666
306.745	39.5894	0.127769	0.495739
565.417	44.3184	0.139122	0.391280
214.915	40.6989	0.137605	0.563026
534.942	49.6835	0.240255	0.246935
225.605	43.6661	0.161606	0.466132
618.293	40.4929	0.133064	0.364113
439.956	38.8649	0.133593	0.287492
472.684	50.6057	0.181832	0.390244
417.443	37.4893	0.201391	0.222410
253.782	42.7572	0.156713	0.417784
846.552	58.9035	0.136811	0.537500
401.759	37.3569	0.128479	0.364664
572.309	40.9513	0.135206	0.313211
241.409	50.4164	0.135895	0.784886
218.768	45.536	0.231603	0.401708
489.615	39.3967	0.198492	0.208565
596.76	38.7264	0.131502	0.302274
654.209	48.1484	0.246535	0.201484
517.201	50.1139	0.1408	0.458300
335.697	43.7188	0.246317	0.264480
352.126	41.2746	0.190083	0.328586
458.472	40.6864	0.136948	0.307446
255.826	47.023	0.198493	0.381286
386.49	38.6934	0.248695	0.164288
527.245	59.29	0.171779	0.566980
480.621	52.7613	0.140265	0.627004
753.535	48.1219	0.228639	0.239801
531.391	39.688	0.161729	0.281891
269.87	36.8545	0.144437	0.406033
312.451	60.1412	0.141831	0.814436
173.444	41.2547	0.208415	0.467848
801.76	54.9257	0.169799	0.338429
243.498	39.6731	0.135418	0.625140
581.089	43.4265	0.127936	0.448708
462.828	40.6482	0.229914	0.223919
385.534	48.2855	0.18911	0.343537
745.725	54.0013	0.186415	0.310582
658.812	40.6147	0.219332	0.179642
453.672	37.6495	0.133521	0.371815
288.111	38.5338	0.12588	0.408909
574.014	37.1547	0.208753	0.202259
440.058	47.7274	0.23334	0.236134
405.656	39.4242	0.164676	0.296587
251.771	38.1798	0.136947	0.461118
700.34	46.1278	0.139578	0.339217
512.91	51.1446	0.236816	0.258063
567.934	36.7882	0.174036	0.247189
781.894	52.0179	0.178515	0.318028
243.599	38.2972	0.135602	0.520311
304.243	58.2221	0.141708	0.969712
393.678	43.2055	0.147033	0.371410
280.415	45.842	0.195111	0.443157
501.371	54.5629	0.180923	0.388609
592.675	60.0287	0.175068	0.425134
511.192	45.2715	0.127315	0.471328
487.574	37.7963	0.21189	0.171534
871.228	54.7322	0.237575	0.257199
487.839	55.1834	0.194758	0.341395
189.82	37.3957	0.227174	0.244058
658.515	44.0638	0.16815	0.238744
383.943	37.7609	0.169986	0.268892
612.159	48.445	0.135957	0.412626
580.694	36.7164	0.167283	0.247356
339.04	37.3986	0.2278	0.197732
337.686	59.6216	0.190187	0.596486
792.963	58.5558	0.212552	0.301857
516.672	50.1139	0.173479	0.356968
571.208	41.5895	0.206078	0.218158
332.841	57.4377	0.157956	0.724600
728.736	55.1937	0.125611	0.500669
480.653	48.4814	0.188635	0.260815
760.568	47.7323	0.172463	0.280143
316.558	40.4951	0.224101	0.290109
438.06	37.9531	0.228825	0.215051
407.145	40.6913	0.156726	0.315887
310.322	53.6969	0.190812	0.426072
229.855	48.8929	0.156646	0.722329
249.79	43.0915	0.139775	0.657764
540.951	40.4149	0.14456	0.324241
419.383	46.1583	0.207355	0.271357
183.8	41.099	0.160963	0.520784
480.748	53.7132	0.133669	0.512568
167.888	37.7551	0.130697	0.674013
599.207	39.6657	0.189775	0.223320
475.215	49.71	0.12674	0.549868
193.499	37.3486	0.190469	0.408018
633.895	53.3156	0.243428	0.271869
501.448	43.1641	0.184486	0.261507
340.099	40.226	0.130667	0.492837
678.678	54.4071	0.141836	0.434085
404.7	40.5468	0.231438	0.222404
338.118	40.5648	0.141002	0.385564
217.126	52.9869	0.137621	0.790616
681.796	58.0334	0.163306	0.487801
816.197	54.0995	0.184242	0.285073
260.87	37.9884	0.238734	0.217432
460.066	50.963	0.134462	0.509633
336.975	44.4075	0.167432	0.468524
546.138	37.7438	0.142297	0.277593
558.221	37.3296	0.145685	0.279006
280.006	43.2779	0.190417	0.347963
217.607	51.1866	0.130437	0.757128
479.864	42.5738	0.162807	0.294852
436.999	44.1997	0.202017	0.236448
589.058	45.111	0.20104	0.239854
700.115	44.6124	0.126019	0.386484
331.465	39.3346	0.137284	0.440367
510.926	58.8648	0.20163	0.387035
596.632	52.4044	0.147447	0.532477
419.015	49.0331	0.164181	0.499392
213.963	43.4871	0.18762	0.617187
301.423	44.916	0.203735	0.297771
596.269	41.9271	0.171269	0.292239
410.036	50.6684	0.14953	0.453816
170.857	40.2809	0.143637	0.783542
753.508	57.0595	0.167702	0.400886
391.445	60.733	0.180829	0.509287
223.291	37.1669	0.222463	0.206812
503.024	46.381	0.146632	0.450913
289.408	37.6046	0.131272	0.389302
583.587	53.3053	0.144336	0.410804
278.502	54.4187	0.159774	0.731436
618.4	56.0723	0.125254	0.649064
548.052	45.1753	0.138983	0.414468
574.231	40.7963	0.164662	0.301981
471.249	40.2749	0.158485	0.320323
417.021	46.3672	0.125998	0.531943
274.837	37.5573	0.176914	0.290999
452.857	39.8294	0.213142	0.209753
545.277	36.5887	0.140555	0.241308
480.18	49.1717	0.238868	0.248892
609.365	45.902	0.181226	0.291974
308.83	52.752	0.180333	0.505639
611.257	52.8966	0.188627	0.306428
317.5	51.8972	0.163854	0.489970
552.529	60.1191	0.130597	0.690722
554.323	46.5218	0.126781	0.494686
386.21	38.9305	0.191369	0.252901
489.899	43.0326	0.189658	0.286750
314.466	47.1617	0.191711	0.418086
461.447	44.0632	0.24554	0.228938
913.653	60.1637	0.184586	0.379537
214.21	42.0536	0.151214	0.500693
148.393	36.6392	0.131582	0.607138
471.089	36.8486	0.195253	0.202298
608.644	48.192	0.140461	0.421364
861.706	56.2331	0.219496	0.263962
379.423	58.1845	0.165491	0.637917
466.287	40.4078	0.158014	0.265237
188.354	44.7823	0.133746	0.798036
599.62	51.0685	0.126344	0.466400
232.925	44.3275	0.174949	0.528178
232.669	54.2181	0.165447	0.788471
562.324	59.3257	0.138792	0.623965
414.921	51.5362	0.165349	0.523588
351.094	43.4068	0.141176	0.422914
642.117	58.7074	0.17551	0.415203
712.88	56.3634	0.233212	0.211935
475.116	40.2406	0.24096	0.202392
592.004	49.6612	0.149891	0.387808
493.488	44.1957	0.140047	0.378110
650.675	59.8715	0.203643	0.406416
656.094	56.8422	0.138105	0.544615
384.859	38.6828	0.22775	0.208397
654.883	43.9097	0.134205	0.363343
481.287	38.4533	0.154669	0.281247
700.923	59.9099	0.207561	0.364399
588.071	59.7569	0.129844	0.584033
412.537	48.7771	0.204581	0.361972
494.01	52.1068	0.200044	0.334595
258.552	44.8579	0.151281	0.612128
337.362	58.3681	0.131808	0.737809
628.804	46.4983	0.136264	0.416741
775.242	55.1446	0.137383	0.425065
696.532	54.8	0.154944	0.366410
525.736	46.8575	0.154284	0.314382
838.121	58.5772	0.193382	0.289570
692.985	53.228	0.179543	0.326292
450.476	52.8269	0.15167	0.521671
169.571	40.7401	0.139741	0.703349
397.869	45.2585	0.194736	0.318067
596.305	39.5928	0.247221	0.167555
770.041	48.648	0.172945	0.310507
830.326	54.2688	0.13628	0.462596
273.767	38.1377	0.129363	0.391090
357.921	37.7675	0.187028	0.234139
497.095	45.8842	0.219146	0.239287
187.547	43.4546	0.218208	0.381085
285.303	60.4319	0.158459	0.897476
409.253	40.9363	0.156188	0.333373
300.211	52.5545	0.131911	0.625579
746.256	53.5621	0.151619	0.393125
311.283	46.9598	0.125459	0.698934
881.626	59.5257	0.191563	0.368470
363.198	44.2926	0.217843	0.296121
225.299	44.0528	0.12515	0.731598
321.384	51.2348	0.15231	0.540905
658.221	40.6679	0.189828	0.209476
548.702	40.9192	0.128606	0.405728
516.034	36.936	0.19172	0.210126
583.006	45.7406	0.141868	0.373371
511.624	60.375	0.216592	0.405140
397.558	40.1757	0.129695	0.428364
336.853	43.13	0.143727	0.427517
315.967	37.8347	0.210488	0.241803
444.22	59.5399	0.162995	0.523364
505.566	45.9565	0.138996	0.428990
598.97	36.9423	0.149805	0.274762
197.682	36.6931	0.201385	0.268733
535.119	42.548	0.232322	0.199880
770.895	47.5893	0.172121	0.283867
438.824	43.579	0.20529	0.236226
393.305	37.7129	0.135212	0.332778
641.398	49.8163	0.1317	0.507838
359.903	39.6419	0.140312	0.367875
587.056	52.0757	0.136561	0.440669
564.447	38.4587	0.211634	0.214634
486.756	37.085	0.163786	0.233136
312.929	41.1828	0.138641	0.362491
750.555	51.4354	0.142571	0.458178
529.235	54.3528	0.161416	0.455964
440.782	48.0341	0.165361	0.377362
449.629	52.2819	0.237443	0.343443
419.065	44.4644	0.176048	0.311484
636.154	39.7714	0.184197	0.185906
389.406	40.1888	0.221082	0.184581
276.255	38.0768	0.215019	0.256797
522.54	41.5858	0.130394	0.338125
473.822	41.6604	0.130167	0.372952
280.452	52.6042	0.128638	0.753347
640.664	40.5336	0.196503	0.212689
302.916	43.1284	0.174189	0.434846
351.317	40.5281	0.189627	0.270938
574.743	43.0755	0.138271	0.312399
352.814	39.0716	0.145858	0.398786
522.199	46.0378	0.16293	0.343044
443.349	38.0494	0.217318	0.210547
639.84	51.2772	0.192109	0.359614
826.928	54.5426	0.128801	0.611556
410.164	44.287	0.20609	0.305691
525.431	47.1362	0.190147	0.350681
675.346	59.2296	0.23141	0.298024
860.655	55.9531	0.226731	0.235919
368.658	55.8694	0.19784	0.441473
422.432	42.2697	0.161733	0.318884
347.439	53.7835	0.15808	0.664117
245.998	40.3999	0.142015	0.421320
380.204	51.7742	0.199248	0.355927
463.875	56.2779	0.190469	0.397829
349.307	57.5798	0.164095	0.479296
631.451	52.4651	0.208913	0.284844
583.625	40.0812	0.198781	0.183703
474.658	51.4169	0.133668	0.460293
475.95	40.8531	0.162504	0.302767
699.795	44.1152	0.158764	0.272321
436.86	37.5335	0.210726	0.199727
251.81	45.4056	0.174358	0.370953
242.073	43.6942	0.133403	0.625518
538.427	38.8316	0.140653	0.316906
594.881	39.5424	0.181772	0.271375
647.906	55.7257	0.132779	0.510721
295.968	56.8415	0.213806	0.617866
545.115	45.5032	0.133824	0.416952
532.644	36.7456	0.14405	0.266868
395.152	53.3889	0.167264	0.508692
525.321	60.5144	0.137271	0.693433
314.135	43.5854	0.16527	0.337369
219.867	39.8525	0.135606	0.555436
495.819	38.0287	0.2366	0.160238
520.975	45.6304	0.202596	0.271889
548.765	36.5316	0.159615	0.283620
693.353	52.7083	0.216194	0.278500
215.209	43.6621	0.210081	0.381693
482.436	44.1987	0.188441	0.245421
374.044	56.956	0.196541	0.586662
456.767	37.0645	0.156974	0.318705
228.439	39.1093	0.128442	0.494379
916.679	60.3072	0.143335	0.550451
774.01	59.525	0.153182	0.430556
838.873	55.1308	0.185115	0.301981
401.797	38.4021	0.249496	0.206209
764.148	58.3624	0.156299	0.384228
665.997	45.9623	0.215756	0.238779
353.73	42.6934	0.168898	0.310976
538.178	41.9746	0.136005	0.349095
203.318	48.4473	0.175949	0.571106
515.755	41.5094	0.129476	0.351989
271.436	56.8674	0.2197	0.398015
552.635	42.5297	0.177073	0.231787
513.421	39.1254	0.158351	0.335105
274.445	40.3029	0.225575	0.284393
502.334	41.4927	0.126373	0.403749
804.239	50.4068	0.210831	0.261787
300.439	44.6579	0.231708	0.329239
438.776	47.6642	0.153983	0.486634
406.934	41.8348	0.156964	0.312029
251.421	48.8259	0.223223	0.400055
383.301	48.6269	0.182406	0.353366
839.658	55.7078	0.198178	0.281352
283.654	50.1982	0.136174	0.579857
344.892	45.1989	0.182498	0.346123
468.71	46.9642	0.158283	0.414144
262.947	55.4247	0.194731	0.556205
624.886	49.6125	0.149639	0.386167
290.485	43.3383	0.242596	0.216759
460.586	44.3695	0.159316	0.404658
183.626	41.6192	0.127147	0.728981
277.422	50.0554	0.128028	0.722893
673.078	46.419	0.142748	0.361701
636.559	43.9578	0.147457	0.371401
824.57	53.043	0.159097	0.368380
361.707	37.9298	0.19899	0.292341
633.852	54.5533	0.140025	0.417036
602.908	56.9315	0.140315	0.584025
556.514	42.8406	0.230698	0.211490
518.219	37.6849	0.167694	0.257846
439.098	44.5971	0.135147	0.406588
775.011	49.3943	0.208541	0.277060
820.299	55.9208	0.132441	0.466151
450.891	47.7664	0.157106	0.397053
296.378	38.1519	0.188592	0.233691
217.232	48.9596	0.202483	0.419541
778.78	50.0569	0.164995	0.286810
692.428	45.0961	0.217738	0.234612
901.585	59.6149	0.19135	0.325886
193.041	44.0016	0.19202	0.379880
409.109	44.3439	0.130854	0.486824
725.336	58.0885	0.228786	0.277747
578.706	43.6801	0.209116	0.248822
239.932	42.7086	0.143744	0.468417
243.247	36.6705	0.163712	0.378420
686.846	44.8559	0.184208	0.235553
791.065	54.9476	0.144193	0.401802
490.358	45.1521	0.204877	0.260155
260.045	46.4254	0.155358	0.572975
578.55	39.5735	0.228721	0.176171
208.251	39.4483	0.192898	0.364715
770.605	54.8169	0.134437	0.484109
280.066	57.6449	0.156566	0.755014
570.887	40.4809	0.230997	0.183997
334.074	40.7816	0.127475	0.458560
208.357	37.0586	0.152261	0.414123
492.102	37.8728	0.200007	0.199463
708.414	57.2138	0.145303	0.514888
184.455	37.1018	0.163994	0.326836
597.659	38.3166	0.150475	0.299180
754.249	51.6021	0.244532	0.213245
208.027	37.211	0.20495	0.290534
432.323	59.4322	0.238386	0.372212
232.699	55.7122	0.245459	0.382082
209.809	42.1116	0.240784	0.271042
390.557	36.8619	0.197421	0.278987
429.346	45.1101	0.159602	0.371845
565.682	55.9383	0.185718	0.430537
364.386	37.5799	0.16604	0.278851
220.963	37.8541	0.143892	0.440332
479.092	50.8283	0.142927	0.421843
670.53	51.0217	0.12635	0.556469
512.637	43.9158	0.130451	0.372459
174.904	36.5883	0.194543	0.346365
310.474	58.8468	0.167048	0.696157
668.782	57.2061	0.215464	0.335752
472.538	37.854	0.162105	0.336896
532.38	47.8995	0.160679	0.339593
575.06	46.2673	0.171356	0.312780
361.092	49.8783	0.130819	0.601246
661.311	52.4298	0.227578	0.300201
267.604	43.6702	0.127784	0.675350
324.44	41.7039	0.155417	0.392884
492.754	59.1149	0.134274	0.520443
708.843	51.72	0.132453	0.426329
616.295	56.1522	0.222408	0.278962
479.405	53.9575	0.126073	0.640270
642.693	39.5285	0.131345	0.319084
624.029	54.9887	0.130546	0.529455
435.564	39.8866	0.219535	0.226723
550.198	41.6488	0.14668	0.294568
449.627	59.6086	0.247415	0.362778
402.364	55.2924	0.239957	0.361440
610.06	42.689	0.230258	0.209270
622.617	54.3526	0.247221	0.243898
612.237	37.229	0.145227	0.235165
626.337	51.6352	0.209482	0.270484
712.706	52.4609	0.205534	0.319711
334.051	46.2736	0.185713	0.354271
199.338	38.397	0.196945	0.376986
428.088	58.0245	0.137586	0.727006
349.369	39.8802	0.182318	0.262693
438.036	59.4772	0.206372	0.448257
272.493	46.4662	0.140864	0.634352
329.761	42.6265	0.16947	0.365559
396.046	47.4647	0.151644	0.416714
676.043	45.243	0.15529	0.286295
743.644	54.4767	0.201858	0.266783
507.637	49.2712	0.159971	0.340934
465.877	42.4961	0.169782	0.329123
847.944	58.7568	0.17463	0.356006
536.506	58.4745	0.128015	0.605937
741.262	52.7378	0.150725	0.403260
472.386	58.3208	0.158166	0.539240
406.718	50.3185	0.130118	0.655298
534.38	45.5438	0.148264	0.315239
461.028	39.1808	0.189534	0.223335
349.619	38.9875	0.242254	0.189829
741.614	60.8199	0.135018	0.549260
154.721	36.7799	0.133567	0.531131
415.858	51.7554	0.21121	0.364623
394.382	46.5446	0.189847	0.340100
776.469	60.0909	0.15773	0.369447
454.763	44.4928	0.224381	0.241335
645.153	53.6808	0.16833	0.363231
648.339	50.466	0.231501	0.226203
501.355	40.8776	0.158098	0.270648
786.014	50.0189	0.243819	0.195463
860.25	57.5391	0.16633	0.342039
450.555	47.0415	0.175836	0.395198
209.669	44.1297	0.175017	0.451665
468.852	51.5843	0.128355	0.585286
303.833	38.0298	0.149749	0.401858
230.426	45.0613	0.173206	0.480456
281.808	47.7251	0.128189	0.648885
306.543	39.6635	0.158186	0.328538
543.628	40.1721	0.151901	0.307648
532.74	39.0053	0.21432	0.184175
648.521	60.6989	0.203909	0.381776
470.838	55.6346	0.161716	0.537901
427.652	40.2393	0.210235	0.239121
287.614	44.272	0.129316	0.618382
507.041	41.3426	0.182789	0.226923
550.82	37.0621	0.152579	0.221201
429.884	45.6452	0.188671	0.239632
590.156	53.6619	0.162735	0.407895
248.176	39.3703	0.206719	0.249794
580.643	52.4409	0.177336	0.389253
207.702	48.446	0.231843	0.375441
326.711	50.3983	0.137022	0.689515
254.818	42.1723	0.211892	0.299325
370.301	40.3057	0.180915	0.330086
406.389	37.5296	0.141779	0.306725
507.34	50.5003	0.175234	0.352497
632.651	58.2226	0.155964	0.520724
640.221	50.4631	0.138862	0.409148
797.421	58.6659	0.138943	0.476234
415.738	53.8775	0.212243	0.310968
232.741	44.0181	0.207422	0.442178
473.035	42.0827	0.154756	0.340552
833.67	59.4358	0.199517	0.262042
632.666	51.0508	0.176055	0.345905
514.195	43.8327	0.184861	0.250104
372.058	41.54	0.148999	0.309735
180.4	37.0419	0.191889	0.287325
416.587	45.2627	0.237092	0.226727
500.112	41.2347	0.212333	0.210123
583.661	38.3933	0.129544	0.279438
624.234	60.5613	0.129593	0.825907
277.559	36.5079	0.151418	0.280913
389.185	46.2853	0.144844	0.418010
205.265	36.5118	0.167559	0.367055
191.92	43.8629	0.239156	0.359280
655.721	44.3883	0.130471	0.395385
262.332	37.8967	0.137941	0.358759
198.087	48.517	0.220798	0.416957
581.801	37.0413	0.139353	0.249544
672.551	51.7344	0.152516	0.398380
569.249	39.7958	0.136746	0.339950
361.186	42.6074	0.145583	0.365891
542.967	43.1753	0.181534	0.280249
267.542	37.9055	0.179893	0.336860
622.407	41.0444	0.173554	0.238665
276.416	41.1206	0.186192	0.307592
297.795	42.3552	0.135992	0.426797
811.533	53.3446	0.205072	0.341788
482.196	36.7539	0.197554	0.226613
218.816	39.0412	0.13097	0.538199
301.488	44.6405	0.192795	0.315921
473.632	41.5763	0.166109	0.340773
779.054	59.9455	0.187437	0.383842
785.995	50.4485	0.126797	0.478205
674.371	44.4982	0.159282	0.319856
433.904	48.074	0.207712	0.345160
169.657	38.1979	0.249349	0.236201
620.254	40.7235	0.13895	0.269192
251.265	43.4646	0.160581	0.454749
619.717	54.6388	0.16342	0.411290
220.679	42.152	0.183766	0.408032
491.385	41.0106	0.149797	0.325315
216.805	48.6092	0.167007	0.641400
604.922	52.8164	0.150175	0.415688
506.285	37.0995	0.144643	0.255075
383.02	57.8358	0.197611	0.376971
779.894	56.6505	0.212236	0.314957
546.66	42.1439	0.196468	0.216993
619.474	46.0038	0.154153	0.369126
160.841	39.9394	0.176899	0.452452
329.109	58.5878	0.164216	0.721429
491.082	41.6438	0.207684	0.208842
183.969	42.3897	0.166112	0.559458
177.913	42.1011	0.248024	0.314086
333.835	40.5347	0.160777	0.320289
513.666	55.1438	0.127051	0.638394
309.637	36.5954	0.234508	0.185897
403.794	42.9972	0.214218	0.258824
439.195	41.2677	0.169303	0.299838
513.749	47.5072	0.154593	0.374403
588.922	43.4364	0.206604	0.221324
507.046	44.3041	0.16268	0.303606
329.111	42.2464	0.181208	0.326816
524.538	60.1694	0.144105	0.761006
454.664	51.4884	0.22208	0.335937
542.595	36.9289	0.242241	0.157176
211.911	43.7467	0.242162	0.346478
351.311	37.0983	0.167489	0.255154
374.795	58.0456	0.127353	0.738811
176.707	36.6705	0.169345	0.389830
557.589	44.6428	0.2408	0.213420
473.959	40.405	0.17725	0.245783
208.73	39.4787	0.141191	0.534783
884.961	59.5858	0.206771	0.276376
174.726	36.7155	0.243323	0.253875
554.307	37.0355	0.139634	0.288108
760.981	58.5708	0.163017	0.452886
631.144	48.5173	0.167775	0.322124
508.472	58.4618	0.151063	0.537731
416.548	47.4535	0.17142	0.424764
410.177	46.1193	0.140885	0.468745
479.217	36.7487	0.129127	0.342099
360.433	36.6938	0.145306	0.331877
348.601	46.6772	0.222519	0.324310
267.452	48.0265	0.14365	0.512797
580.894	54.0145	0.190647	0.294796
609.087	46.7806	0.141665	0.382618
517.275	53.6233	0.19844	0.390091
448.238	39.8921	0.149053	0.293625
620.165	40.4388	0.168433	0.258006
324.471	42.829	0.154699	0.392526
511.52	52.1701	0.213533	0.306754
247.78	38.5741	0.244993	0.243092
161.392	38.2124	0.149694	0.507327
309.263	51.7136	0.235489	0.373216
379.21	45.0464	0.136813	0.434312
709.704	50.116	0.128038	0.448610
629.642	55.7522	0.209982	0.367310
414.57	46.9651	0.188666	0.358644
150.76	37.5135	0.183142	0.359913
486.604	38.0505	0.140533	0.311525
681.654	55.9951	0.178488	0.423203
559.968	40.2736	0.17507	0.263048
810.794	53.681	0.162915	0.350568
632.474	39.1976	0.149482	0.274564
206.37	49.0038	0.162043	0.570126
328.943	48.3792	0.249571	0.288552
624.357	53.6896	0.184646	0.366115
556.931	37.6175	0.153175	0.250000
249.817	53.0572	0.172297	0.821524
246.048	55.2763	0.135208	0.849577
183.09	39.1911	0.133024	0.445468
401.37	44.0193	0.155455	0.359465
207.167	50.9222	0.156332	0.693310
432.458	46.9779	0.158284	0.333267
357.642	54.247	0.202939	0.447228
616.131	42.1553	0.244188	0.177616
262.056	53.4818	0.155901	0.754381
348.174	38.3688	0.222368	0.239671
694.109	42.6544	0.201339	0.201000
350.778	53.345	0.235802	0.396695
348.272	48.7412	0.144152	0.593740
290.749	38.2852	0.146658	0.343423
509.346	37.084	0.126778	0.317606
228.307	44.5038	0.131178	0.562025
396.952	39.2998	0.191184	0.236142
208.236	48.3526	0.157222	0.478617
799.273	49.8744	0.141591	0.354230
517.576	54.4984	0.213343	0.351410
369.968	46.5594	0.235818	0.279773
364.079	39.4089	0.166266	0.279131
707.609	45.6904	0.208151	0.225931
367.422	55.4442	0.185825	0.487526
540.94	42.6266	0.146441	0.311716
233.857	39.0756	0.195031	0.339107
263.553	45.5377	0.246074	0.245570
272.214	50.2236	0.23747	0.360488
633.315	57.3811	0.178968	0.364623
714.909	45.5723	0.177476	0.269299
498.87	40.1438	0.161843	0.268313
501.215	40.1066	0.153069	0.370069
393.746	42.4017	0.172305	0.332745
381.747	50.3096	0.176016	0.426596
232.304	37.3184	0.142769	0.339177
215.204	44.3091	0.129015	0.596733
567.915	47.7004	0.129732	0.435622
390.925	44.7648	0.223688	0.232770
308.07	40.8468	0.14027	0.353396
354.792	47.4377	0.132017	0.621339
580.554	38.7247	0.195548	0.193462
403.394	45.4545	0.188798	0.396685
326.454	47.9057	0.130455	0.481357
431.075	53.6781	0.238635	0.319104
292.361	53.491	0.175843	0.500225
535.663	46.2343	0.182241	0.289810
541.185	48.6662	0.155188	0.382081
785.072	56.2757	0.154727	0.337037
264.024	53.5466	0.19289	0.515599
226.784	51.6029	0.181044	0.586161
626.274	42.0804	0.15628	0.275665
489.177	44.8816	0.168377	0.340189
421.143	38.6669	0.163419	0.324856
513.541	39.0556	0.166619	0.231301
624.574	48.41	0.129122	0.443415
198.765	38.2671	0.208971	0.405379
233.677	50.4884	0.172315	0.586122
716.662	50.0039	0.192697	0.285251
244.387	49.8064	0.232587	0.340775
226.232	43.384	0.201509	0.377730
567.57	38.0846	0.133635	0.228536
708.287	52.7492	0.166338	0.351783
803.387	57.4279	0.185424	0.350872
404.575	36.8526	0.155104	0.280200
407.679	42.0938	0.208305	0.230172
196.304	47.6515	0.196461	0.524870
546.49	42.9562	0.195379	0.234990
256.716	42.8527	0.179458	0.423077
446.771	40.3661	0.170608	0.232148
409.859	45.6291	0.140232	0.574041
525.635	40.6225	0.209916	0.189950
312.978	49.8263	0.205453	0.451600
336.017	39.3587	0.190109	0.300657
441.189	40.4824	0.226311	0.242800
467.893	36.904	0.129243	0.320137
344.802	52.0695	0.214188	0.399539
453.071	51.1792	0.249884	0.250840
326.225	57.7561	0.12737	0.867853
371.857	54.9961	0.128665	0.740546
535.201	37.1644	0.130773	0.295466
778.176	53.4	0.151906	0.369562
671.99	45.8787	0.205351	0.235198
586.188	40.5404	0.14263	0.283231
768.383	48.0451	0.19405	0.305361
391.553	45.5704	0.144602	0.484226
224.935	53.4967	0.148338	0.747842
585.413	45.8336	0.161199	0.323774
428.068	58.0531	0.162975	0.591521
327.155	47.8615	0.220619	0.337545
337.35	44.2777	0.1971	0.349922
251.9	39.9041	0.167004	0.325964
241.658	38.5097	0.152769	0.490144
532.271	38.7171	0.159265	0.242239
476.524	38.4872	0.221196	0.200191
428.908	37.5092	0.205046	0.193162
380.242	60.1641	0.227216	0.485435
533.191	38.5699	0.240533	0.190526
514.241	42.3509	0.135683	0.419087
634.82	54.4863	0.16214	0.449667
768.159	49.54	0.204104	0.262787
491.575	37.3019	0.137969	0.312860
701.273	42.7391	0.167416	0.260886
719.684	55.8777	0.143413	0.427566
209.905	45.3118	0.142326	0.628677
518.245	43.4115	0.183172	0.289643
322.142	53.3072	0.194514	0.445249
269.885	39.6941	0.128093	0.461393
440.03	37.3841	0.180604	0.222905
784.979	56.7796	0.130422	0.521435
585.942	44.2935	0.179408	0.264497
508.028	40.5456	0.144846	0.339277
560.843	54.3509	0.130217	0.551206
535.641	41.9822	0.126194	0.457650
413.581	45.5635	0.141298	0.405818
250.03	39.2523	0.18753	0.342081
483.781	37.0131	0.17067	0.211437
573.144	39.4188	0.150164	0.260068
357.972	39.8053	0.147216	0.393544
179.019	39.2213	0.127743	0.816361
397.416	43.5405	0.171872	0.293086
605.377	38.0983	0.209253	0.156617
473.666	36.8623	0.149608	0.264740
731.245	48.7557	0.221716	0.249362
478.157	57.1836	0.148031	0.700708
910.875	57.5193	0.16149	0.328419
655.267	54.8143	0.174934	0.433287
567.246	47.9075	0.139064	0.398713
766.209	56.1427	0.153444	0.337737
335.985	41.1334	0.174571	0.347640
565.473	38.4418	0.19962	0.202610
310.086	46.402	0.166643	0.413663
314.742	54.0894	0.197408	0.414190
322.887	43.4594	0.241079	0.246642
337.7	36.8782	0.147042	0.302307
176.105	40.5511	0.173696	0.456461
342.446	45.6747	0.131212	0.520673
457.413	42.3008	0.197371	0.250851
507.02	37.9473	0.180558	0.228741
696.518	42.584	0.172546	0.246032
780.268	59.1888	0.142394	0.530000
748.35	49.6126	0.13039	0.408646
797.518	60.0001	0.193167	0.308625
396.536	60.7484	0.191463	0.644663
564.763	59.8629	0.235416	0.326602
489.465	38.6903	0.157793	0.288486
471.512	40.5807	0.136398	0.378003
271.809	42.1292	0.219643	0.255777
292.329	45.83	0.244218	0.313855
269.435	49.7295	0.141714	0.538271
291.629	46.9884	0.126211	0.658415
343.366	51.0346	0.169249	0.474302
669.277	50.0732	0.141151	0.456255
539.095	39.6152	0.241745	0.159915
292.836	48.5493	0.156273	0.507201
739.918	49.3698	0.128477	0.418152
568.308	44.7505	0.131943	0.411882
247.858	40.9515	0.238713	0.244988
476.99	51.3993	0.241555	0.244418
602.718	56.3916	0.178985	0.338328
616.707	48.8037	0.145371	0.440337
585.692	39.1876	0.134016	0.289837
581.54	38.4215	0.207239	0.170131
518.253	57.257	0.183118	0.386025
258.233	44.7001	0.217293	0.329652
559.301	39.782	0.147744	0.241176
766.888	59.9818	0.213967	0.363419
310.568	44.1986	0.139326	0.554404
629.741	42.6841	0.181586	0.182499
413.342	59.0622	0.17339	0.471656
701.603	56.4913	0.222161	0.307971
720.692	47.5545	0.150483	0.331156
392.21	40.4797	0.139185	0.376673
649.007	49.2375	0.223264	0.271353
413.607	50.3606	0.144855	0.497923
595.088	44.4907	0.137629	0.380659
179.718	40.0683	0.198153	0.414392
363.961	37.8737	0.157002	0.336502
279.32	43.193	0.12653	0.609625
605.728	59.1769	0.151872	0.482654
177.968	42.3591	0.246693	0.320618
890.457	54.1734	0.188613	0.290462
356.573	46.4006	0.130788	0.545514
181.411	41.9706	0.239619	0.303976
698.614	51.1423	0.242308	0.219763
296.165	37.1043	0.147514	0.379191
317.458	57.9783	0.140267	0.665381
278.616	39.0028	0.173579	0.331712
242.354	36.9451	0.226889	0.233513
279.01	52.9155	0.166089	0.545382
489.807	60.471	0.211204	0.357469
554.323	38.3178	0.155947	0.244632
211.97	53.2878	0.216482	0.524836
168.521	37.7927	0.125357	0.568189
620.758	40.549	0.218985	0.196524
463.745	55.1291	0.135367	0.669259
538.986	43.9497	0.129576	0.352589
693.543	53.751	0.225575	0.264459
565.167	46.4144	0.158219	0.273785
748.853	54.2264	0.131046	0.547359
400.091	50.1445	0.14464	0.427795
626.379	41.5875	0.157648	0.263352
479.882	45.0218	0.217983	0.238822
398.156	43.2555	0.147129	0.455768
353.382	48.2749	0.235329	0.278315
211.752	50.4103	0.138384	0.788320
447.778	54.2548	0.141755	0.489991
172.5	40.3327	0.148925	0.505583
398.848	44.2861	0.23262	0.218018
315.668	40.9244	0.131024	0.447899
425.318	37.9571	0.212628	0.229992
351.978	42.4218	0.135291	0.446862
195.227	36.5772	0.199648	0.249006
446.463	39.341	0.211838	0.161306
629.566	38.8368	0.145785	0.255517
370.101	48.2842	0.224819	0.318200
374.881	36.7375	0.129341	0.368793
552.659	57.1674	0.161319	0.577883
307.08	36.8318	0.196784	0.239078
416.835	41.6747	0.238166	0.156571
368.993	41.0006	0.188317	0.313475
266.841	42.7179	0.138116	0.774443
248.791	49.0762	0.142028	0.659552
425.674	56.9885	0.205869	0.416399
299.753	37.6329	0.136156	0.373621
338.202	36.9124	0.222008	0.257946
831.1	50.8581	0.194187	0.266779
406.069	52.7307	0.181509	0.476815
571.25	44.245	0.194939	0.255200
353.179	42.6421	0.203327	0.269745
243.332	44.9556	0.156204	0.546996
360.911	53.875	0.1433	0.550621
439.245	37.0414	0.183129	0.245374
296.303	51.5443	0.209983	0.339964
662.542	47.4249	0.232847	0.222505
580.599	48.8458	0.180169	0.295065
468.202	60.7463	0.205524	0.449424
376.747	38.3342	0.156155	0.312190
480.261	43.2199	0.217545	0.215595
335.148	37.9191	0.19544	0.232063
433.118	47.3897	0.241138	0.277748
524.434	48.8211	0.139405	0.450427
590.444	58.2449	0.15376	0.583319
314.406	49.6368	0.130353	0.522578
619.008	60.5925	0.246241	0.311441
311.183	59.7627	0.16357	0.659256
180.969	40.0325	0.136594	0.564126
342.705	40.5983	0.152424	0.351246
470.679	39.6159	0.248984	0.175044
485.706	42.3408	0.172771	0.255741
516.663	46.5412	0.137893	0.472660
260.842	36.8679	0.152156	0.357280
207.791	47.3912	0.136837	0.773862
717.855	56.6341	0.169175	0.394518
779.647	56.1378	0.240436	0.235913
392.502	41.6793	0.143387	0.428348
721.279	48.3141	0.213067	0.259297
450.275	38.1427	0.125227	0.388400
245.343	39.3817	0.143416	0.463858
338.977	41.6696	0.198513	0.272427
502.224	41.5875	0.135148	0.366216
363.97	38.6586	0.171752	0.263563
617.026	38.824	0.157858	0.233510
562.153	39.2524	0.155029	0.296985
805.646	58.6955	0.131709	0.470769
316.623	38.7546	0.129712	0.516896
679.151	56.2199	0.201787	0.318758
271.102	52.8689	0.180701	0.654237
436.941	47.0067	0.139645	0.401511
788.547	59.7146	0.147298	0.514286
504.076	60.206	0.189945	0.371902
576.677	36.8646	0.13182	0.320300
291.477	37.3139	0.22095	0.238357
391.714	49.334	0.246888	0.333775
417.926	37.1103	0.130498	0.334192
346.563	39.5725	0.137637	0.413681
791.414	50.5692	0.189769	0.303782
598.476	45.4089	0.219199	0.233003
374.551	46.9544	0.212389	0.349545
348.575	53.9267	0.169098	0.479939
619.089	37.2603	0.177233	0.210320
252.34	45.8415	0.194966	0.353553
647.037	49.5273	0.21253	0.221149
551.462	41.278	0.192947	0.232760
293.68	57.4502	0.175471	0.567565
651.146	47.5055	0.18674	0.300936
455.559	51.1677	0.19967	0.325743
208.202	47.417	0.176515	0.452348
428.008	46.2731	0.203376	0.249565
663.129	60.2727	0.155936	0.576786
430.256	40.5993	0.219378	0.229803
220.962	53.6197	0.167104	0.650042
311.394	49.2201	0.142161	0.655107
373.587	51.1583	0.163313	0.428986
548.034	41.7593	0.191546	0.221018
176.672	38.8253	0.147781	0.472143
520.38	50.8255	0.209466	0.300379
961.602	58.7416	0.132018	0.441524
247.246	43.7646	0.224983	0.407681
541.035	37.4282	0.156216	0.259691
546.915	43.0486	0.12658	0.397638
689.57	56.7606	0.209388	0.257624
295.12	53.3924	0.132835	1.129406
641.011	48.8975	0.187	0.307627
474.962	36.678	0.171034	0.244107
569.378	40.3875	0.133943	0.331555
682.076	52.1937	0.181568	0.282991
237.735	46.6824	0.211391	0.383453
313.399	38.4052	0.218827	0.228239
315.496	45.805	0.128117	0.501938
475.491	59.2368	0.203492	0.487047
414.981	57.3307	0.126151	0.700529
556.449	50.3882	0.190191	0.318973
245.605	48.3354	0.202339	0.378240
318.843	38.937	0.15253	0.340650
552.246	60.6928	0.154063	0.714108
584.205	37.8443	0.187863	0.188263
194.677	50.0903	0.137061	0.714800
880.422	53.3729	0.129174	0.414412
395.527	37.8535	0.143854	0.341901
750.335	52.1535	0.178847	0.321514
877.074	55.5862	0.139017	0.326094
367.891	37.9181	0.128611	0.344180
245.788	37.6303	0.187896	0.364832
249.624	44.8228	0.187968	0.349097
246.07	48.6108	0.23014	0.374987
627.753	41.4997	0.156536	0.328002
205.424	37.0176	0.210332	0.275598
605.747	43.746	0.169715	0.280458
623.609	52.1163	0.179479	0.304069
380.008	43.266	0.233938	0.224760
491.955	53.9057	0.158111	0.471154
328.79	39.1473	0.245259	0.191038
303.865	43.3267	0.189732	0.320149
479.619	51.6356	0.139415	0.534779
537.769	54.2504	0.165446	0.362683
200.587	41.2366	0.156516	0.441594
284.701	37.6002	0.237969	0.213051
515.9	37.7853	0.238405	0.169451
672.993	43.0138	0.136193	0.295261
682.249	42.0558	0.146104	0.311221
791.629	48.8137	0.226697	0.233241
492.584	41.9165	0.193345	0.219245
167.09	41.7709	0.172662	0.452146
841.519	54.7982	0.193257	0.277616
793.747	51.732	0.210534	0.274431
396.245	37.543	0.16597	0.288327
634.584	58.4032	0.188587	0.327541
799.387	57.4932	0.133915	0.538419
432.857	53.847	0.148688	0.658681
321.865	58.7934	0.163924	0.652817
464.424	40.6926	0.126561	0.391921
329.834	37.1516	0.201988	0.222582
544.996	46.0672	0.132651	0.444538
653.314	58.2063	0.209009	0.410228
327.131	52.5957	0.193754	0.443558
743.603	49.349	0.13972	0.317134
236.094	47.3191	0.248142	0.365295
528.161	51.3253	0.166464	0.417522
571.582	40.4767	0.148928	0.263540
214.424	39.1531	0.226449	0.264783
291.395	37.8591	0.2426	0.222685
220.87	40.6741	0.140325	0.453906
303.294	58.5567	0.235687	0.412664
457.665	53.2589	0.187111	0.401037
191.507	45.3355	0.175995	0.652123
331.286	60.0877	0.154205	0.804393
484.64	41.0497	0.183215	0.262856
479.365	38.172	0.193288	0.217359
458.512	41.1505	0.12517	0.451709
597.415	53.1145	0.202183	0.323403
385.975	41.193	0.130114	0.509435
719.522	57.702	0.191976	0.365681
369.697	45.7894	0.144543	0.448432
251.867	41.2134	0.164772	0.394075
697.225	51.9707	0.173812	0.280494
398.768	39.5878	0.138619	0.389417
618.638	44.2009	0.130937	0.374763
549.243	46.2533	0.227603	0.227002
285.058	37.6761	0.185114	0.274823
227.865	39.8689	0.176276	0.365056
603.642	48.1694	0.22429	0.230243
539.875	42.1305	0.138532	0.351189
595.053	40.5222	0.127225	0.330674
497.149	37.6341	0.192004	0.225150
402.722	45.1035	0.162959	0.345569
444.923	55.3919	0.142542	0.599467
523.992	52.3662	0.186428	0.352464
847.114	55.1912	0.146299	0.444724
338.267	38.3011	0.178268	0.270785
418.971	44.117	0.224164	0.238899
522.546	48.1365	0.17843	0.341208
152.551	38.6775	0.128988	0.678008
465.548	46.6045	0.162495	0.332248
546.062	38.7245	0.161082	0.290410
733.588	56.381	0.126131	0.500968
547.187	53.1382	0.213012	0.332099
417.654	38.1967	0.14766	0.259005
532.558	47.6244	0.183889	0.347918
543.464	41.1488	0.221368	0.224675
858.581	58.0556	0.125274	0.569185
683.377	45.6239	0.165679	0.271657
330.823	59.3389	0.147754	0.675755
824.309	58.0925	0.212847	0.293621
160.981	36.6182	0.239756	0.318262
382.276	39.4805	0.145815	0.310364
356.969	49.3171	0.194685	0.435308
244.167	42.5635	0.159617	0.412897
751.109	47.417	0.165561	0.275138
579.049	38.3979	0.140369	0.288211
353.706	36.8555	0.142358	0.300816
479.969	38.5921	0.176726	0.238740
357.79	52.7705	0.136052	0.747248
451.322	41.3267	0.217459	0.209417
549.301	54.7733	0.197667	0.375062
387.517	51.8603	0.187478	0.407510
637.623	54.1605	0.21699	0.268877
466.93	40.385	0.136526	0.316839
563.585	53.828	0.202363	0.267635
611.016	49.1123	0.136069	0.413826
704.532	52.3616	0.193887	0.317407
478.955	47.4154	0.126571	0.526910
281.703	37.7319	0.238916	0.220804
858.887	53.7471	0.236839	0.246878
304.983	38.4214	0.13869	0.474361
738.383	47.0271	0.183909	0.275206
549.68	53.6235	0.181311	0.359186
749.714	50.743	0.129154	0.410829
445.588	57.9874	0.195714	0.469404
307.418	49.779	0.148422	0.555942
793.497	53.6035	0.125316	0.425505
544.17	55.5681	0.15246	0.443745
741.619	53.6175	0.179692	0.323122
397.208	37.6239	0.148143	0.315099
340.767	51.154	0.133496	0.780863
567.806	47.5175	0.166682	0.296558
732.897	60.4352	0.224792	0.347972
396.065	38.432	0.131909	0.362549
428.2	37.3139	0.189632	0.199178
325.155	37.4724	0.177076	0.279903
336.63	39.6642	0.163843	0.308592
547.356	38.9781	0.178905	0.204066
413.215	39.2812	0.220706	0.241883
443.466	39.2818	0.210753	0.193112
343.741	46.444	0.164714	0.348527
209.503	36.9664	0.167579	0.404615
708.02	53.7977	0.186937	0.326092
731.343	46.643	0.183616	0.227049
526.62	44.6217	0.209723	0.224825
213.084	54.5108	0.216515	0.633828
622.64	47.6284	0.188622	0.278039
657.472	53.2835	0.231351	0.281203
339.657	44.334	0.148154	0.478492
305.226	42.7602	0.155892	0.381496
504.217	57.2763	0.198251	0.382045
198.197	44.3871	0.182406	0.468642
619.104	44.1144	0.159722	0.282455
846.061	56.2206	0.246718	0.231908
282.056	59.8722	0.167235	0.822860
648.461	50.9652	0.12608	0.581475
309.481	49.6377	0.21956	0.324905
638.91	44.0983	0.177182	0.289683
312.459	41.5773	0.238048	0.244974
658.764	47.6106	0.126061	0.489242
499.802	39.0163	0.12633	0.350738
531.054	40.0464	0.136505	0.258992
481.379	43.9926	0.143819	0.370898
351.335	38.8745	0.172113	0.300205
393.663	40.2897	0.145605	0.402235
604.071	40.8679	0.180109	0.247096
506.854	48.6212	0.156347	0.370034
530.133	51.8181	0.160076	0.477401
414.195	37.0072	0.234812	0.164965
863.883	57.904	0.192538	0.330774
300.314	37.4069	0.184745	0.300000
217.591	43.1721	0.178231	0.402251
366.709	41.973	0.173264	0.335593
306.524	37.3324	0.143264	0.354117
643.2	43.1611	0.204594	0.246995
218.177	48.3369	0.145252	0.619433
608.373	43.1385	0.20702	0.240539
581.872	48.4222	0.135347	0.421917
306.329	53.8075	0.209856	0.452930
679.324	54.0311	0.131899	0.647359
545.006	60.536	0.13375	0.674187
459.277	49.6256	0.130601	0.469369
305.334	37.6824	0.149972	0.402759
584.541	56.5443	0.204929	0.331113
465.282	52.1937	0.131711	0.575605
565.504	49.2173	0.208961	0.304987
617.874	57.4977	0.181149	0.420827
506.627	57.5213	0.232363	0.321204
592.911	37.3575	0.142519	0.276014
577.253	58.0164	0.148871	0.507965
256.504	38.9162	0.165903	0.372622
250.638	50.166	0.139792	0.749545
461.788	46.4494	0.135889	0.431763
728.493	48.3541	0.193675	0.273015
655.492	41.4172	0.246264	0.149547
233.8	45.1431	0.144934	0.558892
337.589	44.4778	0.182037	0.391817
440.93	46.5795	0.136023	0.515574
321.122	40.2169	0.138767	0.436430
437.243	39.7282	0.140244	0.333041
238.348	47.7358	0.130454	0.625646
583.981	44.6689	0.149244	0.307263
368.637	43.0148	0.190151	0.295494
670.409	47.7985	0.144717	0.378221
514.694	60.3405	0.225045	0.378663
425.227	60.1672	0.134029	0.760377
247.217	39.7333	0.206267	0.267447
413.646	39.5168	0.222513	0.205753
363.876	55.2783	0.203624	0.413619
299.66	37.6672	0.19222	0.259199
579.054	41.5777	0.137374	0.310944
280.978	55.0238	0.180018	0.468234
394.451	40.9477	0.157173	0.359965
