224.11	0.000445697
224.11	0.000445589
224.11	0.000445625
224.11	0.000445697
224.11	0.000445609
224.11	0.000445612
224.11	0.000445685
224.11	0.000445625
224.11	0.000445613
224.11	0.000445672
244.279	0.000449053
244.279	0.00044913
244.279	0.000449051
244.279	0.000449061
244.279	0.000449116
244.279	0.000449056
244.279	0.000449071
244.279	0.000449107
244.279	0.000449056
244.279	0.000449078
264.449	0.000111483
264.449	0.000896466
264.449	0.000262828
264.449	0.000111478
264.449	0.000896426
264.449	0.000262841
264.449	0.000111479
264.449	0.000896405
264.449	0.000262848
264.449	0.000111483
284.619	0.000453517
284.619	0.000453567
284.619	0.000453522
284.619	0.000453532
284.619	0.000453557
284.619	0.000453517
284.619	0.000453543
284.619	0.000453549
284.619	0.000453521
284.619	0.000453544
304.789	0.000454879
304.789	0.000454841
304.789	0.000454879
304.789	0.000454858
304.789	0.000454856
304.789	0.000454877
304.789	0.00045485
304.789	0.000454868
304.789	0.000454867
304.789	0.000454856
324.959	0.00101215
324.959	9.99289e-05
324.959	2.3999e-05
324.959	0.00101222
324.959	9.99248e-05
324.959	2.39995e-05
324.959	0.00101228
324.959	9.9917e-05
324.959	2.39974e-05
324.959	0.00101223
345.129	1.66256e-05
345.129	0.00112064
345.129	7.02683e-05
345.129	1.66252e-05
345.129	0.00112059
345.129	7.02706e-05
345.129	1.66256e-05
345.129	0.00112059
345.129	7.02713e-05
345.129	1.66261e-05
365.299	0.000456329
365.299	0.000456348
365.299	0.000456327
365.299	0.000456346
365.299	0.000456335
365.299	0.000456338
365.299	0.00045634
365.299	0.000456335
365.299	0.000456339
365.299	0.000456337
385.468	0.00163892
385.468	3.22799e-05
385.468	9.267e-06
385.468	0.00163881
385.468	3.22812e-05
385.468	9.26687e-06
385.468	0.00163876
385.468	3.2282e-05
385.468	9.26715e-06
385.468	0.00163877
405.638	0.000455825
405.638	0.000455808
405.638	0.000455821
405.638	0.000455812
405.638	0.00045582
405.638	0.000455809
405.638	0.000455822
405.638	0.000455807
405.638	0.000455824
405.638	0.000455807
425.808	0.000455201
425.808	0.000455209
425.808	0.000455212
425.808	0.0004552
425.808	0.000455214
425.808	0.000455203
425.808	0.000455211
425.808	0.000455208
425.808	0.000455206
425.808	0.000455211
445.978	0.00037409
445.978	0.000513783
445.978	0.000374092
445.978	0.000513779
445.978	0.000374094
445.978	0.000513779
445.978	0.000374094
445.978	0.000513779
445.978	0.000374093
445.978	0.00051378
466.148	0.000285199
466.148	0.000546272
466.148	0.000285197
466.148	0.000546268
466.148	0.000285198
466.148	0.000546268
466.148	0.000285199
466.148	0.000546269
466.148	0.000285199
466.148	0.000546268
486.318	0.000229037
486.318	0.000556981
486.318	0.000229035
486.318	0.000556989
486.318	0.000229032
486.318	0.000556983
486.318	0.000229032
486.318	0.00055698
486.318	0.000229033
486.318	0.000556978
506.488	0.000564624
506.488	0.000187102
506.488	0.000564624
506.488	0.000187102
506.488	0.000564624
506.488	0.000187102
506.488	0.000564624
506.488	0.000187102
506.488	0.000564624
506.488	0.000187102
526.658	0.000575323
526.658	0.000154045
526.658	0.000575321
526.658	0.000154045
526.658	0.000575323
526.658	0.000154045
526.658	0.000575322
526.658	0.000154045
526.658	0.000575321
526.658	0.000154045
546.827	0.00059299
546.827	0.000127261
546.827	0.000592986
546.827	0.000127263
546.827	0.000592988
546.827	0.000127263
546.827	0.000592993
546.827	0.000127262
546.827	0.00059299
546.827	0.000127263
566.997	0.00062111
566.997	0.000105215
566.997	0.000621111
566.997	0.000105215
566.997	0.000621111
566.997	0.000105215
566.997	0.000621109
566.997	0.000105215
566.997	0.00062111
566.997	0.000105215
587.167	0.000662981
587.167	8.6938e-05
587.167	0.000662981
587.167	8.69382e-05
587.167	0.000662984
587.167	8.69375e-05
587.167	0.00066298
587.167	8.6938e-05
587.167	0.000662981
587.167	8.69382e-05
607.337	0.000721748
607.337	7.17846e-05
607.337	0.000721753
607.337	7.17843e-05
607.337	0.000721753
607.337	7.17841e-05
607.337	0.000721752
607.337	7.17841e-05
607.337	0.000721752
607.337	7.17841e-05
627.507	5.93178e-05
627.507	0.000800839
627.507	5.93177e-05
627.507	0.000800839
627.507	5.93177e-05
627.507	0.000800839
627.507	5.93176e-05
627.507	0.000800839
627.507	5.93176e-05
627.507	0.000800839
647.677	4.91695e-05
647.677	0.000905663
647.677	4.91695e-05
647.677	0.000905662
647.677	4.91696e-05
647.677	0.000905664
647.677	4.91695e-05
647.677	0.000905663
647.677	4.91695e-05
647.677	0.000905662
667.847	4.10558e-05
667.847	0.00104747
667.847	4.10555e-05
667.847	0.00104747
667.847	4.10553e-05
667.847	0.00104746
667.847	4.10555e-05
667.847	0.00104746
667.847	4.10556e-05
667.847	0.00104746
688.016	3.48216e-05
688.016	0.00125797
688.016	3.48215e-05
688.016	0.00125798
688.016	3.48214e-05
688.016	0.00125797
688.016	3.48214e-05
688.016	0.00125797
688.016	3.48216e-05
688.016	0.00125797
708.186	0.000432331
708.186	0.000432307
708.186	0.000432331
708.186	0.000432307
708.186	0.000432331
708.186	0.000432307
708.186	0.000432331
708.186	0.000432307
708.186	0.000432331
708.186	0.000432307
728.356	0.000429981
728.356	0.000429981
728.356	0.000429981
728.356	0.000429981
728.356	0.000429981
728.356	0.000429981
728.356	0.000429981
728.356	0.000429981
728.356	0.000429981
728.356	0.000429981
748.526	0.000427573
748.526	0.000427576
748.526	0.000427573
748.526	0.000427576
748.526	0.000427573
748.526	0.000427576
748.526	0.000427573
748.526	0.000427576
748.526	0.000427573
748.526	0.000427576
768.696	0.000425096
768.696	0.000425106
768.696	0.000425096
768.696	0.000425107
768.696	0.000425094
768.696	0.000425105
768.696	0.000425096
768.696	0.000425106
768.696	0.000425096
768.696	0.000425107
788.866	0.000422569
788.866	0.000422568
788.866	0.000422569
788.866	0.00042257
788.866	0.000422569
788.866	0.000422568
788.866	0.000422569
788.866	0.00042257
788.866	0.000422569
788.866	0.000422568
809.036	0.000419975
809.036	0.000419974
809.036	0.000419974
809.036	0.000419975
809.036	0.000419974
809.036	0.000419975
809.036	0.000419974
809.036	0.000419974
809.036	0.000419975
809.036	0.000419974
829.205	0.00041732
829.205	0.00041732
829.205	0.00041732
829.205	0.000417321
829.205	0.000417321
829.205	0.00041732
829.205	0.00041732
829.205	0.00041732
829.205	0.00041732
829.205	0.000417321
849.375	0.000414617
849.375	0.000414617
849.375	0.000414617
849.375	0.000414617
849.375	0.000414617
849.375	0.000414617
849.375	0.000414617
849.375	0.000414617
849.375	0.000414617
849.375	0.000414617
869.545	0.000411865
869.545	0.00041186
869.545	0.000411865
869.545	0.000411859
869.545	0.000411865
869.545	0.00041186
869.545	0.000411865
869.545	0.000411859
869.545	0.000411865
869.545	0.00041186
889.715	0.000409064
889.715	0.000409063
889.715	0.000409063
889.715	0.000409064
889.715	0.000409063
889.715	0.000409064
889.715	0.000409063
889.715	0.000409063
889.715	0.000409064
889.715	0.000409063
909.885	0.000406219
909.885	0.00040622
909.885	0.000406221
909.885	0.000406219
909.885	0.000406221
909.885	0.000406221
909.885	0.000406218
909.885	0.000406223
909.885	0.000406219
909.885	0.00040622
930.055	0.000403337
930.055	0.000403336
930.055	0.000403337
930.055	0.000403336
930.055	0.000403337
930.055	0.000403336
930.055	0.000403337
930.055	0.000403336
930.055	0.000403337
930.055	0.000403336
950.225	0.00040042
950.225	0.000400423
950.225	0.00040042
950.225	0.000400423
950.225	0.00040042
950.225	0.000400423
950.225	0.00040042
950.225	0.000400423
950.225	0.00040042
950.225	0.000400423
970.395	0.000397468
970.395	0.000397468
970.395	0.000397468
970.395	0.000397468
970.395	0.000397468
970.395	0.000397468
970.395	0.000397468
970.395	0.000397468
970.395	0.000397468
970.395	0.000397468
990.564	0.000394489
990.564	0.000394489
990.564	0.000394488
990.564	0.00039449
990.564	0.000394489
990.564	0.000394488
990.564	0.00039449
990.564	0.000394489
990.564	0.000394488
990.564	0.00039449
1010.73	0.000391494
1010.73	0.000391493
1010.73	0.000391493
1010.73	0.000391494
1010.73	0.000391494
1010.73	0.000391493
1010.73	0.000391493
1010.73	0.000391494
1010.73	0.000391494
1010.73	0.000391493
1030.9	0.000388476
1030.9	0.000388474
1030.9	0.000388475
1030.9	0.000388476
1030.9	0.000388474
1030.9	0.000388475
1030.9	0.000388476
1030.9	0.000388474
1030.9	0.000388475
1030.9	0.000388476
1051.07	0.000385446
1051.07	0.000385446
1051.07	0.000385446
1051.07	0.000385446
1051.07	0.000385446
1051.07	0.000385446
1051.07	0.000385446
1051.07	0.000385446
1051.07	0.000385446
1051.07	0.000385446
1071.24	0.000382412
1071.24	0.000382413
1071.24	0.000382413
1071.24	0.000382413
1071.24	0.000382412
1071.24	0.000382413
1071.24	0.000382413
1071.24	0.000382413
1071.24	0.000382412
1071.24	0.000382413
1091.41	0.000379374
1091.41	0.000379375
1091.41	0.000379374
1091.41	0.000379375
1091.41	0.000379374
1091.41	0.000379375
1091.41	0.000379374
1091.41	0.000379375
1091.41	0.000379374
1091.41	0.000379375
1111.58	0.000376347
1111.58	0.000376347
1111.58	0.000376347
1111.58	0.000376347
1111.58	0.000376347
1111.58	0.000376347
1111.58	0.000376347
1111.58	0.000376347
1111.58	0.000376347
1111.58	0.000376347
1131.75	0.000373331
1131.75	0.000373333
1131.75	0.000373334
1131.75	0.000373334
1131.75	0.000373331
1131.75	0.000373334
1131.75	0.000373335
1131.75	0.000373333
1131.75	0.000373331
1131.75	0.000373333
1151.92	0.000370345
1151.92	0.000370345
1151.92	0.000370345
1151.92	0.000370345
1151.92	0.000370345
1151.92	0.000370345
1151.92	0.000370345
1151.92	0.000370345
1151.92	0.000370345
1151.92	0.000370345
1172.09	0.000367387
1172.09	0.000367387
1172.09	0.000367386
1172.09	0.000367388
1172.09	0.000367388
1172.09	0.000367386
1172.09	0.000367388
1172.09	0.000367387
1172.09	0.000367386
1172.09	0.000367387
1192.26	0.000364467
1192.26	0.000364468
1192.26	0.000364468
1192.26	0.000364467
1192.26	0.000364468
1192.26	0.000364467
1192.26	0.000364468
1192.26	0.000364468
1192.26	0.000364467
1192.26	0.000364468
1212.43	0.000361607
1212.43	0.000361607
1212.43	0.000361607
1212.43	0.000361608
1212.43	0.000361608
1212.43	0.000361607
1212.43	0.000361607
1212.43	0.000361607
1212.43	0.000361607
1212.43	0.000361607
1232.6	0.000358802
1232.6	0.000358801
1232.6	0.000358802
1232.6	0.000358801
1232.6	0.000358802
1232.6	0.000358801
1232.6	0.000358802
1232.6	0.000358801
1232.6	0.000358802
1232.6	0.000358801
1252.77	0.000356072
1252.77	0.000356071
1252.77	0.000356072
1252.77	0.000356072
1252.77	0.000356071
1252.77	0.000356071
1252.77	0.000356073
1252.77	0.000356072
1252.77	0.000356072
1252.77	0.000356071
1272.94	0.000353429
1272.94	0.000353429
1272.94	0.000353429
1272.94	0.000353429
1272.94	0.000353429
1272.94	0.000353429
1272.94	0.000353429
1272.94	0.000353429
1272.94	0.000353429
1272.94	0.000353429
1293.11	0.000350891
1293.11	0.000350889
1293.11	0.00035089
1293.11	0.000350892
1293.11	0.000350891
1293.11	0.000350889
1293.11	0.000350891
1293.11	0.000350891
1293.11	0.00035089
1293.11	0.00035089
1313.28	0.000348472
1313.28	0.000348473
1313.28	0.000348472
1313.28	0.000348472
1313.28	0.000348471
1313.28	0.000348472
1313.28	0.000348473
1313.28	0.000348472
1313.28	0.000348472
1313.28	0.000348471
1333.45	0.000346186
1333.45	0.000346186
1333.45	0.000346186
1333.45	0.000346186
1333.45	0.000346186
1333.45	0.000346186
1333.45	0.000346186
1333.45	0.000346186
1333.45	0.000346186
1333.45	0.000346186
1353.62	0.000344047
1353.62	0.000344047
1353.62	0.000344047
1353.62	0.000344047
1353.62	0.000344047
1353.62	0.000344047
1353.62	0.000344047
1353.62	0.000344047
1353.62	0.000344047
1353.62	0.000344047
1373.79	0.000342082
1373.79	0.000342083
1373.79	0.000342082
1373.79	0.000342083
1373.79	0.000342082
1373.79	0.000342083
1373.79	0.000342082
1373.79	0.000342083
1373.79	0.000342082
1373.79	0.000342083
1393.96	0.000340308
1393.96	0.00034031
1393.96	0.000340308
1393.96	0.000340309
1393.96	0.000340309
1393.96	0.000340308
1393.96	0.00034031
1393.96	0.000340308
1393.96	0.000340309
1393.96	0.000340309
1414.13	0.000338746
1414.13	0.000338746
1414.13	0.000338746
1414.13	0.000338746
1414.13	0.000338746
1414.13	0.000338746
1414.13	0.000338746
1414.13	0.000338746
1414.13	0.000338746
1414.13	0.000338746
1434.3	0.000337425
1434.3	0.000337424
1434.3	0.000337426
1434.3	0.000337425
1434.3	0.000337424
1434.3	0.000337425
1434.3	0.000337425
1434.3	0.000337424
1434.3	0.000337426
1434.3	0.000337425
1454.47	0.000336364
1454.47	0.000336365
1454.47	0.000336364
1454.47	0.000336365
1454.47	0.000336364
1454.47	0.000336365
1454.47	0.000336364
1454.47	0.000336365
1454.47	0.000336364
1454.47	0.000336365
1474.64	0.000335593
1474.64	0.000335593
1474.64	0.000335593
1474.64	0.000335593
1474.64	0.000335593
1474.64	0.000335593
1474.64	0.000335593
1474.64	0.000335593
1474.64	0.000335593
1474.64	0.000335593
1494.81	0.00033515
1494.81	0.000335151
1494.81	0.00033515
1494.81	0.000335151
1494.81	0.00033515
1494.81	0.000335151
1494.81	0.00033515
1494.81	0.000335151
1494.81	0.00033515
1494.81	0.000335151
1514.98	0.000335046
1514.98	0.000335045
1514.98	0.000335045
1514.98	0.000335046
1514.98	0.000335045
1514.98	0.000335045
1514.98	0.000335046
1514.98	0.000335045
1514.98	0.000335045
1514.98	0.000335046
1535.15	0.000335325
1535.15	0.000335325
1535.15	0.000335325
1535.15	0.000335325
1535.15	0.000335325
1535.15	0.000335325
1535.15	0.000335325
1535.15	0.000335325
1535.15	0.000335325
1535.15	0.000335325
1555.32	0.000336027
1555.32	0.000336028
1555.32	0.000336028
1555.32	0.000336027
1555.32	0.000336028
1555.32	0.000336028
1555.32	0.000336027
1555.32	0.000336028
1555.32	0.000336028
1555.32	0.000336027
1575.49	0.000337182
1575.49	0.000337182
1575.49	0.000337182
1575.49	0.000337182
1575.49	0.000337182
1575.49	0.000337182
1575.49	0.000337182
1575.49	0.000337182
1575.49	0.000337182
1575.49	0.000337182
1595.66	0.000338807
1595.66	0.000338807
1595.66	0.000338807
1595.66	0.000338807
1595.66	0.000338807
1595.66	0.000338807
1595.66	0.000338807
1595.66	0.000338807
1595.66	0.000338807
1595.66	0.000338807
1615.83	0.000340961
1615.83	0.000340961
1615.83	0.000340961
1615.83	0.000340961
1615.83	0.000340961
1615.83	0.000340961
1615.83	0.000340961
1615.83	0.000340961
1615.83	0.000340961
1615.83	0.000340961
1636	0.000343677
1636	0.000343676
1636	0.000343677
1636	0.000343677
1636	0.000343676
1636	0.000343677
1636	0.000343676
1636	0.000343677
1636	0.000343677
1636	0.000343676
1656.17	0.000346977
1656.17	0.000346977
1656.17	0.000346978
1656.17	0.000346977
1656.17	0.000346977
1656.17	0.000346978
1656.17	0.000346977
1656.17	0.000346977
1656.17	0.000346978
1656.17	0.000346977
1676.34	0.000350915
1676.34	0.000350915
1676.34	0.000350914
1676.34	0.000350915
1676.34	0.000350915
1676.34	0.000350914
1676.34	0.000350914
1676.34	0.000350915
1676.34	0.000350915
1676.34	0.000350915
1696.51	0.000355504
1696.51	0.000355504
1696.51	0.000355502
1696.51	0.000355502
1696.51	0.000355503
1696.51	0.000355504
1696.51	0.000355502
1696.51	0.000355503
1696.51	0.000355504
1696.51	0.000355502
1716.68	0.000360787
1716.68	0.000360787
1716.68	0.000360787
1716.68	0.000360787
1716.68	0.000360787
1716.68	0.000360787
1716.68	0.000360787
1716.68	0.000360787
1716.68	0.000360787
1716.68	0.000360787
1736.85	0.000366802
1736.85	0.000366801
1736.85	0.000366802
1736.85	0.000366802
1736.85	0.000366802
1736.85	0.000366801
1736.85	0.000366802
1736.85	0.000366802
1736.85	0.000366801
1736.85	0.000366802
1757.02	0.000373574
1757.02	0.000373576
1757.02	0.000373574
1757.02	0.000373575
1757.02	0.000373574
1757.02	0.000373576
1757.02	0.000373574
1757.02	0.000373575
1757.02	0.000373574
1757.02	0.000373576
1777.19	0.000381146
1777.19	0.000381146
1777.19	0.000381146
1777.19	0.000381147
1777.19	0.000381146
1777.19	0.000381146
1777.19	0.000381146
1777.19	0.000381145
1777.19	0.000381146
1777.19	0.000381147
1797.36	0.000389558
1797.36	0.000389558
1797.36	0.000389558
1797.36	0.000389558
1797.36	0.000389558
1797.36	0.000389558
1797.36	0.000389558
1797.36	0.000389558
1797.36	0.000389558
1797.36	0.000389558
1817.53	0.000398855
1817.53	0.000398854
1817.53	0.000398854
1817.53	0.000398855
1817.53	0.000398855
1817.53	0.000398855
1817.53	0.000398855
1817.53	0.000398854
1817.53	0.000398854
1817.53	0.000398855
1837.7	0.000409086
1837.7	0.000409086
1837.7	0.000409086
1837.7	0.000409086
1837.7	0.000409086
1837.7	0.000409086
1837.7	0.000409086
1837.7	0.000409086
1837.7	0.000409086
1837.7	0.000409086
1857.87	0.000420309
1857.87	0.000420309
1857.87	0.000420309
1857.87	0.000420309
1857.87	0.000420309
1857.87	0.000420309
1857.87	0.000420309
1857.87	0.000420309
1857.87	0.000420309
1857.87	0.000420309
1878.04	0.000432611
1878.04	0.000432611
1878.04	0.000432611
1878.04	0.000432611
1878.04	0.000432611
1878.04	0.000432611
1878.04	0.000432611
1878.04	0.000432611
1878.04	0.000432611
1878.04	0.000432611
1898.21	0.000446072
1898.21	0.000446072
1898.21	0.000446072
1898.21	0.000446072
1898.21	0.000446072
1898.21	0.000446072
1898.21	0.000446072
1898.21	0.000446072
1898.21	0.000446072
1898.21	0.000446072
1918.38	0.000460788
1918.38	0.000460789
1918.38	0.000460788
1918.38	0.000460789
1918.38	0.000460788
1918.38	0.000460789
1918.38	0.000460788
1918.38	0.000460789
1918.38	0.000460788
1918.38	0.000460789
1938.55	0.000476883
1938.55	0.000476882
1938.55	0.000476883
1938.55	0.000476882
1938.55	0.000476883
1938.55	0.000476882
1938.55	0.000476883
1938.55	0.000476882
1938.55	0.000476883
1938.55	0.000476882
1958.72	0.000494487
1958.72	0.000494486
1958.72	0.000494486
1958.72	0.000494487
1958.72	0.000494487
1958.72	0.000494486
1958.72	0.000494486
1958.72	0.000494487
1958.72	0.000494487
1958.72	0.000494486
1978.89	0.000513775
1978.89	0.000513775
1978.89	0.000513775
1978.89	0.000513775
1978.89	0.000513775
1978.89	0.000513775
1978.89	0.000513775
1978.89	0.000513775
1978.89	0.000513775
1978.89	0.000513775
1999.06	0.0005349
1999.06	0.0005349
1999.06	0.0005349
1999.06	0.0005349
1999.06	0.0005349
1999.06	0.0005349
1999.06	0.0005349
1999.06	0.0005349
1999.06	0.0005349
1999.06	0.0005349
2019.23	0.00055809
2019.23	0.00055809
2019.23	0.00055809
2019.23	0.00055809
2019.23	0.00055809
2019.23	0.00055809
2019.23	0.00055809
2019.23	0.00055809
2019.23	0.00055809
2019.23	0.00055809
2039.4	0.00058358
2039.4	0.00058358
2039.4	0.00058358
2039.4	0.00058358
2039.4	0.00058358
2039.4	0.00058358
2039.4	0.00058358
2039.4	0.00058358
2039.4	0.00058358
2039.4	0.00058358
2059.57	0.000611624
2059.57	0.000611624
2059.57	0.000611624
2059.57	0.000611624
2059.57	0.000611624
2059.57	0.000611624
2059.57	0.000611624
2059.57	0.000611624
2059.57	0.000611624
2059.57	0.000611624
2079.74	0.000642496
2079.74	0.000642497
2079.74	0.000642497
2079.74	0.000642496
2079.74	0.000642496
2079.74	0.000642496
2079.74	0.000642497
2079.74	0.000642497
2079.74	0.000642496
2079.74	0.000642496
2099.91	0.000676502
2099.91	0.000676501
2099.91	0.000676502
2099.91	0.000676502
2099.91	0.000676501
2099.91	0.000676502
2099.91	0.000676502
2099.91	0.000676501
2099.91	0.000676502
2099.91	0.000676502
2120.08	0.000713953
2120.08	0.000713953
2120.08	0.000713953
2120.08	0.000713953
2120.08	0.000713953
2120.08	0.000713953
2120.08	0.000713953
2120.08	0.000713953
2120.08	0.000713953
2120.08	0.000713953
2140.25	0.000755115
2140.25	0.000755116
2140.25	0.000755116
2140.25	0.000755115
2140.25	0.000755115
2140.25	0.000755116
2140.25	0.000755116
2140.25	0.000755115
2140.25	0.000755115
2140.25	0.000755116
2160.42	0.000800319
2160.42	0.00080032
2160.42	0.00080032
2160.42	0.000800319
2160.42	0.00080032
2160.42	0.00080032
2160.42	0.000800319
2160.42	0.00080032
2160.42	0.00080032
2160.42	0.000800319
2180.59	0.000849643
2180.59	0.000849644
2180.59	0.000849643
2180.59	0.000849644
2180.59	0.000849643
2180.59	0.000849644
2180.59	0.000849643
2180.59	0.000849644
2180.59	0.000849643
2180.59	0.000849644
2200.76	0.000903117
2200.76	0.000903117
2200.76	0.000903117
2200.76	0.000903117
2200.76	0.000903117
2200.76	0.000903117
2200.76	0.000903117
2200.76	0.000903117
2200.76	0.000903117
2200.76	0.000903117
2220.93	0.000960392
2220.93	0.000960392
2220.93	0.000960392
2220.93	0.000960392
2220.93	0.000960392
2220.93	0.000960392
2220.93	0.000960392
2220.93	0.000960392
2220.93	0.000960392
2220.93	0.000960392
