18.3739	0.00453076	0.000149209	188.372238
12.727	0.00378856	0.000188238	312.774445
14.6855	0.00325543	0.000187508	213.206131
13.7592	0.00303816	0.000232158	207.348267
19.1819	0.00341515	0.000231867	226.054123
12.0887	0.00292324	0.000223644	230.874420
17.3095	0.00351706	0.000222826	250.347443
14.802	0.0023629	0.000193129	216.515854
15.654	0.00284196	0.000132745	202.685974
15.3163	0.00281213	0.000179644	200.050247
18.7095	0.00368334	0.000171909	185.336594
12.3303	0.00409282	0.000174037	269.704773
10.3192	0.00224151	0.000167599	220.965897
13.5395	0.00326835	0.000184599	218.059509
10.7953	0.00225239	0.000226359	237.478760
17.8367	0.00454739	0.000133047	193.646423
15.2766	0.0039327	0.000184652	230.024734
19.5906	0.00409794	0.00018593	266.842133
12.4166	0.00407364	0.000213301	230.429047
17.8084	0.00408012	0.000212421	214.167252
14.6401	0.00387155	0.000237586	208.632584
15.9517	0.00231534	0.000249713	175.474075
10.9346	0.00212883	0.000139491	202.057892
17.0302	0.00451053	0.000166598	198.369492
11.6107	0.00457391	0.00013033	247.523407
12.0204	0.00367138	0.000173213	237.815170
17.4831	0.00426531	0.000188675	203.448776
18.26	0.00299831	0.00018285	191.435486
18.46	0.00452784	0.000221379	201.960800
16.4835	0.00353873	0.000237636	176.697311
15.949	0.0049639	0.00021825	250.479721
15.107	0.00460118	0.000203688	198.843506
17.1211	0.00294989	0.000220735	184.321915
14.2959	0.00320949	0.000207962	214.168320
14.4572	0.00421388	0.000137879	208.168869
11.1572	0.00339939	0.000259783	253.755035
15.2277	0.00302116	0.00018631	200.391464
19.6799	0.00439688	0.00017481	187.073807
12.9086	0.00488322	0.000133003	254.554657
15.9008	0.00394624	0.000219905	211.938156
12.0057	0.00362619	0.000197197	247.227631
19.137	0.00308505	0.000156869	232.244507
19.941	0.00342398	0.000252153	179.755203
10.8127	0.00411224	0.000144105	286.164703
11.8544	0.00467219	0.000139688	281.455505
19.6292	0.00272687	0.000148638	165.965012
17.0709	0.00332827	0.000249003	172.732147
10.0978	0.00208215	0.000207055	231.616974
10.8924	0.00417461	0.000154811	249.917282
11.4224	0.00307548	0.000180244	223.790955
10.1232	0.00390227	0.000163714	306.191437
11.3625	0.00217232	0.00017688	199.932892
11.8124	0.00231842	0.00014265	204.049927
13.2221	0.00265588	0.000227301	217.733795
12.9035	0.00214594	0.000212296	201.547485
11.5896	0.00402297	0.00017254	256.102966
12.7685	0.00296227	0.000234042	232.787766
15.8425	0.00299222	0.000184545	189.779099
15.7321	0.00225493	0.000210393	179.908524
14.3626	0.00294149	0.000142453	189.663574
13.457	0.00416616	0.000226542	219.822327
16.1305	0.00307974	0.000138901	181.085037
18.5868	0.00335306	0.000191691	182.797882
11.1266	0.00228183	0.000179095	219.147232
13.2088	0.00394133	0.000199068	278.432770
19.025	0.00325011	0.000172552	181.393967
18.082	0.0037116	0.000160934	175.970413
14.313	0.00371647	0.00025382	215.623367
15.952	0.00435024	0.000224539	222.529236
19.9181	0.00322239	0.000234278	174.507462
11.3466	0.00338409	0.000138941	254.889114
18.0251	0.00415703	0.000255306	194.391144
13.2128	0.00274445	0.000245125	197.155685
18.6205	0.00227708	0.00013198	165.609741
10.5996	0.00303686	0.00014656	245.128296
18.5861	0.00205412	0.000154134	166.154861
10.4907	0.00408774	0.000163184	262.221893
15.8312	0.00244292	0.000223861	207.613480
17.3138	0.00340519	0.000144426	181.262787
12.8194	0.00344355	0.000217226	230.223099
14.1832	0.00248281	0.000258458	214.390076
10.111	0.00378653	0.000189534	256.094635
14.858	0.00339976	0.000157688	205.075577
13.4226	0.00315525	0.000219316	281.649078
12.927	0.00273614	0.000143278	213.635956
13.4375	0.00427481	0.000177342	272.304504
18.8804	0.00213101	0.000213202	159.571167
11.5775	0.0033834	0.000203594	230.748764
14.0866	0.00462901	0.000132106	248.285431
16.2157	0.00456863	0.000203555	242.157181
10.2551	0.00266399	0.000239373	238.016998
15.547	0.00436229	0.000161977	212.057465
11.9468	0.00263512	0.000257961	224.718445
14.7867	0.00366259	0.000137295	223.570068
18.676	0.0029974	0.000229163	221.886185
15.901	0.00483703	0.000155349	281.000153
18.8024	0.00368558	0.000163203	167.743271
10.7167	0.00214254	0.000214528	223.165604
10.8787	0.00456671	0.000155771	293.376495
16.1395	0.00384301	0.000193506	249.601913
16.0887	0.00219238	0.00015308	180.993759
10.2829	0.00330116	0.000140186	260.020447
14.1056	0.00357243	0.000254038	219.578064
13.8984	0.00406461	0.00014962	283.110565
11.2993	0.00315494	0.000258019	211.487305
19.6194	0.00243829	0.000208686	156.077408
16.092	0.00215649	0.00016754	174.967789
17.8318	0.00281054	0.000259455	177.104965
14.1813	0.00468855	0.000259655	245.128494
14.5493	0.00212424	0.000151017	172.166138
10.9566	0.00426124	0.000241681	235.658661
11.19	0.0035653	0.000195123	241.804535
13.2483	0.00312459	0.000136386	218.700607
10.7897	0.00487202	0.000132824	284.685394
18.9518	0.00491341	0.000224489	230.987213
18.7047	0.00297547	0.000159221	176.291687
10.3093	0.00257585	0.000207042	207.922974
10.5431	0.00235304	0.000241881	231.910706
15.2567	0.00385723	0.000197602	218.681702
14.3207	0.00303027	0.00025874	202.558640
10.1957	0.00421191	0.000222612	292.448059
10.8266	0.00293368	0.000195947	233.337540
18.107	0.0027636	0.000169644	169.757385
16.017	0.00202731	0.00024754	161.602859
15.8815	0.00462339	0.000153425	288.513092
16.3072	0.00485937	0.000222051	193.377014
19.2729	0.00353471	0.000193753	214.812866
17.3538	0.00413408	0.000223165	190.725174
18.6089	0.00359283	0.000214556	186.463715
19.9953	0.00378843	0.000232271	196.234161
18.0711	0.00366456	0.000189458	219.525818
13.0247	0.00460629	0.000145222	221.311249
15.8199	0.00483091	0.000194943	206.389740
13.6058	0.00357803	0.000197291	217.668579
18.8915	0.00492344	0.000211341	182.891541
12.5758	0.00393104	0.000183523	246.360977
12.8978	0.00462838	0.000154905	240.188446
14.6628	0.00408012	0.000200345	213.154541
14.7564	0.00391106	0.000245951	206.918579
19.4432	0.0025953	0.000173956	171.991486
17.064	0.00355557	0.000199763	180.188751
13.8169	0.00203079	0.000200038	215.340286
18.686	0.00209322	0.000222804	165.211502
14.1308	0.00231378	0.000221739	193.205063
16.3502	0.00459985	0.000253386	195.370331
11.5	0.00466135	0.000215635	270.613251
15.0211	0.00496783	0.000219494	219.048309
14.3285	0.0040234	0.000172043	274.925537
16.2598	0.00225735	0.000243011	178.580795
11.905	0.00287809	0.000182579	269.840576
19.4484	0.00294906	0.000255779	173.881561
13.2399	0.0036378	0.000181919	224.779816
18.8348	0.00389253	0.000139759	170.561676
17.9585	0.0045082	0.000136028	198.815872
14.3197	0.00494305	0.000248313	219.180786
19.9595	0.00224846	0.000199371	170.247879
11.8891	0.00201674	0.000250355	201.801849
13.2449	0.00448868	0.000232675	226.556976
13.4343	0.00341844	0.000139207	218.223511
12.6222	0.00450749	0.00024645	280.082214
16.7999	0.00351069	0.000197911	185.132568
17.7643	0.00209233	0.000161834	148.091797
11.625	0.00322025	0.000191216	261.751129
12.4961	0.00219634	0.000131398	218.596268
16.4904	0.00426521	0.000133181	201.462311
18.6696	0.00361968	0.0001557	178.179138
11.6763	0.00219031	0.000212361	180.375946
11.6964	0.00246429	0.000230191	217.561584
13.7358	0.00283801	0.000184589	218.090179
13.4101	0.00381157	0.000141489	276.664795
16.5862	0.00399834	0.000224059	200.189194
13.5309	0.00402313	0.000181604	272.095520
13.8454	0.00367282	0.000240897	222.855957
16.825	0.00331112	0.000234924	194.301941
16.3937	0.00317731	0.000245875	189.841049
10.5598	0.00333862	0.000239344	237.291626
11.1835	0.00334262	0.000219172	260.848541
13.5404	0.00459328	0.000190913	240.480789
17.5978	0.00353106	0.000157958	209.814209
14.5641	0.00413107	0.000223241	305.111450
13.6225	0.00205867	0.000238482	200.210526
18.6832	0.0038327	0.000189651	178.128860
11.6044	0.00413475	0.000258322	293.955872
17.2525	0.00497206	0.000186427	269.805573
12.5327	0.00393298	0.000219849	229.886612
14.5811	0.00261461	0.000174199	221.315170
11.4073	0.00299611	0.00022089	274.418671
18.0783	0.0037045	0.000190595	235.711975
18.5253	0.00220275	0.000170205	176.864563
12.8677	0.00437466	0.000145661	301.197540
18.6604	0.00372369	0.000137946	243.492630
16.538	0.00263134	0.000160836	194.390152
15.795	0.00256768	0.000204359	182.243332
19.8964	0.00408417	0.000197391	175.362366
12.3968	0.00287487	0.000211525	225.275345
11.1969	0.00265849	0.00021789	220.442841
13.0984	0.00237968	0.000145075	217.565613
17.3836	0.00329246	0.000156295	182.280396
14.1003	0.00473627	0.000205278	233.730103
16.3755	0.00382999	0.000133613	186.431931
12.6585	0.00438586	0.000198835	304.519287
19.0243	0.00362472	0.000185343	174.216843
10.4387	0.00414361	0.000190536	264.618286
14.23	0.00493539	0.000159009	246.352524
14.748	0.00267617	0.000210147	198.306473
15.3002	0.0049279	0.000137999	233.672379
12.8605	0.00257899	0.000220207	216.130707
15.4355	0.00321265	0.000161824	196.226822
19.5294	0.00379637	0.000135058	179.884583
16.3232	0.00250957	0.000216586	189.268127
10.8284	0.00278441	0.000230597	234.731888
10.3435	0.00279955	0.00016432	245.845459
17.6036	0.00285053	0.000212082	177.348007
13.8825	0.00370412	0.000172164	218.068451
17.7483	0.00475002	0.00019752	196.710297
14.8089	0.00498969	0.000213569	211.193832
18.0343	0.00469449	0.00021318	243.002563
11.7195	0.00307719	0.00015031	262.011444
13.6794	0.00247887	0.000132636	244.258591
11.4111	0.00224513	0.000241336	221.918228
13.8388	0.00386932	0.000220559	218.671600
14.0343	0.00200191	0.000131977	198.735077
14.595	0.00392798	0.000200143	216.286392
16.7291	0.00353294	0.000190834	175.705215
10.9523	0.00461087	0.000177816	265.295776
19.1551	0.003298	0.000159326	186.373871
17.2088	0.00326135	0.000234892	196.937790
19.9369	0.00407096	0.000135772	167.754562
13.5456	0.00262314	0.000176517	222.495850
13.6766	0.00204746	0.000214481	187.255890
14.0359	0.00496125	0.000141215	248.448792
10.3298	0.00487754	0.000191374	282.625824
13.415	0.00461467	0.000206861	236.824371
14.3966	0.00427569	0.000204845	222.879791
10.7436	0.0042267	0.00019174	254.995407
14.6398	0.00201335	0.000233835	181.299652
13.5798	0.00418216	0.000211589	245.604050
15.7092	0.00407044	0.000228523	209.259415
14.3278	0.00258991	0.000241546	205.898895
16.7921	0.00300296	0.000161176	187.563690
13.0391	0.00272786	0.000146401	259.181458
16.0167	0.00441704	0.000144079	251.671875
13.71	0.00379676	0.000182037	191.350555
19.5887	0.00307175	0.000243976	176.572815
18.3137	0.0049879	0.000234908	179.173035
17.6191	0.00287529	0.000209084	165.645203
17.0829	0.00326139	0.000257584	179.064438
13.2292	0.00247228	0.000174192	222.665649
11.0046	0.00456316	0.000235648	257.243011
14.878	0.0025429	0.000130354	209.831467
10.0488	0.00309762	0.000149669	264.635254
12.1738	0.00413434	0.000175966	246.792007
13.1613	0.00238796	0.000170174	217.358917
19.9169	0.00221012	0.000251789	168.665970
11.9658	0.00252136	0.000142581	272.066345
19.083	0.00423573	0.000169008	189.448395
11.5144	0.00255195	0.00024019	217.280289
13.5789	0.0038358	0.000156087	220.951111
13.6594	0.00284223	0.00018821	222.876083
13.6087	0.00315228	0.000134298	292.758148
14.7977	0.00403301	0.000149985	221.052536
17.0511	0.00451698	0.000190282	189.477020
12.9578	0.00400795	0.000214735	241.864410
12.0624	0.00498373	0.000224477	257.246368
18.5281	0.00406979	0.000207487	174.976837
16.4256	0.00335641	0.000149804	251.610504
15.7057	0.00423153	0.000137188	289.912048
18.6952	0.00273478	0.000184211	175.011612
13.8493	0.00368484	0.000213832	208.459610
13.6198	0.00464362	0.000168075	255.690048
17.1928	0.00480056	0.000156281	212.884888
17.0986	0.00492561	0.000249686	202.780731
12.6715	0.00253572	0.000201799	217.058868
16.1571	0.00381451	0.00018835	210.352951
13.6584	0.00331624	0.000220618	210.938736
19.9837	0.00293647	0.000134423	164.872269
12.5059	0.00347286	0.000166827	224.878281
17.3527	0.0049777	0.000259863	209.557236
17.6167	0.00295279	0.000218408	171.306534
13.4156	0.00364248	0.000204699	262.828033
16.9454	0.00372852	0.000209955	198.837448
14.4123	0.00258362	0.00023857	192.145782
15.9952	0.00456988	0.000154927	192.450180
12.7929	0.0043627	0.000184518	219.309311
15.4284	0.00215109	0.000207732	191.756271
18.8007	0.00459853	0.000168763	203.805588
16.1818	0.00491008	0.000185185	257.394562
19.8656	0.0039399	0.000219945	174.595306
13.6307	0.00368804	0.000172687	208.652374
12.4737	0.00496356	0.000245639	227.685135
14.7809	0.00250807	0.000134046	192.109848
10.6463	0.00375621	0.000186231	250.334656
13.8759	0.00223868	0.000145476	203.056473
16.33	0.0028679	0.000179552	178.146500
10.3105	0.00219744	0.000153545	225.560364
15.1727	0.00298871	0.000221579	196.505142
11.7145	0.00300243	0.000162819	229.763351
10.8476	0.00390805	0.000169896	241.777939
11.082	0.00268986	0.000159757	290.524078
11.6738	0.00468117	0.00018611	327.647125
18.6327	0.00298433	0.000145532	176.988083
11.1439	0.00499646	0.000148971	268.529846
16.7286	0.00481483	0.000130427	202.771194
14.2192	0.00320258	0.000184316	199.889847
19.8364	0.00303628	0.000197114	173.624161
18.6635	0.00498116	0.000225158	199.994522
18.0347	0.00341693	0.00024998	190.128983
15.7277	0.00472852	0.000258572	252.028351
13.2662	0.00342989	0.000252945	235.151382
14.8695	0.00317124	0.000211006	184.608307
13.6258	0.00398759	0.000156016	231.552567
14.6255	0.00428125	0.00019231	227.342896
16.9517	0.00292921	0.000177568	200.778610
14.5306	0.00451359	0.000177894	214.645813
12.5854	0.00432483	0.000135503	257.906525
11.8195	0.00280863	0.000161474	219.534851
19.981	0.00322784	0.000191259	223.817810
16.8743	0.00289226	0.000227416	176.387131
16.5806	0.00218396	0.000226966	170.646194
17.5921	0.00401198	0.000181343	177.960495
19.1631	0.00283475	0.000139604	166.776245
13.1263	0.00338023	0.000170098	219.012924
18.0984	0.00402169	0.000140035	191.676270
12.3159	0.00335182	0.0001538	222.080597
14.409	0.00200459	0.000131576	188.449173
13.7534	0.00473748	0.000204376	241.798203
19.0055	0.00213104	0.000256352	151.623703
17.386	0.00319223	0.000193097	181.072403
14.6617	0.00220724	0.000205476	197.739227
10.1779	0.00263741	0.000138787	241.315842
19.9163	0.00323068	0.000164338	222.012436
16.8517	0.00457187	0.000172752	195.257889
14.8509	0.00216755	0.00023841	185.870804
14.4079	0.00375412	0.000255426	262.375977
11.5811	0.00268573	0.000186327	219.917648
16.0744	0.00267666	0.000212687	186.515182
19.3067	0.00262422	0.000187519	163.465042
15.1202	0.0046573	0.000139014	233.833344
14.2437	0.00490407	0.000234411	216.661209
12.0329	0.00292728	0.000198528	228.709229
10.4916	0.0031566	0.000205923	285.904999
13.8779	0.00262769	0.000194834	197.467148
14.7194	0.0031607	0.000177157	214.222229
16.8995	0.00425913	0.000246231	194.524750
15.8563	0.00232379	0.000137017	176.959229
14.5415	0.00322905	0.000185289	206.028915
11.8884	0.00303328	0.000206153	237.653793
11.3003	0.00337264	0.000137797	244.796204
12.245	0.00494354	0.000238706	254.391403
10.7815	0.00212017	0.000197982	251.925476
10.9682	0.00254351	0.000166779	260.037384
17.2914	0.00220381	0.000177757	181.772293
12.2167	0.00205261	0.000149965	229.151047
16.9062	0.00235017	0.000170175	178.355011
14.4521	0.00397536	0.000189128	257.679626
18.0682	0.00261887	0.000246702	167.888382
19.0363	0.00492313	0.000228987	199.023956
14.6992	0.00294871	0.000145774	208.483215
10.8713	0.00452703	0.000215114	310.672028
16.6114	0.00462433	0.000257646	200.135147
15.6745	0.00379454	0.000217274	198.463043
17.7184	0.00224182	0.000232563	153.355225
19.7565	0.00293753	0.000184643	169.354584
14.3423	0.00344373	0.000230574	227.880600
19.325	0.00406773	0.000242375	187.066788
18.5621	0.00200937	0.000257423	146.156113
19.4768	0.00349945	0.000222854	168.041672
12.6331	0.00282777	0.000242029	199.100876
19.6025	0.00456714	0.000250752	215.030853
17.4965	0.00236563	0.000186014	177.276901
16.3459	0.00267626	0.000173058	183.592316
16.7862	0.00267654	0.000221122	187.252304
11.4478	0.00307286	0.00017321	240.527390
16.3654	0.00332688	0.000146623	244.702438
17.396	0.00439586	0.000157227	211.896332
16.4268	0.00280227	0.000186332	195.611816
11.8221	0.00268504	0.000215839	223.153214
12.2216	0.00356214	0.00016244	219.726608
10.1859	0.00482644	0.00018281	315.954926
15.4285	0.00488155	0.000188244	290.071777
19.3984	0.0046326	0.000242549	268.246429
10.8975	0.00298674	0.00017967	271.209564
14.9717	0.00306571	0.000229301	211.982544
11.6976	0.00372936	0.000229525	236.769684
18.9719	0.00491506	0.000184254	245.989822
11.7531	0.00469286	0.000211055	253.054138
13.2323	0.00205841	0.000132878	194.681107
16.5857	0.00232947	0.000178417	181.524979
10.221	0.00266265	0.000159435	264.416626
12.884	0.00468505	0.000228671	281.139832
11.3688	0.00214228	0.000184077	241.770309
12.5812	0.00473059	0.000259962	244.970779
13.0891	0.0029332	0.000169277	227.740631
15.5833	0.00486113	0.000249581	199.058548
10.3937	0.00213143	0.000241446	213.753220
15.9236	0.0043106	0.000130449	307.578522
19.3554	0.00304738	0.000226934	159.515503
19.9529	0.00318328	0.000135698	151.230347
13.6524	0.00388641	0.000201303	245.396286
19.3748	0.00341814	0.000233128	175.453354
19.3437	0.00489389	0.000161856	182.626984
14.1348	0.00226071	0.000208592	195.241104
15.2241	0.00256127	0.000203318	186.609024
19.2828	0.0039436	0.000138148	182.244263
11.9495	0.00236522	0.000177372	214.028793
17.9727	0.00333547	0.000130786	181.883331
18.8067	0.00282788	0.000228568	181.197281
13.6531	0.0037541	0.000152424	223.456818
17.1846	0.00321341	0.000146003	182.584061
10.9702	0.00216357	0.000239577	205.817459
17.1512	0.00299895	0.000180267	188.900452
19.649	0.00325703	0.000196692	173.942444
17.7278	0.00206708	0.000190544	157.888428
15.9119	0.00256763	0.00024115	215.661346
19.1864	0.0024618	0.000259925	196.636200
17.6804	0.00352001	0.000232086	190.583923
19.9349	0.00218492	0.000215584	157.067978
15.914	0.00210145	0.000259114	178.345642
14.1017	0.00365356	0.00014032	209.390900
18.4833	0.00434798	0.000229484	195.494385
13.1918	0.00373463	0.000198303	222.454803
10.9853	0.00225633	0.000146558	208.110001
16.7794	0.00311896	0.000136083	219.433395
12.3702	0.00359551	0.000156074	245.212891
16.3501	0.00368782	0.000234216	206.815018
11.5331	0.00345432	0.000178448	246.415985
17.1948	0.00411546	0.000234276	191.793839
17.2559	0.00386765	0.00018353	198.106522
18.4116	0.00307901	0.000194831	167.605606
15.858	0.00203055	0.000211765	172.962128
16.3813	0.0028773	0.000190241	196.911926
12.628	0.0048518	0.000137471	248.253494
12.694	0.00462832	0.000155446	227.625488
16.4276	0.00458212	0.000193041	203.675827
10.1261	0.00467551	0.00017725	268.748169
11.3902	0.00266745	0.000136855	253.122604
12.1048	0.00408561	0.000157422	227.286880
13.4527	0.00400997	0.000235982	235.824646
19.8353	0.0020984	0.00015475	179.790543
13.5116	0.00432396	0.000252469	229.252838
13.7628	0.00281593	0.000189654	206.699036
16.3429	0.0020486	0.0001375	217.630630
12.4211	0.0026055	0.000225845	212.439636
10.5041	0.00405359	0.000189541	253.484985
15.1152	0.00486584	0.000227974	230.317307
11.9568	0.00402423	0.000232243	247.379608
10.3091	0.00232991	0.000197089	232.915710
14.8044	0.00417566	0.000206557	230.265518
14.519	0.00443726	0.000135138	292.521454
13.422	0.0045321	0.000196622	258.422699
10.3954	0.00326202	0.000176085	272.176056
17.4362	0.00462545	0.000139816	199.792130
11.874	0.00334612	0.000201505	273.892853
10.0253	0.00460456	0.000138427	297.368378
19.6241	0.0025757	0.000212328	157.897018
12.3376	0.002554	0.000210869	215.375061
19.1764	0.00217622	0.000225645	165.750854
17.2527	0.00376866	0.000240797	192.921844
19.9256	0.00406015	0.000207981	239.321442
11.3073	0.00319553	0.000179665	257.422882
14.9684	0.00390835	0.000227249	236.506454
15.5686	0.00258998	0.000217937	171.380356
14.9156	0.00450714	0.000231637	227.181473
11.0955	0.00385947	0.000238294	260.665649
17.9157	0.00495797	0.000159776	195.599548
12.6165	0.00311133	0.000184633	208.110443
19.1977	0.00251344	0.000212883	178.525421
10.1766	0.00388488	0.000163858	282.572021
12.733	0.00436916	0.000235313	247.394958
11.2133	0.0025071	0.000147936	210.404648
17.2794	0.00260167	0.000184694	193.823593
18.344	0.00465267	0.000136279	186.519806
13.7938	0.00481703	0.000158128	241.770889
10.3518	0.00212025	0.000164584	244.416275
10.7575	0.00347917	0.000203602	254.092484
17.8077	0.00285453	0.00025982	176.628677
12.7474	0.00353809	0.000224929	253.990662
15.4907	0.0049442	0.000191597	207.741318
16.2994	0.00295881	0.000186301	201.811493
15.792	0.00391756	0.000210765	196.406601
15.8804	0.00401774	0.000171387	202.171677
11.6976	0.0036378	0.000181366	269.857513
13.7047	0.00204648	0.000145306	203.791641
13.8529	0.00290281	0.000171329	184.297028
18.7561	0.00338356	0.000171966	173.717285
17.2212	0.00247459	0.000145498	162.786774
14.3244	0.00309347	0.000212042	204.272034
12.4054	0.00224495	0.000197941	223.674103
16.4911	0.00201797	0.000161398	173.463196
18.8847	0.00302996	0.000183922	148.100281
18.018	0.00245644	0.000214724	157.102768
17.9768	0.0049396	0.000143142	211.426666
19.072	0.00469477	0.000219545	170.096542
13.7767	0.00302962	0.00021375	268.702209
11.6624	0.00479092	0.000233328	259.028259
19.3491	0.00490714	0.000238553	227.604141
15.8386	0.00220249	0.000219511	216.580399
19.0122	0.00420183	0.000143818	179.837936
15.2381	0.00420919	0.00025953	252.491455
15.4903	0.00418667	0.000233214	198.255280
17.5419	0.00426556	0.000226542	178.240631
15.0336	0.00383117	0.000195979	237.381302
15.5275	0.00406937	0.000145829	248.568115
18.1579	0.00309156	0.000250594	231.018845
14.8267	0.00267195	0.000158661	202.691269
14.105	0.00387859	0.000173015	229.659485
17.6125	0.00256582	0.000138465	175.896667
12.1804	0.00272005	0.000240371	198.289200
17.5159	0.00400674	0.000171224	278.845184
15.7359	0.00337055	0.000223234	197.013428
17.7	0.00263026	0.000139085	182.815765
12.7684	0.00426146	0.000234567	299.459717
16.0581	0.00381417	0.000133042	222.793564
16.6808	0.00319607	0.000191324	189.843338
12.5681	0.0024345	0.000168115	216.645569
14.0598	0.00212653	0.000150902	208.969162
19.4921	0.00414417	0.000203312	229.605789
11.9502	0.00404647	0.00015285	210.712173
13.6167	0.00205538	0.000178037	176.278015
19.8352	0.00457018	0.000134528	184.265121
15.1655	0.00392598	0.000159841	218.274857
16.6402	0.00258945	0.000242402	182.305939
18.6675	0.00390838	0.000157654	188.378052
15.3526	0.00358957	0.000154836	205.252487
14.6237	0.00388626	0.000160589	217.682541
16.8803	0.00226497	0.000173333	177.230560
18.8399	0.00214102	0.000169421	194.844208
16.8323	0.00357297	0.000164406	184.891113
10.4123	0.00409113	0.00023331	258.578644
11.9156	0.00309661	0.000191046	226.761169
16.6472	0.00401169	0.000214102	200.990036
17.7837	0.00252361	0.000253577	168.166565
14.6181	0.00425186	0.000153112	277.740784
18.0277	0.00302524	0.000202266	181.738571
12.7002	0.00207895	0.000135663	267.978424
15.8418	0.00412741	0.000130084	280.982727
14.0484	0.00445769	0.000232932	222.689545
17.0239	0.00259766	0.000168024	187.716354
10.619	0.00472697	0.00023345	289.081451
11.6039	0.00263316	0.000241121	233.840683
11.6935	0.00407262	0.000161999	266.831085
16.0186	0.00278856	0.000224631	214.085571
12.7141	0.00243674	0.00025444	198.848999
14.8128	0.00299384	0.000231968	204.295029
14.0918	0.00474734	0.000181491	247.455505
19.5067	0.00454987	0.000161839	253.657242
12.2767	0.004959	0.000152297	245.923111
16.8494	0.00240127	0.000163113	193.364883
13.8144	0.00340593	0.000255881	216.821655
10.5798	0.00452306	0.000209994	256.783844
19.221	0.00276918	0.000259653	165.860245
11.4413	0.00393898	0.000211225	267.791473
19.5076	0.00276113	0.000155992	176.445633
14.3353	0.00319214	0.000193534	221.617981
19.6976	0.00394878	0.000207122	170.083511
17.5133	0.00343393	0.000246021	185.439590
15.8295	0.0024097	0.000249005	190.607544
11.1286	0.0046529	0.000143689	272.829590
12.6626	0.00395807	0.000250996	284.762054
14.1186	0.00239654	0.000231952	172.545395
10.325	0.0020382	0.000147026	226.398666
19.6627	0.00312188	0.000145131	162.237030
14.1267	0.00380089	0.00013339	225.664688
12.9826	0.00448594	0.000176637	244.066742
17.9182	0.00289138	0.00015392	180.362091
15.2316	0.0048702	0.000187297	235.864105
13.046	0.00249317	0.00014036	242.134949
18.0508	0.00388678	0.000139237	174.310059
17.9173	0.00233483	0.000199763	159.832733
15.5496	0.00266643	0.000238563	182.589645
17.1538	0.00299091	0.000231847	240.029541
17.4294	0.00443386	0.00018224	204.602692
13.2629	0.00345053	0.000144251	269.684113
18.6136	0.00491143	0.000154516	185.225800
19.4162	0.00216367	0.000170175	160.613861
19.6887	0.00309631	0.000223546	150.484314
11.9073	0.00248447	0.000185273	205.306625
19.0286	0.00298758	0.00018961	170.656876
11.3275	0.00298286	0.000133538	223.531158
15.2852	0.00258	0.000218329	188.001984
16.1647	0.00337187	0.000132642	259.898895
12.0008	0.0035995	0.000163958	214.637848
18.2114	0.00325376	0.000196175	171.848755
12.2287	0.0022685	0.000166392	218.492264
16.4238	0.0021148	0.000162288	171.921906
18.8605	0.00297278	0.000257957	202.974884
19.0774	0.00335538	0.000224868	174.848495
13.699	0.0031903	0.0001791	218.281204
10.4146	0.00417341	0.000160039	260.347473
12.5508	0.00275633	0.000158067	225.304443
13.5183	0.00337838	0.000188519	228.100723
16.659	0.00260535	0.000136625	174.814224
14.8945	0.00403498	0.000130244	222.006927
15.966	0.00231182	0.000232625	186.800919
11.2283	0.0045266	0.000229764	265.339508
14.7804	0.004334	0.000245497	214.105988
15.0153	0.00228591	0.000188641	186.244919
11.4193	0.00482362	0.000200071	268.265259
14.6337	0.00379476	0.00017842	221.196518
10.8127	0.00406685	0.000224407	265.506744
13.7683	0.0028153	0.000195791	192.553864
14.6704	0.00495397	0.000213622	227.318146
14.9713	0.00489754	0.00016839	215.539139
18.3437	0.00415554	0.000199807	241.996445
13.9743	0.00307108	0.000193838	212.600800
13.1291	0.0029705	0.000151073	197.875092
19.1739	0.0025745	0.000207281	161.189148
18.9716	0.00245094	0.000236515	171.035034
19.7214	0.00453046	0.000201899	183.784775
12.3627	0.00266288	0.000198035	262.749023
16.3932	0.00321762	0.000237076	195.449722
19.4853	0.00263629	0.000164835	146.645615
17.8576	0.003699	0.00014723	259.561951
17.238	0.00441522	0.000200624	195.704773
10.7195	0.00415715	0.000229157	307.372162
19.9577	0.00418237	0.000250247	170.466873
11.5439	0.00339226	0.000162667	258.967712
18.113	0.00434306	0.000221747	250.524475
11.4711	0.00248081	0.000257291	226.814636
18.041	0.00383845	0.000207359	197.515778
15.3221	0.00268389	0.000239593	203.008743
19.433	0.00292203	0.000199963	164.317459
17.4245	0.00248833	0.000153688	177.654358
18.5213	0.0049469	0.00019184	195.114883
13.2475	0.00294855	0.000161721	209.230484
16.9653	0.00415737	0.000200806	191.428238
14.8421	0.00408202	0.000216096	224.577560
12.5945	0.00410039	0.000184476	247.867905
11.5655	0.00332399	0.000146135	228.727478
11.3356	0.00473794	0.000198326	287.164307
15.9049	0.00203466	0.000214691	181.576935
14.0258	0.00432846	0.000211687	223.133362
12.0359	0.00412425	0.000220579	272.410858
13.4006	0.00493386	0.000245667	226.141037
16.0159	0.0041912	0.000179355	232.722351
10.8632	0.00371062	0.000170024	324.026947
16.3356	0.0039099	0.000196505	192.431824
15.0127	0.00259169	0.000252269	180.401947
13.253	0.00280181	0.000200843	232.150711
10.8213	0.00426033	0.000177136	255.991760
16.6988	0.0023567	0.000167035	180.861282
11.2032	0.00244123	0.000172114	230.830322
10.4856	0.00472218	0.000190795	258.799286
16.6529	0.00288894	0.000175267	192.139572
17.7983	0.00367867	0.000223396	175.438705
14.0837	0.00350918	0.000251892	215.138504
11.2523	0.00227862	0.000235009	224.314163
11.7413	0.00307081	0.000175007	244.278442
13.6196	0.00305107	0.000139326	286.473297
18.4502	0.00446821	0.000193298	192.971100
11.3066	0.00230219	0.000159116	207.067917
13.7784	0.00427243	0.000149076	338.182495
18.1023	0.0037297	0.000209543	264.737244
11.2357	0.00222638	0.000133443	205.368713
10.7053	0.00363857	0.0001559	261.321320
18.7327	0.00294973	0.000255962	163.692368
13.1635	0.00301445	0.000181689	212.976807
17.7162	0.00343296	0.000145816	181.369431
12.6494	0.00375144	0.000232884	229.794189
17.2909	0.00359756	0.000202191	185.304169
12.4435	0.00456209	0.000192892	244.056595
16.5271	0.00243888	0.000134846	189.797943
15.6044	0.00313728	0.000133513	216.624619
19.9002	0.00371301	0.000247575	171.209564
10.9917	0.00344528	0.00019756	254.545670
12.816	0.00372977	0.000177235	213.752853
11.7122	0.00259845	0.000182773	289.453796
12.6852	0.00317572	0.000191313	234.033813
15.0789	0.00326784	0.000157106	188.389450
18.3154	0.00402291	0.000236535	190.333664
16.7327	0.00232539	0.000225204	170.344986
15.3412	0.00438375	0.000195017	200.169022
12.4703	0.00344848	0.00020958	254.834717
10.1302	0.00403543	0.000172385	281.606934
10.9077	0.00256571	0.000190631	242.467667
12.8049	0.00325771	0.000149602	218.700500
13.4632	0.0048865	0.000134652	242.616455
13.8865	0.00319961	0.000163444	208.427536
15.0076	0.00454677	0.00015406	233.358017
18.5933	0.00288462	0.000174504	187.469696
15.347	0.00348012	0.000233413	211.212708
15.7051	0.00320177	0.000218915	182.636856
11.6461	0.0022647	0.000255476	211.102585
18.9092	0.00205104	0.000227485	160.621872
14.21	0.00405459	0.00020545	256.274567
19.3501	0.00494155	0.0001755	194.698456
13.788	0.00244507	0.000178832	205.411606
18.6354	0.0023612	0.000210705	171.130478
10.8324	0.0024657	0.000169419	247.114395
18.9481	0.00481786	0.000178134	194.855499
18.9274	0.00208298	0.000218575	173.043655
12.8326	0.002763	0.000233006	227.807907
11.8432	0.00269655	0.000189349	211.126740
13.658	0.00285405	0.000248202	198.870605
13.6866	0.00290225	0.000239369	197.705872
12.0027	0.00432265	0.000180793	254.855820
18.693	0.00357402	0.000181898	201.338852
18.5699	0.00453504	0.000174196	268.635651
18.6892	0.00407206	0.000214375	187.410767
17.0092	0.00397203	0.000177846	210.899521
13.0973	0.00305883	0.000239188	223.122025
18.8498	0.00253186	0.000177689	170.023239
12.6324	0.00454679	0.000139066	305.027435
12.4169	0.003043	0.000173099	226.330887
15.8843	0.00393606	0.0001421	226.097534
12.625	0.00250497	0.00017402	226.853592
17.4895	0.00225168	0.000147156	211.971497
13.1521	0.00276193	0.000192293	207.336243
14.2455	0.00374019	0.000220052	219.662857
15.0636	0.00459005	0.00024511	270.378326
16.4216	0.00446489	0.000147205	264.158051
15.3473	0.00346853	0.00015932	209.165070
10.4647	0.00259217	0.000149696	218.383347
16.832	0.00360815	0.000134687	200.342545
19.0691	0.00473653	0.00023856	190.355072
17.5356	0.0036023	0.000150116	216.851761
10.9098	0.00389661	0.000137124	248.018784
15.7105	0.00456073	0.000234384	244.054581
16.0034	0.00330306	0.00020569	201.814789
17.6199	0.00397619	0.000220896	245.724243
11.0481	0.00492029	0.0001697	288.177979
17.1457	0.00498073	0.000217254	179.066711
13.0168	0.00323636	0.000232385	195.753845
11.2864	0.00232987	0.000164569	219.992538
10.0619	0.00366224	0.00021524	277.467560
19.0907	0.00496078	0.000212296	185.325638
13.2541	0.00378878	0.000159762	241.484451
19.193	0.00346385	0.000135529	163.676605
16.0729	0.00476442	0.0002079	211.115753
10.5854	0.00405853	0.000248839	296.774445
13.1226	0.0049109	0.000231016	310.248779
14.4253	0.00308479	0.0001929	222.029510
10.963	0.00456895	0.000190014	281.126404
12.3179	0.00367127	0.000227176	229.238419
17.5421	0.00407014	0.000254649	192.951447
12.1933	0.00394318	0.000179404	224.237137
15.358	0.00370696	0.000251308	234.942245
12.8604	0.00276108	0.000210673	196.761627
16.9583	0.00246105	0.000135151	166.412735
10.151	0.00235737	0.000231553	244.133575
18.1066	0.00457093	0.000156258	248.959946
12.5389	0.00376963	0.000181245	239.749237
11.6436	0.00377069	0.000220189	238.656693
11.0739	0.00325379	0.000181336	251.292908
12.716	0.00248978	0.000249156	187.011536
17.7418	0.00368534	0.000201365	182.806015
17.7656	0.00219629	0.000238229	162.022675
14.9721	0.00292576	0.000140634	196.088394
18.964	0.00382977	0.000232467	245.437225
11.8796	0.00272326	0.000160823	231.499054
17.0142	0.00368623	0.000133648	189.283569
11.144	0.00206117	0.000179745	218.444382
17.1325	0.00227594	0.000221203	170.701065
10.2408	0.0038959	0.000191359	269.727448
10.8769	0.00404314	0.000168448	245.461761
12.0139	0.00217104	0.000237278	204.089706
12.6454	0.00490599	0.00013309	254.206619
14.95	0.00308282	0.0001626	212.232834
10.3722	0.00285721	0.000234082	235.458267
18.7604	0.00215266	0.000258712	157.269608
19.0161	0.00254531	0.000208968	172.578049
12.355	0.0046831	0.000227084	220.564804
12.8136	0.00285353	0.000172207	228.394501
12.1851	0.0049424	0.000138853	263.337952
19.7507	0.00422209	0.000242697	177.805603
15.2463	0.00307078	0.000169863	257.397156
11.2958	0.00321884	0.000233672	238.370453
16.0819	0.00326552	0.000203063	188.862122
19.1246	0.00217821	0.000246848	160.794189
19.0878	0.00461586	0.000249352	204.185760
10.8102	0.00435989	0.000130908	257.425018
15.243	0.00426318	0.000169837	210.844711
16.0021	0.00400106	0.000153464	219.141769
11.232	0.00376332	0.000186138	248.778778
18.6889	0.0021817	0.00024722	145.889145
15.8021	0.0026706	0.0001632	201.729843
15.6274	0.00319441	0.000175846	185.879990
13.3077	0.00389311	0.000231186	226.131500
15.9102	0.00224727	0.000168536	181.461716
14.6869	0.00423316	0.00016264	230.988815
13.0141	0.00472592	0.000160347	226.614380
17.2159	0.0049638	0.000208718	186.470474
16.6783	0.00386735	0.000139444	185.938232
12.9054	0.00279816	0.000168892	205.391266
13.7147	0.0022843	0.00022159	188.413055
18.2741	0.00465693	0.000143662	192.083221
10.7965	0.00278282	0.000204131	223.534836
19.8679	0.0041527	0.000151115	179.087311
10.7974	0.00471136	0.000258761	269.341675
10.7551	0.00363404	0.00018325	324.692352
10.3995	0.00256108	0.000192427	247.407593
17.8505	0.00238749	0.000240234	176.991959
16.425	0.00303791	0.000166738	200.480530
18.4021	0.00297656	0.000202305	182.425430
10.4791	0.00448362	0.000155097	281.564117
13.2129	0.00274303	0.000209431	200.169235
16.9011	0.00281793	0.000172109	170.955399
14.1816	0.00372242	0.000192826	226.240372
14.3906	0.00203642	0.000248719	177.283356
11.2956	0.00317369	0.000199367	240.200089
17.9365	0.00317744	0.000145702	182.746094
11.8683	0.0030166	0.000183176	226.177994
18.7597	0.00355226	0.000176051	192.754425
19.1739	0.00243312	0.000193554	165.009064
18.3953	0.002221	0.000208238	156.696823
13.2178	0.00220904	0.000241258	210.625900
16.146	0.00427448	0.000222453	212.181686
18.7887	0.0049904	0.000176413	203.648300
11.8108	0.00450496	0.000143901	255.966354
13.1218	0.00450265	0.000222081	244.380234
15.8967	0.00263316	0.000189721	220.178497
12.5374	0.00401481	0.0002512	319.287048
10.6801	0.00477158	0.000190663	310.646271
10.7126	0.00283657	0.000209267	249.086258
14.5269	0.00402059	0.000176538	220.977982
13.6152	0.00444801	0.000190275	237.808075
18.315	0.00243264	0.00025657	156.217865
10.59	0.00482774	0.000200737	264.464508
11.9602	0.00318227	0.00019947	228.805908
19.8282	0.00314745	0.000201756	158.884552
17.6954	0.00224131	0.000193222	178.713593
11.6439	0.00276044	0.000147425	210.954865
17.4105	0.00289719	0.000229903	192.633514
16.236	0.00342954	0.000181242	315.621918
10.0217	0.00349287	0.000203151	280.286682
19.3453	0.0032831	0.000206315	179.161957
17.8267	0.0025512	0.000240145	178.090393
12.235	0.00242645	0.000167911	215.475586
17.9154	0.00413521	0.000150449	197.682022
11.8365	0.0026577	0.000204605	213.025116
12.3327	0.00456812	0.000158974	242.289749
11.3166	0.00350528	0.000185958	250.247406
17.9547	0.00298861	0.000159024	180.921158
12.6865	0.00434466	0.000199819	242.666321
15.3372	0.00430593	0.000251079	224.854446
18.303	0.0028575	0.000156643	182.372421
18.3678	0.00440169	0.000196395	206.186691
18.4182	0.00397415	0.000229251	190.396301
12.1027	0.0028198	0.000189488	237.781891
15.6415	0.00369765	0.000133271	254.771667
13.121	0.00443786	0.000206733	321.751862
10.5638	0.00307521	0.000197092	228.630920
12.728	0.00205225	0.000230449	186.292007
10.2773	0.004341	0.000149773	284.505646
13.1507	0.00340792	0.000161359	277.164795
12.4502	0.00396638	0.000205114	231.737335
11.3285	0.00406541	0.000178083	293.091827
11.3959	0.00226651	0.000254143	238.727570
15.7348	0.00446301	0.000193117	196.941238
15.2284	0.00451085	0.000174242	224.624969
10.5847	0.00436823	0.000239895	266.277405
14.3686	0.00309727	0.000205798	200.752960
12.4414	0.00243735	0.000190718	204.778336
16.1729	0.00305496	0.000184438	179.561066
15.9991	0.00311103	0.000166538	192.449539
12.911	0.00464712	0.000152501	294.999634
15.2892	0.00406009	0.000244501	187.248367
15.7594	0.00337965	0.000233666	201.765030
15.9502	0.00233381	0.00024808	184.889648
11.1602	0.00437377	0.00025999	260.203461
16.0632	0.00206144	0.000212208	174.943954
17.7873	0.00228453	0.000140643	187.624298
17.9992	0.00267181	0.000147759	167.229355
18.4989	0.00242945	0.000144212	170.842728
19.6465	0.00335824	0.000228713	196.862869
10.4143	0.00399439	0.000253136	278.709167
13.0096	0.00270803	0.000243571	201.802505
14.8598	0.00243774	0.000212595	190.933640
19.6254	0.00247594	0.000153346	160.393219
17.3969	0.00300814	0.000202538	182.806274
12.871	0.00240894	0.000167898	225.580841
17.3311	0.00402976	0.000182015	198.910828
15.0283	0.00367389	0.00022993	196.266678
10.0263	0.00303199	0.00025527	232.503983
16.1437	0.00496001	0.000177663	268.003540
16.3157	0.00255126	0.000231155	227.588120
17.7646	0.0024704	0.000241124	170.083984
18.4389	0.00370426	0.000242825	176.992264
10.0423	0.00227882	0.000185298	247.115814
15.6041	0.00261815	0.000192299	237.535965
16.8428	0.00485806	0.000221959	261.696625
16.0574	0.00372157	0.000157022	221.719650
18.623	0.0030261	0.00025205	207.840210
13.8226	0.00460484	0.000146362	223.545715
12.4628	0.00448668	0.000211908	309.405945
10.9988	0.00413361	0.000163815	252.917816
10.0032	0.00252553	0.000160802	255.050034
12.7543	0.00457777	0.000240583	299.257538
17.0893	0.00431469	0.00023504	205.047745
15.2265	0.0035089	0.000131744	212.990738
18.3157	0.00280887	0.000171337	166.965149
17.5774	0.00221765	0.000188306	154.372086
16.7647	0.00373682	0.00020824	206.579559
15.4965	0.00473818	0.000159238	229.716064
15.4956	0.00225499	0.000165944	178.709427
11.448	0.0034751	0.000166449	230.909653
11.899	0.00275858	0.000152388	241.264862
15.5419	0.003285	0.000201151	182.199188
15.1717	0.00428342	0.000183409	204.503616
11.8423	0.00257819	0.000254684	208.747711
12.969	0.00443313	0.00020479	242.219376
15.1569	0.00465472	0.000220908	301.904358
18.5188	0.00222951	0.000185328	161.625641
18.3088	0.00471694	0.000155946	183.426697
12.5792	0.00498982	0.000213398	323.598663
13.6206	0.0029056	0.000212946	186.205612
16.5352	0.00241959	0.000242125	184.275848
16.7952	0.00210153	0.000164679	172.459549
14.3092	0.00218692	0.000197151	188.886246
18.7714	0.00247134	0.000163319	213.098999
18.0093	0.0029485	0.000183913	173.227203
12.0001	0.00355962	0.000259463	234.269180
14.8782	0.00341958	0.000254138	212.094193
14.1563	0.00204708	0.000171137	188.045105
11.7443	0.00381233	0.000212185	223.807816
14.5667	0.00246077	0.000187187	182.651794
10.5239	0.00481267	0.000199351	313.260132
16.3991	0.00409894	0.000252569	205.310928
15.0128	0.00464235	0.000230125	224.981400
11.6049	0.00356654	0.000138451	278.134033
10.9316	0.00499417	0.000246305	324.270935
17.983	0.00320187	0.000170516	188.449524
12.2619	0.00248334	0.000150802	215.081421
19.5437	0.00227356	0.00016089	166.110764
10.9339	0.00481426	0.000163577	267.812439
17.778	0.00230704	0.000174738	199.458282
19.0352	0.00277903	0.00018946	167.230911
16.9192	0.00317857	0.000157119	182.680908
19.9856	0.00406956	0.000244988	173.901520
13.3607	0.00410156	0.000170537	287.106445
15.6248	0.0045967	0.000238083	228.878586
16.28	0.0033392	0.000161688	197.328308
19.7836	0.00243819	0.000238442	179.775787
10.8988	0.00286024	0.000229043	256.445099
12.3669	0.00412481	0.000181337	274.939240
18.6872	0.0037797	0.000176598	177.760529
17.8252	0.00310234	0.000248074	182.100922
17.4049	0.00253721	0.000148563	173.037231
16.7179	0.00437902	0.00017583	205.724640
13.3109	0.00407234	0.000137618	233.871063
14.3365	0.00397962	0.000220522	221.134460
14.036	0.00308779	0.000248758	235.435104
12.6088	0.00214156	0.000150531	180.989227
15.8314	0.00431929	0.000244711	298.858551
15.1297	0.00397108	0.00018655	263.186676
17.872	0.00402002	0.000175385	190.680191
16.0877	0.00391759	0.000220093	277.743896
16.7664	0.00258499	0.00013763	172.380875
15.1042	0.00406897	0.000215988	223.911957
10.6623	0.00226826	0.00023107	204.266296
13.7389	0.00326548	0.000208042	206.698639
11.2612	0.00227867	0.000234769	238.011703
10.0584	0.00224319	0.000148867	238.893845
19.4924	0.0041755	0.000205599	182.998672
17.8609	0.00216743	0.00023669	184.366486
11.1691	0.00341136	0.00013698	256.258728
14.2165	0.00242798	0.000205332	194.098816
13.6598	0.00306882	0.000258245	192.061981
15.9369	0.00411909	0.000153021	219.897156
18.2547	0.00407142	0.00016709	226.829330
17.1999	0.0049523	0.000184617	196.141754
15.82	0.00235223	0.000147762	193.200455
16.5853	0.00447824	0.000233654	197.512573
15.2069	0.00277285	0.000212581	186.467072
10.3284	0.00355956	0.000209001	260.953094
12.0378	0.00355765	0.000197797	256.356750
15.6868	0.00249959	0.00018431	178.275085
17.8503	0.00346396	0.000242301	196.697067
18.0706	0.00264505	0.000228587	176.929810
13.8594	0.00257763	0.000172648	228.182251
19.2743	0.00214341	0.00014416	167.613708
14.0054	0.00361995	0.000229881	206.423218
16.8167	0.00211194	0.000178171	178.426941
18.8579	0.00232044	0.000204545	166.949463
14.632	0.00299953	0.000227387	263.959869
18.0012	0.00258833	0.000147076	153.996872
17.0377	0.00270836	0.000142173	180.418945
14.4722	0.00391583	0.000159502	225.807983
18.698	0.00231243	0.000252349	174.305222
12.3002	0.00339819	0.000170669	239.288773
15.5901	0.00287928	0.000183163	215.336823
12.3835	0.0028147	0.000166647	258.996826
13.2059	0.00494628	0.000177987	262.199402
11.5966	0.0041842	0.000161112	247.603455
14.2346	0.0031256	0.000151096	209.313171
19.4146	0.00383048	0.000241349	191.145645
15.6555	0.00357641	0.000210249	195.746002
11.87	0.00285159	0.000132147	210.539734
10.8447	0.00355149	0.000143171	252.388885
10.6731	0.00289884	0.000148832	241.368591
16.3592	0.00218132	0.00019957	194.086639
18.0663	0.00261818	0.000191985	176.657928
13.2046	0.00226196	0.000200648	194.637512
18.3422	0.00228158	0.000258115	172.479813
10.5795	0.00434693	0.000223611	277.858734
13.6893	0.00424127	0.000140431	259.822998
17.6184	0.00443711	0.00016334	195.487564
18.7211	0.00452949	0.00015922	188.616577
11.2894	0.00437665	0.000242648	247.024353
18.0436	0.00467995	0.000133857	194.722855
19.0698	0.0023859	0.000234463	156.553268
18.3363	0.00341898	0.000135878	199.831207
15.7389	0.00239985	0.000215446	192.231537
17.8632	0.0042578	0.000139128	201.490204
16.5133	0.00423976	0.000172698	229.574707
16.957	0.00401054	0.000133569	201.677338
15.8169	0.00372507	0.000163474	204.419525
18.0981	0.00253769	0.000181664	169.379593
19.0066	0.0027416	0.000259521	166.829712
15.3551	0.00289134	0.000227966	241.791595
17.1233	0.00347594	0.000254927	166.778229
12.2232	0.0020497	0.0001558	220.437759
15.2423	0.00358902	0.000243954	197.511505
14.7956	0.00276261	0.000196937	195.279922
17.1017	0.00239144	0.000143486	181.096481
10.6039	0.00328721	0.000240859	245.172867
11.7026	0.00364781	0.000130311	252.831741
14.4136	0.00395177	0.000181275	230.850891
16.8816	0.00394363	0.000188871	202.228607
17.6726	0.00436723	0.000161025	211.140350
12.5318	0.00282325	0.000216817	235.976074
17.804	0.0029617	0.00022777	188.050613
18.8599	0.00469026	0.000256243	165.313141
13.1398	0.00489405	0.000253915	240.293045
14.6085	0.00358262	0.000194642	214.477417
18.8328	0.00297167	0.000156637	175.904602
13.5123	0.00445308	0.000179951	335.477539
10.0687	0.00273418	0.000152931	244.351578
17.4196	0.00248242	0.000143109	168.600693
11.9552	0.00207498	0.000131984	214.062225
14.4884	0.00390452	0.000242849	228.765823
19.7356	0.00370986	0.000229786	177.079300
14.8314	0.00435363	0.000148065	227.011871
17.2248	0.00343214	0.000195658	227.121841
13.4038	0.00207069	0.000162292	229.092575
17.8068	0.00213367	0.000213768	201.906235
17.7234	0.0029943	0.000144366	198.010742
11.4869	0.00257921	0.00019273	233.981155
12.9401	0.00348722	0.000183192	239.106277
11.5887	0.00289546	0.000146397	228.116104
18.532	0.00496622	0.00017162	210.586304
16.8661	0.00424	0.000189488	253.153915
19.0662	0.00435171	0.000191581	182.821548
13.8585	0.00208261	0.000250432	186.831039
17.6047	0.00499848	0.000236831	202.902496
10.2256	0.0033492	0.000162859	243.019791
14.882	0.00465269	0.000175132	220.940048
14.2195	0.00273667	0.000157333	219.563309
11.2292	0.00495826	0.000245763	347.604706
19.2604	0.00486773	0.000190496	189.833496
17.102	0.0026739	0.000145401	180.301666
15.9406	0.00288198	0.000136961	172.254318
14.0505	0.00248873	0.000186531	200.189270
13.6144	0.00290921	0.00016025	219.467331
14.1882	0.00486166	0.000171887	236.256119
12.9273	0.00207625	0.000188697	189.099060
17.6303	0.00395375	0.00024239	228.943893
18.1499	0.00373699	0.000235822	186.052322
17.1595	0.00222931	0.000158439	176.782761
12.9058	0.00434627	0.000158134	281.067383
17.878	0.00444125	0.000186723	212.943115
14.3345	0.00222307	0.000135901	189.882675
16.9162	0.00369174	0.000167093	184.872620
12.7881	0.00470469	0.000195163	247.412491
15.4127	0.00204961	0.000182142	168.481216
16.1995	0.00480283	0.000182691	217.674652
12.0096	0.00232111	0.000156418	198.873917
10.2952	0.00247885	0.00017318	233.483871
15.538	0.00255357	0.000236191	191.504684
12.5277	0.00301049	0.000196416	240.134277
11.0014	0.00448419	0.000197215	304.298645
10.526	0.00414618	0.000259413	296.007782
12.4466	0.00255318	0.000134221	223.497910
16.7376	0.00315859	0.000162699	194.720459
11.4776	0.00228326	0.000155576	227.540421
18.8322	0.00289084	0.000157133	177.889496
10.1466	0.00456271	0.000140187	271.509308
18.8536	0.00377414	0.000231823	185.136520
13.9254	0.00440626	0.000150661	219.812378
14.3588	0.00212901	0.000149881	192.187897
16.4645	0.00480504	0.00014172	254.357635
16.1358	0.00483454	0.000168159	280.351562
13.0768	0.00233984	0.000209572	230.750320
11.9273	0.00265699	0.000176829	214.201019
19.5127	0.00310942	0.000142364	180.247696
15.0593	0.00347085	0.000257581	195.531204
13.9178	0.00288222	0.000199519	207.863663
16.7897	0.0048604	0.000200395	206.977432
10.0286	0.00273879	0.000183386	243.433212
12.0148	0.00271435	0.000189013	211.503937
11.0675	0.00342693	0.00019315	226.258469
13.7377	0.00234567	0.00016358	199.556137
13.4437	0.00393266	0.000216436	227.384094
13.9605	0.00270078	0.000149452	221.779831
18.628	0.00318967	0.000193146	176.617157
14.9892	0.00321026	0.000235314	228.455002
15.9264	0.00495808	0.000161719	207.616074
17.7346	0.0023551	0.000193159	155.652451
10.267	0.00370708	0.000182895	250.694519
19.1032	0.00456883	0.000248229	225.262924
11.318	0.00319954	0.000187914	220.511093
18.6047	0.00406804	0.000175152	192.060562
14.9477	0.00440075	0.000180779	203.000381
11.4474	0.00343042	0.000226763	243.889008
19.9444	0.00279995	0.000206906	161.506577
15.3169	0.00369335	0.000144547	264.972809
14.114	0.00302726	0.000170725	225.330856
19.9074	0.00386821	0.000139469	186.323837
14.6074	0.00266953	0.000131397	254.197327
14.8506	0.00423524	0.000206803	213.552368
11.891	0.00206535	0.000188797	194.580200
11.8031	0.00208376	0.000153091	204.162750
10.6903	0.00417308	0.000165884	270.909515
10.3929	0.00268201	0.000251391	217.958069
19.9802	0.00498289	0.000162878	179.470566
11.3081	0.00422118	0.000162626	248.166122
17.2148	0.0037	0.000259025	188.424042
14.5554	0.00458584	0.000206293	228.011612
18.7794	0.00375709	0.000223475	183.598892
11.9349	0.00325399	0.000132799	225.205261
12.1758	0.00430567	0.000209424	299.352936
18.1902	0.00482727	0.000163902	184.729874
11.3568	0.00227722	0.000235104	205.198975
18.2621	0.0024085	0.000176391	167.372375
12.5415	0.00307581	0.00023137	265.734833
16.1715	0.00295585	0.000216216	178.540802
11.3006	0.00212579	0.000138063	212.660843
18.9941	0.002888	0.000195477	154.685272
10.827	0.00208382	0.000195378	198.647675
18.5044	0.00434132	0.000169546	266.722748
11.3443	0.00208326	0.000237621	213.174149
12.1461	0.00357278	0.000246376	242.502090
14.3911	0.00227774	0.000191846	173.612900
13.3097	0.00400756	0.000194216	224.578857
14.8222	0.00367028	0.000219714	219.892319
18.2418	0.00268786	0.000165515	208.861893
17.3202	0.00330116	0.000202374	189.874878
11.7984	0.00482701	0.000214614	279.426727
18.3795	0.00410348	0.000218187	191.236343
14.4011	0.00462986	0.000189889	296.888916
14.7426	0.00229187	0.000236497	176.527588
18.1385	0.00394741	0.00023756	235.187469
17.3872	0.00389219	0.000169903	187.145309
13.7072	0.00429779	0.000205644	224.176102
15.0924	0.00454904	0.000176598	214.660156
17.924	0.00290515	0.000212874	174.963791
14.7739	0.00322041	0.000173622	204.752930
19.7734	0.00282195	0.000179153	171.540619
10.9796	0.00455919	0.000229128	258.940277
15.6191	0.00454827	0.000200613	283.855927
10.2371	0.00285259	0.000136116	245.859756
14.2186	0.00209984	0.000216285	178.207855
17.6269	0.0049504	0.000230438	225.169785
18.9568	0.00496106	0.000163317	198.438004
19.0053	0.00304138	0.000204179	168.295105
15.4401	0.00316396	0.000239699	201.993301
19.3178	0.00201327	0.000187185	164.178177
17.3644	0.00455899	0.000220456	190.252151
10.3012	0.00364904	0.000195925	301.136597
10.4291	0.00307161	0.000229694	253.887421
12.895	0.00412114	0.000229558	203.569077
13.2522	0.00374504	0.000217592	255.587982
15.3635	0.00222751	0.000201152	176.188705
11.5748	0.00469166	0.000139492	274.590515
15.4828	0.0034865	0.000161996	188.724396
15.1951	0.00363085	0.000187619	194.573746
17.7419	0.00492861	0.00024681	226.459229
13.6388	0.00280901	0.000220589	216.589676
13.978	0.00400666	0.000220958	212.802750
18.2087	0.00460779	0.000235274	198.750290
15.6338	0.00476503	0.000165137	221.417770
14.0533	0.00415555	0.000233257	226.142181
16.8766	0.00349037	0.000159016	209.194580
17.1823	0.00268958	0.000162137	180.703903
17.4005	0.00294155	0.000238342	168.580643
17.3894	0.00440488	0.000140192	195.970932
13.3611	0.0037345	0.000221727	203.067535
10.1147	0.00333313	0.000136085	283.670441
11.1306	0.00386915	0.000185138	277.872711
11.2747	0.0042548	0.000166157	251.780472
14.3716	0.00229082	0.000259239	207.258926
16.985	0.00470296	0.000197585	232.176254
18.3164	0.00415465	0.00015553	190.531555
10.0593	0.00277113	0.000197029	269.042908
13.843	0.00359738	0.000173796	208.531723
14.7416	0.00306862	0.000192158	256.390442
12.6308	0.00433514	0.000219152	233.257248
19.6681	0.00236969	0.000168826	192.774933
14.242	0.00354789	0.000155717	219.233627
14.435	0.0022441	0.000186715	194.400635
14.1708	0.00218361	0.000137208	230.007721
17.6637	0.00201767	0.000165022	196.861755
12.8775	0.00280067	0.000204398	240.400543
14.0257	0.00447894	0.000142456	353.885956
10.7719	0.0032967	0.000165888	248.065918
13.5555	0.00435919	0.000216315	232.420670
18.7438	0.00286601	0.000175423	164.632767
11.8672	0.00415006	0.000231176	249.966507
11.0525	0.0025361	0.000164006	228.949966
18.433	0.00314994	0.000182382	192.382843
16.8015	0.00297814	0.00021268	185.554779
12.7865	0.003149	0.000213774	213.511841
11.8793	0.00217008	0.00017513	201.446152
12.8672	0.00285258	0.000183975	209.435806
10.7301	0.00340062	0.000157852	257.165588
12.3581	0.00296119	0.000238601	223.978790
10.1767	0.00388283	0.00021865	284.606293
16.4008	0.00452497	0.000130472	221.762192
18.5729	0.00249232	0.000210693	151.912186
14.6182	0.00333924	0.000164733	198.650116
15.5288	0.00305541	0.000157185	184.788956
12.0054	0.00325969	0.000146044	313.830566
17.9552	0.00202462	0.000148735	161.212341
15.3043	0.00364186	0.000183735	214.900284
16.4273	0.00322187	0.000169811	211.272278
16.1417	0.00309549	0.000235545	193.269928
17.5517	0.00484566	0.000191709	254.929489
12.5994	0.00463578	0.000167643	245.606567
11.3592	0.00316137	0.000194766	223.316101
10.6693	0.00457194	0.000239411	268.509949
11.1975	0.00483622	0.000130707	254.462387
19.8623	0.00203506	0.000165812	181.909164
10.9403	0.00421833	0.00018815	237.868546
17.0331	0.00291788	0.000164682	225.825226
17.8894	0.00374362	0.000228942	195.397476
15.0252	0.00303864	0.00020131	177.301163
14.9442	0.00397582	0.000241502	203.895554
13.0024	0.00349431	0.000186826	208.329208
18.4639	0.00314517	0.000143517	167.943939
16.8614	0.00215379	0.000189617	178.787247
15.9139	0.00469892	0.000212018	228.446854
17.6619	0.00300991	0.000236939	168.402557
11.9075	0.00276878	0.000152474	244.852493
16.8962	0.00206774	0.000192831	189.040253
19.8234	0.00403497	0.000237446	174.458008
10.5123	0.00228699	0.000193138	243.805099
16.6523	0.00434154	0.000222937	202.449463
13.7498	0.00410163	0.000132258	225.129730
17.1958	0.0046481	0.000179848	210.456879
18.692	0.0044895	0.000226797	195.244064
14.6886	0.00318762	0.000199419	241.937698
17.4274	0.00338316	0.000193204	189.240692
14.5434	0.00391932	0.000221973	293.227203
13.4652	0.00354194	0.000174166	226.154724
19.7284	0.00446753	0.000146873	262.142181
18.3698	0.00472694	0.000210152	190.342834
19.7483	0.0042482	0.000179191	189.830643
18.804	0.00280063	0.000156747	177.221985
16.6185	0.00348437	0.000240777	192.908005
15.5842	0.00325323	0.00015588	186.485397
17.8729	0.00213157	0.000141879	190.714737
13.9156	0.00491462	0.000152632	242.210312
13.0286	0.00372692	0.000141475	232.138199
10.3422	0.00202312	0.000250671	184.857010
11.3439	0.0045954	0.000166056	277.514343
12.0131	0.00365704	0.000201295	237.962509
11.0558	0.00313475	0.000218449	260.829132
18.5618	0.00310556	0.000229023	168.591583
13.0732	0.00326439	0.000196011	193.437210
11.831	0.00421796	0.000237322	320.386566
13.6306	0.00382739	0.000209687	232.839600
10.3504	0.002169	0.000170413	191.298248
11.4711	0.00417293	0.000194848	281.042145
18.6231	0.00220954	0.000174989	164.222000
18.3881	0.00275012	0.000202219	230.041000
13.4773	0.00270877	0.000255475	183.400482
17.7297	0.00297042	0.000218289	181.772339
17.413	0.00226147	0.000204941	209.662506
13.785	0.00418904	0.000198204	233.757263
18.8666	0.00239767	0.000130125	153.807053
13.7383	0.00499223	0.00019225	218.223679
18.7198	0.00376903	0.000258127	186.725388
12.2381	0.003777	0.000138594	230.340759
14.3833	0.00421381	0.000200627	196.502151
15.4916	0.0034325	0.000190432	221.219177
11.4423	0.00358396	0.000221647	247.620895
14.8999	0.00432213	0.000189967	204.743683
15.1224	0.0040104	0.000238142	225.946655
12.1862	0.0024424	0.000144166	264.283295
15.2537	0.0031356	0.000177176	198.121719
15.4942	0.00321361	0.000248606	203.354095
13.4729	0.00271175	0.00016152	200.333130
17.6064	0.00494016	0.000234459	202.730988
10.6746	0.00408333	0.000165328	378.053741
10.7191	0.00411277	0.000185299	284.169312
15.0433	0.00404557	0.000214261	219.560013
13.5829	0.00202228	0.000201348	191.482391
12.6608	0.00200061	0.000223678	201.933578
14.0147	0.00428737	0.000162456	212.388443
15.4432	0.00277929	0.000258504	184.804550
19.2595	0.00495248	0.000205391	191.006744
11.1189	0.00260798	0.000222821	231.668320
18.6741	0.00205763	0.000154041	164.788467
11.7927	0.00462378	0.000217232	299.424103
16.2762	0.00441763	0.000186682	202.201538
19.7909	0.00332286	0.000247267	180.026398
11.6067	0.00203262	0.000173706	201.718063
10.568	0.00410915	0.000244278	279.532867
13.5894	0.002858	0.000154418	196.487518
17.7339	0.00418908	0.000235338	190.036163
12.4368	0.00200427	0.000195213	201.695450
12.9908	0.00295478	0.000143979	201.061203
14.4861	0.00476138	0.000184755	236.984589
11.8602	0.00365026	0.000158874	246.407700
18.6202	0.00498098	0.000162196	245.714783
10.7619	0.00214272	0.00023669	239.540070
17.6815	0.00413597	0.000171506	200.604050
12.291	0.0033958	0.000196247	232.536545
15.2297	0.00278292	0.000198764	194.771881
16.3802	0.00294422	0.000202719	174.496582
10.502	0.00239895	0.000137321	242.795990
11.1512	0.0032527	0.000150823	222.357376
17.9782	0.00347822	0.000155515	167.728104
15.2984	0.00409018	0.000257917	233.001221
17.773	0.00225735	0.000224488	161.525879
15.6352	0.00259547	0.000252971	183.858002
19.2684	0.0041928	0.000234508	189.419418
18.955	0.00488977	0.000229498	191.761978
12.8798	0.00397836	0.00020213	235.501022
10.1475	0.00326436	0.000241156	259.587921
17.8911	0.00247345	0.000137557	180.718018
14.0274	0.00222803	0.000193967	172.341492
12.8823	0.0020291	0.000185704	182.072876
11.1396	0.00310958	0.00019506	242.532410
17.0636	0.00349978	0.000157557	189.427628
17.6832	0.0041149	0.000231667	193.885361
17.1395	0.00297955	0.00013855	189.253616
10.1708	0.004117	0.000211881	251.193954
19.1022	0.00350956	0.00014308	176.414215
15.8989	0.00486797	0.000221968	231.316101
17.0022	0.00303044	0.000235559	185.778427
12.5751	0.00446207	0.000240247	251.533859
16.1198	0.00293258	0.000163464	202.180542
18.7449	0.0022643	0.000197703	163.525070
16.0205	0.00394032	0.000131486	201.723465
19.1178	0.00269515	0.000174289	237.475372
19.3438	0.00268909	0.00014596	168.543137
15.0977	0.0022593	0.000213336	193.503571
16.4739	0.0048002	0.000182914	234.801041
10.7992	0.0022934	0.000247978	217.070969
15.6596	0.00206325	0.000221514	188.504898
10.2129	0.00207863	0.000132778	244.871674
15.878	0.00465921	0.000225924	210.559631
12.1706	0.00302397	0.00016997	286.115509
13.3231	0.00297088	0.000233282	210.837936
16.8506	0.00343576	0.000253537	190.081436
16.0742	0.00376371	0.000253057	183.584045
16.8884	0.00449729	0.000136334	269.439667
14.1945	0.00229528	0.000208961	208.827209
11.9295	0.00228265	0.000155778	202.231949
17.4661	0.00412929	0.000177343	186.903580
11.9079	0.00274333	0.000250265	221.464767
10.0413	0.00421965	0.000148293	282.268677
17.9968	0.00209443	0.000165106	167.789749
10.3694	0.00257338	0.000141708	285.686707
19.312	0.00309216	0.000236656	163.990921
17.9673	0.00200438	0.000161765	160.749588
14.0528	0.00262576	0.000147581	219.505768
19.4939	0.00472575	0.000152179	206.031723
18.2335	0.00423227	0.000247896	192.983444
17.1567	0.00479451	0.000237506	287.685791
13.0431	0.00315927	0.000196563	205.234024
17.4356	0.00421049	0.000130028	229.681473
19.8386	0.00255639	0.000184936	161.423553
16.3687	0.00469437	0.000144169	221.482178
13.8848	0.00452354	0.000211664	242.785614
11.3096	0.00216291	0.000242134	231.811768
10.0976	0.00445861	0.000226798	318.518921
17.7323	0.0041414	0.000130481	262.708588
15.2045	0.00343353	0.000259173	186.861298
14.9326	0.00247789	0.000156132	194.881622
15.6111	0.00247178	0.000170471	191.122009
19.8096	0.00217465	0.000238455	165.591537
11.8677	0.0049734	0.000145109	286.705475
15.5533	0.00245471	0.000154994	199.874207
18.7646	0.00282804	0.000172647	175.649307
14.4466	0.00253622	0.000233997	199.313889
17.7936	0.00416764	0.000175538	188.583221
11.1303	0.00342301	0.000256659	239.436966
18.8176	0.00263477	0.000159205	216.664291
15.4508	0.00430077	0.00023648	217.601990
14.0324	0.00378973	0.000151444	230.876114
11.5014	0.00269297	0.000167692	208.255417
12.0475	0.00227185	0.000194067	231.269257
18.5727	0.00499962	0.000227386	184.061340
13.3278	0.00479286	0.000231229	254.647949
17.071	0.00299507	0.000177173	175.618835
13.5247	0.00266338	0.000249173	204.791504
12.6324	0.00266797	0.000158734	223.313538
15.7209	0.00273955	0.00014253	211.745972
14.0906	0.00249016	0.000211745	232.009644
11.2921	0.00471454	0.000222847	277.589294
13.3561	0.00349476	0.000186825	227.354523
12.5366	0.00247201	0.000181055	246.040390
16.9936	0.0031155	0.00024919	175.499100
16.9014	0.00269358	0.000213639	182.632355
19.423	0.00461873	0.000222025	203.767761
10.1186	0.00396743	0.000201577	279.589600
16.225	0.00472589	0.000234922	256.275665
10.8142	0.00326186	0.000201862	251.374023
15.8539	0.00453368	0.000234016	197.254669
10.4637	0.00225993	0.000146203	252.552902
16.811	0.00354528	0.000198692	211.493576
11.1257	0.00207085	0.000167024	224.952744
10.2065	0.00339215	0.000211257	279.032745
14.85	0.00442536	0.000196989	215.587158
18.7534	0.00216767	0.000163449	163.212112
18.1709	0.0039064	0.000246502	196.229950
10.1151	0.00220069	0.000231012	203.706940
16.4567	0.0029094	0.000213347	194.437042
12.6592	0.00376608	0.00013897	228.031433
12.3686	0.00345206	0.000214019	232.368439
17.215	0.0048029	0.000201391	216.110580
18.5765	0.00450972	0.00014062	202.267166
10.0557	0.00351892	0.000159975	272.169525
18.4542	0.00291186	0.00025868	174.429718
16.3829	0.00295192	0.000160078	195.088608
18.1472	0.00328029	0.000199132	196.565964
16.2428	0.0049075	0.000222518	205.945724
11.0897	0.00466066	0.00020707	263.918274
17.0001	0.00410454	0.000141016	190.959015
18.3095	0.00424884	0.000166839	185.601089
12.9579	0.00330913	0.000157461	223.886810
18.2793	0.00275661	0.00019496	205.611572
16.728	0.00241206	0.00020192	169.375809
10.0922	0.00348757	0.000249041	288.749023
17.9793	0.00204394	0.000224736	164.473175
18.126	0.0037267	0.000158448	201.166672
17.9528	0.00302365	0.000202142	176.257614
19.3884	0.0025163	0.000238846	162.615295
16.7053	0.00479551	0.000233127	219.516235
16.9449	0.00397755	0.00017851	201.706650
11.3613	0.00285517	0.000244477	239.047256
15.5405	0.00404879	0.000252815	201.701935
12.9713	0.00276528	0.000130475	240.136032
15.9226	0.00316908	0.000241575	201.275253
16.9492	0.00359127	0.000169371	182.799408
19.5263	0.00305625	0.000187423	182.978027
11.0928	0.00431113	0.000246859	269.942596
14.3395	0.0034061	0.000181696	270.832764
12.2021	0.00210353	0.000243093	225.878525
18.3123	0.00212186	0.000168449	162.516373
13.2345	0.00498887	0.000162714	245.271133
19.9134	0.00326096	0.000238922	251.178314
18.7671	0.00248025	0.000138089	174.602570
17.9613	0.00236727	0.000224978	205.403854
19.0696	0.00241531	0.000169683	163.986786
19.8358	0.00394363	0.000233693	185.078873
10.6337	0.00337473	0.000213985	265.507904
18.5217	0.00443499	0.000253063	246.050781
17.8635	0.00367711	0.000177895	185.597153
13.9732	0.00347772	0.000196672	210.045914
18.7892	0.00286976	0.000200692	186.060028
11.3453	0.00250671	0.000145692	227.044388
10.7608	0.00397476	0.000247861	295.229126
10.0494	0.00253245	0.000202873	236.568649
16.4025	0.00347481	0.000177153	208.066910
11.5803	0.00383816	0.000222063	257.400909
10.8771	0.00384878	0.000190681	265.768707
14.942	0.00253681	0.000142287	212.245209
19.4197	0.0035666	0.000206752	183.361313
19.9586	0.00329757	0.000231958	162.854340
13.5841	0.00373293	0.000165414	295.059296
18.548	0.00465739	0.000178573	193.733322
15.2518	0.00276518	0.000259375	205.508789
12.1202	0.00422208	0.000179262	241.209335
18.9771	0.00265858	0.000198422	231.354401
17.7356	0.00270039	0.000159747	193.924072
19.6855	0.00292125	0.000137759	169.766174
16.3642	0.00434884	0.000218251	220.006973
12.7484	0.00406143	0.000164352	233.141479
14.4183	0.00261486	0.000144902	206.507477
13.5506	0.00494005	0.000193312	235.723694
13.5795	0.003789	0.000217448	287.505951
17.0469	0.00332384	0.000173028	170.070068
19.914	0.00319036	0.000219699	213.365829
18.6229	0.00482186	0.000234926	183.913483
12.5617	0.0025231	0.000175275	213.079849
14.6889	0.00328368	0.000145279	211.469742
14.8147	0.00259334	0.000218487	194.997620
16.2519	0.00318641	0.000252393	181.914276
18.7822	0.00280434	0.000200162	193.814835
19.3493	0.00351283	0.000246586	167.990280
12.7606	0.00270219	0.000130562	200.545868
17.7846	0.0031394	0.000187469	195.078369
14.2194	0.0029615	0.000156895	215.772736
11.3449	0.00468474	0.000155939	263.604309
15.1552	0.00423288	0.000206851	186.721115
14.5668	0.00429817	0.000161135	210.578033
10.5449	0.00388223	0.000134417	291.239258
13.938	0.00370639	0.000136834	224.133072
16.6299	0.00200063	0.000175894	177.739120
13.9693	0.00467856	0.00019985	240.285736
10.8339	0.00424245	0.000134228	322.369263
14.5178	0.00475951	0.000166365	219.819595
13.0355	0.00321368	0.00021987	219.537231
18.1596	0.00401545	0.000234221	186.329163
16.5923	0.00286627	0.000144273	185.176254
16.4341	0.00313312	0.000147942	192.052124
16.4731	0.00319994	0.000143083	245.014282
14.4749	0.00389659	0.000141072	243.526642
16.4829	0.00410536	0.000157963	253.436768
16.7799	0.0039364	0.000154018	192.470947
10.062	0.00256158	0.00023035	218.213928
14.2429	0.00425997	0.00013809	285.982300
11.9509	0.00435569	0.000142553	251.704178
11.1371	0.00334118	0.000132621	297.194580
10.9997	0.00396624	0.000161324	254.996841
18.6694	0.00259238	0.000230854	159.962891
16.6002	0.00425816	0.000248882	189.542130
19.6654	0.00224445	0.00021477	157.740875
16.7742	0.00328679	0.000179111	191.592346
16.1118	0.00295953	0.000196072	180.193512
14.9463	0.00350419	0.000244371	250.416122
12.5573	0.00355758	0.000186635	222.371780
15.9237	0.00472363	0.000208638	269.389404
11.2171	0.00494848	0.000188127	276.448486
19.8437	0.0048013	0.000229091	178.419830
10.9234	0.00306106	0.000132993	246.471649
19.6989	0.00424349	0.000244311	200.356689
17.9468	0.00247457	0.000251755	189.442764
17.3782	0.00220979	0.000219724	172.400024
19.6536	0.00438784	0.000166948	178.598099
11.3116	0.00309282	0.000143806	226.968216
17.4016	0.00340967	0.000178535	195.294052
11.8606	0.00203455	0.000212724	228.984818
16.5771	0.00387543	0.000257888	194.989258
11.907	0.00259249	0.000242604	215.881058
18.2839	0.00266673	0.00023474	172.197159
13.4006	0.00281042	0.000131609	231.512909
14.9089	0.00241952	0.000210381	193.335953
16.995	0.00440165	0.000154384	256.696716
17.9782	0.00468378	0.000210649	212.333130
19.5664	0.00489721	0.00014911	185.765991
16.5704	0.00311959	0.00022581	176.650558
17.7495	0.00298332	0.000234234	179.867111
16.8119	0.0047856	0.000210072	182.789749
10.5962	0.00398833	0.000193909	275.442413
17.6584	0.00206187	0.00016711	168.824203
18.7771	0.00407043	0.00022361	223.890610
17.2178	0.00262529	0.000239879	183.762131
19.0719	0.00435821	0.000152767	194.311768
18.4512	0.00206179	0.00019949	188.422623
12.4856	0.00418554	0.000186726	223.305786
12.8902	0.0042954	0.000219916	222.839844
15.4399	0.00250704	0.000167753	185.113113
12.2392	0.00242934	0.000222065	220.470016
12.6335	0.00333282	0.000170671	208.536041
16.6519	0.00470832	0.000138633	288.922485
10.6519	0.00492124	0.000257077	265.296783
15.5973	0.00461858	0.000176043	316.780243
13.9058	0.00396808	0.000251868	220.472733
18.7904	0.00410402	0.000216599	245.339142
17.7529	0.00445993	0.000171916	189.984421
15.7906	0.00458554	0.000248788	198.341202
15.5121	0.00469148	0.000152192	207.635849
18.1507	0.00430149	0.000239614	188.952377
17.5212	0.00442061	0.000163492	198.021042
10.5951	0.00492862	0.000252175	276.503632
15.9896	0.0049491	0.000229932	223.443451
13.4197	0.00201434	0.000145068	236.260132
19.0119	0.0031324	0.000166189	179.678360
18.9116	0.00432916	0.000144742	189.103607
19.6451	0.0026282	0.000195624	168.566681
11.4844	0.00311525	0.000220659	241.513474
14.1229	0.00268213	0.000174296	195.007996
11.57	0.00342732	0.000174914	238.923645
11.1672	0.00483648	0.000191199	360.695038
11.4371	0.00391214	0.000146202	256.994690
11.2557	0.00280063	0.000185243	246.172546
10.8413	0.00410859	0.000141518	265.228424
18.8833	0.00237543	0.000149401	230.891129
14.2064	0.00289498	0.000177375	211.734558
16.0904	0.00298186	0.000171524	240.125397
12.5724	0.00420436	0.000255423	237.449707
18.5672	0.00327357	0.000133438	193.447479
13.8579	0.00245999	0.000145833	229.471542
16.5569	0.00209976	0.000132194	183.772659
14.8269	0.00228827	0.000218176	194.973633
12.8023	0.00293118	0.000153846	235.325485
17.8339	0.00308389	0.000166594	169.492020
11.3337	0.0028391	0.000181253	238.630280
14.7273	0.00363785	0.000190324	249.581024
14.3227	0.00264858	0.000249238	191.945175
19.3746	0.00401168	0.000186007	191.745850
14.7727	0.00215202	0.000138837	194.326096
18.6812	0.00274057	0.000201456	175.096008
19.066	0.0027621	0.000253005	172.358917
12.8311	0.00264998	0.000144156	209.715668
16.3707	0.00383689	0.000256187	199.916565
11.1194	0.00464106	0.000206705	275.039948
11.7114	0.0038455	0.000197914	242.333801
18.6896	0.00476649	0.000139102	190.806580
19.9777	0.00251243	0.000241516	161.596603
19.4369	0.00319516	0.000204405	175.476334
13.5504	0.00386514	0.000159117	288.548279
10.8894	0.00248619	0.000197365	245.914612
19.7978	0.00350273	0.000145335	186.808762
17.2744	0.00281732	0.000245772	170.795319
18.3992	0.00295505	0.000257652	178.354996
16.8533	0.00292223	0.000136125	261.092529
18.5081	0.0043449	0.000248042	178.400482
16.4019	0.00436735	0.000241233	281.024384
16.4836	0.00429622	0.000156704	194.327087
18.6134	0.00484556	0.000254239	205.332932
17.1165	0.00428567	0.000168038	187.818863
15.2144	0.00214197	0.000133906	178.240601
15.8823	0.0021991	0.000176381	189.660706
18.8747	0.00434225	0.000202357	183.877502
14.7444	0.00246846	0.000195581	216.817917
12.4187	0.00424876	0.000169059	258.183777
13.5212	0.00351747	0.000204973	226.448196
11.1363	0.00463539	0.000132439	246.672424
19.7465	0.00387951	0.000168781	217.889725
14.8128	0.00427079	0.000218227	224.232056
14.293	0.00228101	0.000224271	184.973267
11.246	0.00444651	0.000177254	252.893845
17.1899	0.00419985	0.000200453	187.891678
12.089	0.00300172	0.000142406	223.381714
14.7004	0.00261335	0.000167655	243.085327
10.3472	0.00446946	0.00021558	279.791901
15.1881	0.00440046	0.000201445	207.776306
15.2884	0.00413631	0.000132028	199.406235
17.9019	0.00369411	0.000212559	200.079803
14.0694	0.0027564	0.000169969	208.762482
19.9853	0.00373548	0.000241964	173.792984
17.1141	0.002907	0.000197665	173.628632
11.728	0.00243314	0.000194073	232.197205
19.1043	0.00314882	0.000132556	215.330490
18.9097	0.00329719	0.000192349	165.634109
18.9016	0.00327903	0.000206729	175.305740
16.5882	0.0030445	0.000156338	241.148590
11.0142	0.00394418	0.00015771	316.531128
15.9515	0.00416507	0.000160665	200.031799
15.5105	0.00491568	0.00023208	299.113525
12.1709	0.00348812	0.000187589	269.753357
12.3638	0.00412569	0.00022995	255.739685
18.3234	0.00465639	0.000190548	193.501068
11.1733	0.00335816	0.000179234	242.489365
19.962	0.00380498	0.000208643	186.534958
17.2141	0.00220562	0.000222286	170.363510
19.5019	0.0024672	0.000215323	155.502106
19.5804	0.00207557	0.0001733	201.200317
17.3537	0.00390064	0.000190697	196.794510
18.3244	0.00237506	0.000237984	167.690979
18.5601	0.00232914	0.000145694	158.118698
16.6347	0.0039975	0.000206318	210.147797
17.0074	0.00370197	0.000205229	180.636307
18.855	0.00296767	0.00022379	175.072433
13.8616	0.00313685	0.000180257	195.332092
17.031	0.0043228	0.000181294	207.010300
11.1852	0.00277427	0.00019408	232.819611
17.108	0.00246809	0.000148096	174.666626
18.7694	0.0037759	0.000207547	179.428970
10.2686	0.00306708	0.000192087	263.908325
16.1822	0.00276989	0.000133218	185.074707
19.8858	0.00334424	0.000193674	210.590622
19.9461	0.00499854	0.000229856	190.727600
19.7162	0.00297448	0.0002238	163.672836
11.318	0.0043347	0.000239179	271.479004
19.3362	0.00412774	0.000154588	180.969559
12.1936	0.00227448	0.000248167	206.297272
12.7107	0.00208242	0.000167888	186.269577
18.0559	0.00218149	0.000217815	154.378220
10.3754	0.00209761	0.000145762	233.285583
11.5207	0.00247089	0.000156944	225.228409
12.7825	0.00231752	0.000248729	206.335220
14.0523	0.00447588	0.000137891	275.826172
18.4524	0.00316276	0.000165865	181.716934
18.6972	0.0035288	0.000256225	221.745163
18.4728	0.00453894	0.000169962	275.482544
14.8149	0.00302252	0.000235892	206.191086
17.6926	0.00487388	0.000240339	202.687088
13.7217	0.00376343	0.000153994	281.127289
15.7158	0.0027859	0.00025413	206.101135
19.2051	0.00226222	0.00016537	160.380890
11.663	0.00452359	0.00025521	284.521881
18.6132	0.00336572	0.000173201	239.377594
16.2464	0.00217217	0.000158957	197.523834
14.8968	0.0043712	0.000203837	217.879288
14.5108	0.00297503	0.000242077	211.679672
14.6947	0.00349527	0.000231465	195.632553
17.5933	0.00358604	0.000244871	181.043732
11.1644	0.00317987	0.0001494	248.410812
16.107	0.0045899	0.000249311	200.545334
12.1285	0.00274296	0.000143215	235.188904
12.7785	0.00355854	0.000165939	231.085510
10.6495	0.00384849	0.000217673	229.575638
14.9543	0.00449818	0.000140414	211.121368
16.0119	0.00338621	0.000171038	232.804199
16.3666	0.00457873	0.000154418	198.021042
13.5882	0.00384765	0.000142753	230.852264
19.7667	0.00247789	0.000207129	162.079529
14.206	0.00266458	0.000178711	201.708130
10.6929	0.00328838	0.000239987	274.580139
16.4988	0.00453272	0.000172324	186.860931
10.0001	0.00366886	0.000168394	274.230927
15.3459	0.0037703	0.000149095	191.501938
12.2402	0.00466915	0.000237059	248.704758
10.949	0.00306552	0.000149436	331.900452
14.7298	0.00343427	0.000175404	198.901733
12.4395	0.002355	0.000195431	216.053619
15.5438	0.00432852	0.000144612	270.643372
13.8063	0.00449819	0.000257324	227.705460
18.2041	0.0045588	0.000186619	180.575684
19.6279	0.0022972	0.000163225	156.619583
11.6539	0.00301139	0.000197584	281.915283
10.299	0.0039604	0.000203741	233.496170
15.3675	0.00386939	0.000160043	214.454727
13.0049	0.00212691	0.000228192	183.743774
10.341	0.00465652	0.00023243	268.653198
15.1056	0.0036762	0.000161724	210.575302
15.2944	0.0023568	0.000204315	182.709763
16.2432	0.0029948	0.000259053	180.628235
13.9492	0.00287396	0.00016101	194.730087
19.3239	0.00364985	0.000158588	186.632675
18.4061	0.00486795	0.000176809	190.022476
16.0604	0.00267549	0.0002157	200.281982
17.3221	0.00403938	0.000223887	257.652130
12.7163	0.00472065	0.000145712	257.122101
16.5503	0.00391611	0.000180301	209.494980
16.5728	0.00213283	0.000229254	167.024689
17.0723	0.00364961	0.000167139	203.267654
15.3097	0.00343798	0.000167299	237.549942
11.6055	0.00301761	0.000223647	222.915649
15.4987	0.00402703	0.000191076	202.656494
11.3702	0.00325245	0.000195761	308.494781
15.8362	0.00455478	0.000140338	217.651779
16.7037	0.00209069	0.000177839	182.398041
17.5558	0.00422151	0.000153501	193.067078
16.8256	0.00382713	0.000147187	182.920242
14.9672	0.00469569	0.000245313	314.383118
19.8329	0.00283152	0.000212302	159.666519
16.7555	0.00323318	0.000197364	204.317261
12.315	0.00243715	0.000195817	210.241867
14.0607	0.00362379	0.000222023	262.457001
13.849	0.0023959	0.000239331	199.296539
17.9598	0.00360893	0.000204644	172.348953
18.1169	0.00205766	0.00018804	165.752426
17.8067	0.00422019	0.000176045	181.348846
10.6408	0.00428606	0.000189581	272.630432
16.873	0.00436348	0.000254984	236.472672
12.0671	0.0034215	0.000227762	238.867996
13.9412	0.00290708	0.000237491	262.392029
14.813	0.0038197	0.000228927	218.312622
11.358	0.00223066	0.000140353	235.273178
13.7075	0.00293671	0.000259479	195.554916
17.2418	0.00418071	0.000251534	210.659592
11.3649	0.00221242	0.000184597	208.343201
17.998	0.00411466	0.00024284	203.656006
16.1163	0.00358593	0.000232468	186.474503
10.2617	0.00412785	0.000245823	292.109406
11.9168	0.00386545	0.000155748	287.996155
18.1494	0.00248603	0.000242551	161.038925
16.443	0.00387845	0.000236434	200.140793
17.5997	0.0027102	0.00015578	196.308975
13.7883	0.00245831	0.000135017	187.838211
16.0957	0.00295339	0.000146678	179.943771
16.1012	0.00376129	0.00020708	181.280945
15.3716	0.00423595	0.000156161	250.033646
14.925	0.00309499	0.00016746	190.920166
18.1577	0.00201162	0.000199287	196.908173
11.5415	0.00394935	0.000217674	241.166382
17.3591	0.00274794	0.000204074	163.076797
16.2274	0.00439427	0.000236421	202.205399
19.2655	0.00480368	0.000133431	183.089844
19.6193	0.00459977	0.000172636	176.619370
10.5197	0.00440723	0.000207167	250.988922
11.7826	0.00499275	0.000218596	279.887085
16.3295	0.00253197	0.000250095	212.414429
18.6562	0.00481814	0.000195404	196.063889
19.8776	0.00252602	0.000225973	166.431610
18.3538	0.00322654	0.000190548	188.943665
18.1306	0.0045639	0.000254477	204.251938
13.6379	0.00264403	0.000150809	202.200592
10.6537	0.00239083	0.000140987	209.309845
16.1583	0.0037212	0.000146567	189.324615
10.312	0.00388605	0.000135839	288.967865
12.0297	0.00296681	0.000210571	225.363800
16.1281	0.00282022	0.000163466	204.811630
14.5937	0.00434315	0.000232885	201.253677
18.7909	0.00221036	0.000151067	157.310577
14.6356	0.00280685	0.000206054	185.767899
18.6266	0.00315638	0.000165428	202.503677
11.339	0.0036926	0.000193768	246.616959
14.5328	0.00214834	0.000136405	177.520157
17.7253	0.00297081	0.000183672	171.657806
10.9159	0.00290945	0.000231627	238.186890
14.7628	0.00444793	0.0002325	205.794998
15.1266	0.0029976	0.000244544	181.511017
16.5149	0.00275273	0.000203984	187.987854
18.5771	0.00450712	0.000258724	215.439362
17.3064	0.0026815	0.000259204	177.395645
11.4591	0.00356002	0.00018103	255.963318
10.0497	0.00363631	0.000156238	273.855255
17.1816	0.00244164	0.000170012	181.003998
13.1548	0.00340871	0.000226891	253.537430
11.0466	0.00212978	0.000246905	181.394836
11.0025	0.00205753	0.000237224	186.079132
15.1961	0.00346746	0.000157564	218.434494
12.557	0.00292423	0.000208636	203.189285
18.3351	0.00431271	0.000162174	193.321121
13.7615	0.00354263	0.000213519	209.219955
11.2913	0.00391992	0.000221821	246.339752
16.3823	0.00309209	0.00020973	182.454742
15.4421	0.00479718	0.000221661	219.361511
15.0454	0.00433428	0.000140019	256.892914
17.9648	0.0030246	0.000205105	182.216690
13.5139	0.00294539	0.000176222	219.057755
18.8981	0.00343395	0.0002187	179.362000
13.8146	0.00306654	0.00019205	227.525757
15.6053	0.00409335	0.000146754	213.452988
18.0832	0.00305083	0.000229516	192.885590
18.1702	0.00304034	0.000147049	189.441788
15.4661	0.00460329	0.000228618	283.691620
13.3538	0.00382545	0.000183472	224.098511
17.3158	0.00458678	0.000176966	190.944580
11.0308	0.00470485	0.000196968	329.354675
16.5523	0.00245943	0.000166793	186.765472
14.5909	0.00343582	0.000150522	195.049881
15.1269	0.00489982	0.000222163	204.771896
14.977	0.00249027	0.000241466	184.432968
14.2545	0.00480849	0.000230369	222.989487
14.3026	0.00236269	0.000230909	206.363617
11.8503	0.00398402	0.000192228	285.103210
11.2161	0.00317475	0.000136215	252.831650
17.825	0.00318233	0.000248701	176.206650
19.8161	0.00248193	0.000180799	156.838013
11.2666	0.00366646	0.000211733	238.485214
14.6983	0.00480103	0.00019473	206.642853
15.5325	0.00432292	0.000249752	266.994324
16.2718	0.00362693	0.000249404	187.206192
10.6157	0.00483294	0.000214118	326.529633
11.7896	0.00454448	0.000196845	244.373016
18.4229	0.00251084	0.000134953	171.376953
15.9795	0.00305122	0.000225509	250.416214
13.6983	0.00361228	0.000216696	218.793518
11.9905	0.00442395	0.000222152	325.902893
11.1065	0.00409619	0.000190096	276.388000
13.3737	0.0043537	0.000206981	236.792175
12.6237	0.00348154	0.000164848	296.632507
15.8827	0.00289588	0.000242474	183.842880
15.2186	0.00359519	0.000143552	192.813904
16.6422	0.00416824	0.000132894	205.166443
19.4484	0.00271236	0.000233811	206.340469
11.2751	0.00393406	0.000133368	319.566284
15.2724	0.00449133	0.000194342	348.216187
19.3716	0.00333183	0.000219781	165.596008
14.1035	0.00476022	0.000257208	242.376205
10.2263	0.00287425	0.000150723	253.239777
19.9261	0.00223377	0.000240172	147.288605
19.2067	0.00306092	0.00019278	182.385208
13.2206	0.00258573	0.000138942	220.986588
11.7921	0.00264488	0.000205252	223.925156
11.7466	0.00390361	0.000172419	256.947723
15.8943	0.00409117	0.000237045	221.718918
15.0998	0.00209708	0.00025644	176.228485
11.1705	0.00223442	0.000154983	216.888351
18.2167	0.00498116	0.000130182	205.048431
14.6312	0.00427877	0.000151228	224.307343
14.0966	0.0045664	0.000195903	219.213287
15.6158	0.00295446	0.000194733	200.014664
11.0334	0.00398884	0.000246048	262.417908
12.1675	0.00435288	0.000245394	243.056931
12.0225	0.00417649	0.000149785	219.795685
10.2827	0.00344076	0.000190687	250.772217
17.6033	0.00289712	0.000144454	186.116653
17.0548	0.0049146	0.000225697	194.473541
13.5804	0.00424225	0.000165988	318.077820
18.4461	0.00285622	0.000141429	174.740189
13.8416	0.00362171	0.000150376	242.702896
14.7889	0.00393632	0.000133315	258.860199
10.0048	0.00214436	0.000159991	244.325592
12.1512	0.00419301	0.000252228	275.997528
13.1224	0.00383656	0.000201656	227.738922
13.2948	0.00444391	0.000189639	228.504013
13.9619	0.00367591	0.000173386	220.075256
14.1901	0.00306693	0.000241042	209.834396
15.9062	0.00453437	0.000219096	210.909348
12.0875	0.00214232	0.000152584	217.232254
11.6314	0.00315405	0.000238042	215.992401
12.1764	0.00354456	0.000202963	229.185715
19.6688	0.00387786	0.00013623	226.079056
12.209	0.00361813	0.000149075	246.913651
15.9836	0.00399466	0.000243592	205.582230
13.3767	0.0027889	0.000229217	209.988052
12.9621	0.00263905	0.000197157	212.524231
11.6539	0.0048603	0.000222709	261.960144
15.9334	0.0034878	0.000224811	228.346298
19.3738	0.00303242	0.00014377	164.529144
13.3706	0.0027488	0.000167904	231.306931
10.9613	0.00272652	0.000230611	214.756561
19.0135	0.00437601	0.000175263	231.359589
14.1035	0.00460191	0.000204567	242.911621
18.102	0.00234968	0.000190064	161.908157
11.0281	0.00448267	0.000176849	291.825653
18.5657	0.00240299	0.000196692	250.165421
16.0851	0.00311646	0.000149109	184.375504
14.2332	0.00426733	0.000240638	234.906448
11.386	0.00333522	0.000178124	340.033417
19.2837	0.00422633	0.000135586	188.390961
15.2212	0.00234083	0.000202614	172.611420
10.2294	0.00246965	0.000152951	236.315903
14.1743	0.00498187	0.000225496	249.901031
15.5027	0.00434182	0.000160513	213.064224
13.1587	0.00335496	0.000147556	218.645935
19.5931	0.00299072	0.000135202	166.327057
19.544	0.0036686	0.000180686	186.402740
18.9813	0.00465664	0.000138962	259.642181
11.1295	0.00404221	0.000201133	237.066605
11.5306	0.00217968	0.000190712	190.743423
19.7763	0.00293007	0.000188031	173.307419
16.0038	0.004428	0.000252742	199.591080
13.9047	0.00408313	0.000237662	215.082870
11.2009	0.00251391	0.000174398	240.167587
14.6101	0.0026423	0.000233721	199.538635
14.4375	0.00449445	0.000235353	229.101990
17.6387	0.00448147	0.000156229	294.321960
13.593	0.0020633	0.000187176	209.320663
10.5655	0.00324198	0.000244232	228.298920
15.7919	0.00454867	0.000142995	210.763351
16.044	0.00305321	0.00022604	185.013901
10.5375	0.00252346	0.000211923	231.923996
12.3356	0.00212933	0.000230759	205.420486
12.7586	0.00286852	0.000229081	192.297104
18.1993	0.00282808	0.000232509	190.158859
11.3997	0.00262433	0.000195797	218.857773
19.8317	0.00321138	0.000185109	201.996429
12.28	0.00348058	0.00016107	220.400314
18.7864	0.00227349	0.000227293	211.558655
12.7516	0.00200485	0.000194405	184.533936
10.0336	0.00238561	0.000207565	227.309479
10.7429	0.00422726	0.000167215	359.603790
19.5711	0.00439098	0.000192275	246.859695
19.246	0.00490769	0.000229696	224.492493
15.0691	0.00395201	0.000225286	222.506378
18.7956	0.00433787	0.000233924	217.534851
15.7303	0.00338776	0.000234996	214.619171
13.5228	0.00359929	0.000193158	222.939011
17.675	0.00226495	0.000187083	171.951797
14.4713	0.00230392	0.00017984	206.667084
11.7694	0.00344124	0.000195496	278.385284
16.3103	0.00394668	0.000246121	203.912170
19.5407	0.00496537	0.000190342	179.711014
18.8722	0.00487596	0.000246792	174.997131
15.0527	0.00214328	0.000183764	173.712753
15.7646	0.00242618	0.000231018	176.088684
12.8333	0.00200735	0.000142057	200.482666
16.5899	0.00358921	0.000148399	184.786316
18.1689	0.00434172	0.000151022	205.870453
13.6743	0.0046429	0.000155391	231.885147
13.8959	0.00391152	0.000145499	218.441879
16.9901	0.00431613	0.000251228	215.913101
10.2223	0.00323328	0.000238203	257.350128
15.7524	0.00357168	0.000166822	234.767731
16.7878	0.00415798	0.000139981	259.853424
18.6353	0.00202733	0.000249979	180.202118
13.1852	0.00234318	0.000228787	193.241302
11.0751	0.00330089	0.000143447	222.354080
19.2135	0.00425543	0.000158793	176.131302
14.9688	0.00388708	0.000256811	212.030746
15.0769	0.00466623	0.000219763	217.514572
17.3844	0.00445439	0.000189729	184.169815
13.4692	0.00491409	0.00018662	220.092392
19.4163	0.00396526	0.000236113	185.397141
19.6113	0.00483566	0.000212219	203.146591
15.1333	0.00209894	0.000251012	166.174057
12.0762	0.00450655	0.000224322	231.668961
15.2681	0.00414546	0.000159866	222.494034
13.6394	0.00416832	0.000205886	201.826035
12.3332	0.00406885	0.000147358	233.257446
19.3251	0.00429377	0.0001589	187.827728
17.0445	0.00391262	0.000250831	192.727356
12.4776	0.00232018	0.000199187	192.500397
12.7103	0.00295914	0.000131231	236.874008
15.9288	0.00362764	0.000195482	213.111481
15.2944	0.00388068	0.000244725	246.298523
15.854	0.00331021	0.00015306	176.579651
19.0474	0.00295152	0.00020931	207.267654
15.3466	0.00305273	0.000182008	198.997482
14.0118	0.00409105	0.000171425	261.604950
15.9042	0.00446224	0.000245248	207.549133
17.1684	0.00495913	0.000239653	208.997498
17.5173	0.00329657	0.000222442	192.950989
14.3833	0.00437086	0.000143702	297.380188
18.6341	0.00222141	0.00021871	180.570267
12.4965	0.00381524	0.000231958	236.335587
11.1647	0.00497006	0.000215922	278.645752
16.2738	0.00221999	0.000148299	187.602325
13.4303	0.00301999	0.000247214	221.359650
17.7857	0.00423525	0.00014945	212.490906
13.7173	0.00340116	0.000199169	222.891510
12.3767	0.00301749	0.000175873	219.726395
14.0356	0.00435601	0.000220223	287.250702
14.2725	0.00486828	0.000152183	241.526245
14.2247	0.00263595	0.000194692	183.792389
15.8049	0.00487381	0.000143995	276.264740
15.5241	0.00234997	0.000254386	204.254623
18.9773	0.0035327	0.00013913	172.333450
16.8133	0.00219795	0.000222479	185.589798
