60	0.621546	0.000203526
120	0.621534	0.000497639
180	0.621542	0.000795174
240	0.621564	0.00107287
300	0.621567	0.00133375
360	0.621589	0.0015742
420	0.621611	0.00180464
480	0.621623	0.00201622
540	0.621629	0.00218275
600	0.621632	0.00233108
660	0.621625	0.00246951
720	0.621616	0.00259455
780	0.621601	0.00270811
840	0.621567	0.00281263
900	0.62153	0.0029323
960	0.621507	0.00305311
1020	0.621501	0.00317751
1080	0.621492	0.00327394
1140	0.62148	0.00335512
1200	0.621466	0.00341653
1260	0.621456	0.0034681
1320	0.621438	0.00350137
1380	0.621436	0.0035259
1440	0.621429	0.00354941
1500	0.621429	0.00357039
1560	0.621436	0.00360761
1620	0.621451	0.00364464
1680	0.621479	0.00368944
1740	0.621487	0.00375863
1800	0.621471	0.00381425
1860	0.621448	0.00387435
1920	0.621425	0.00390575
1980	0.621409	0.00393599
2040	0.621393	0.00396815
2100	0.621375	0.00398333
2160	0.621372	0.00400365
2220	0.621377	0.00402343
2280	0.621375	0.00403102
2340	0.621375	0.00403088
2400	0.621377	0.00403955
2460	0.621372	0.0040438
2520	0.621384	0.00406216
2580	0.621403	0.00408644
2640	0.621431	0.00409196
2700	0.621461	0.00410793
2760	0.621475	0.00411526
2820	0.62146	0.00412965
2880	0.621441	0.00413724
2940	0.621411	0.0041369
3000	0.621374	0.0041143
3060	0.621345	0.00409792
3120	0.62131	0.0041009
3180	0.621295	0.00410785
3240	0.621296	0.00412369
3300	0.621298	0.00412965
3360	0.621303	0.00413781
3420	0.621314	0.00417193
3480	0.621301	0.00420866
3540	0.62129	0.00421222
3600	0.621279	0.00419914
3660	0.621265	0.00418629
3720	0.621241	0.0041579
3780	0.621236	0.0041497
3840	0.621259	0.00414054
3900	0.62127	0.00414205
3960	0.621269	0.00414682
4020	0.621251	0.00413501
4080	0.621254	0.00411921
4140	0.62126	0.00411792
4200	0.621272	0.004104
4260	0.621271	0.00407803
4320	0.621269	0.00405197
4380	0.621267	0.0040171
4440	0.621255	0.00398393
4500	0.621247	0.00397038
4560	0.621232	0.00397265
4620	0.62123	0.0039771
4680	0.621246	0.0039881
4740	0.621249	0.00399382
4800	0.621252	0.00400678
4860	0.621267	0.00402132
4920	0.621268	0.00404256
4980	0.621269	0.00405904
5040	0.621272	0.00407455
5100	0.621269	0.00408588
5160	0.62129	0.00410557
5220	0.621299	0.00411053
5280	0.621314	0.00410578
5340	0.621317	0.00408854
5400	0.621306	0.00409628
5460	0.621265	0.00413426
5520	0.621245	0.00417655
5580	0.621248	0.00421914
5640	0.62126	0.00424476
5700	0.621277	0.00423916
5760	0.621278	0.00423338
5820	0.621274	0.00421875
5880	0.621267	0.00420486
5940	0.621246	0.00419127
6000	0.621238	0.0041731
6060	0.621215	0.00416462
6120	0.621211	0.00415968
6180	0.621201	0.00414363
6240	0.621211	0.0041172
6300	0.621226	0.00410078
6360	0.621241	0.00410367
6420	0.621266	0.00412847
6480	0.621278	0.00414193
6540	0.621283	0.00413534
6600	0.621283	0.00413256
6660	0.621286	0.0041373
6720	0.621293	0.00413918
6780	0.62132	0.00416154
6840	0.621332	0.00417492
6900	0.621348	0.00417338
6960	0.621365	0.0041654
7020	0.621374	0.00415861
7080	0.621403	0.00413577
7140	0.621411	0.00412287
7200	0.621412	0.00412606
7260	0.621412	0.00412384
7320	0.621404	0.00413229
7380	0.621404	0.00411557
7440	0.621405	0.00410026
7500	0.621409	0.00408972
7560	0.621416	0.00408447
7620	0.62143	0.00407461
7680	0.621424	0.0040739
7740	0.621422	0.00407937
7800	0.621438	0.00410341
7860	0.621458	0.00411522
7920	0.621461	0.00413218
7980	0.621461	0.00417427
8040	0.621462	0.00422074
8100	0.621469	0.00426775
8160	0.621466	0.00430734
8220	0.621493	0.0043462
8280	0.62152	0.00437018
8340	0.621571	0.00437383
8400	0.62162	0.00436608
8460	0.621669	0.00434776
8520	0.621725	0.00433525
8580	0.621762	0.00432977
8640	0.621798	0.00433622
8700	0.621834	0.00435431
8760	0.621857	0.00436865
8820	0.621876	0.00436703
8880	0.62189	0.00436732
8940	0.621903	0.00437045
9000	0.62191	0.00437326
9060	0.621912	0.00436734
9120	0.621912	0.00437514
9180	0.621899	0.00438185
9240	0.621885	0.00438107
9300	0.621873	0.0043897
9360	0.621846	0.00439138
9420	0.621823	0.00438054
9480	0.621803	0.0043963
9540	0.621783	0.00442415
9600	0.621798	0.00443581
9660	0.621827	0.00442484
9720	0.621857	0.00440914
9780	0.621878	0.00438667
9840	0.621891	0.00437555
9900	0.621885	0.00435522
9960	0.621883	0.00434084
10020	0.621892	0.00431927
10080	0.621879	0.00431104
10140	0.621884	0.004287
10200	0.621902	0.0042706
10260	0.621905	0.00427133
10320	0.62192	0.00427422
10380	0.621929	0.00427076
10440	0.62194	0.00427368
10500	0.621948	0.00425504
10560	0.621962	0.00423519
10620	0.621975	0.00421993
10680	0.621986	0.00419795
10740	0.622004	0.00416676
10800	0.62201	0.00415472
10860	0.62199	0.00413181
10920	0.621973	0.00414321
10980	0.621967	0.00415367
11040	0.62196	0.00418873
11100	0.621956	0.00422426
11160	0.621947	0.00424336
11220	0.621944	0.00427421
11280	0.621956	0.00429908
11340	0.621964	0.00432284
11400	0.621983	0.00435741
11460	0.622	0.00441183
11520	0.622026	0.00446813
11580	0.622044	0.00452627
11640	0.622052	0.00456712
11700	0.622046	0.00457521
11760	0.622043	0.00456656
11820	0.622045	0.00455426
11880	0.622028	0.00453119
11940	0.622009	0.00451167
12000	0.621988	0.00448488
12060	0.621979	0.00444564
12120	0.621975	0.00438934
12180	0.621979	0.00433517
12240	0.621976	0.00431144
12300	0.621985	0.00430968
12360	0.621982	0.00431484
12420	0.621978	0.00433069
12480	0.621975	0.00433349
12540	0.621996	0.0043361
12600	0.622019	0.00432663
12660	0.622043	0.00431282
12720	0.622074	0.0042881
12780	0.622094	0.00425437
12840	0.622103	0.00422075
12900	0.622115	0.00418861
12960	0.622115	0.00417684
13020	0.622099	0.0041676
13080	0.622063	0.00414682
13140	0.622044	0.00413041
13200	0.622031	0.00411609
13260	0.622	0.00407201
13320	0.621964	0.00402034
13380	0.62196	0.00398496
13440	0.621957	0.00396124
13500	0.621936	0.00394852
13560	0.621933	0.00394209
13620	0.621913	0.00392682
13680	0.621908	0.0039223
13740	0.621908	0.00390191
13800	0.621919	0.00390608
13860	0.621926	0.00393411
13920	0.621931	0.00393084
13980	0.621941	0.00394292
14040	0.621949	0.00395613
14100	0.621928	0.00398265
14160	0.621901	0.004029
14220	0.621865	0.00407837
14280	0.621844	0.00411865
14340	0.621818	0.00411333
14400	0.621781	0.00411479
14460	0.621763	0.00412719
14520	0.621766	0.00413675
14580	0.621768	0.00415065
14640	0.621758	0.00415929
14700	0.62174	0.00416679
14760	0.621726	0.00418006
14820	0.621712	0.00419022
14880	0.621695	0.00420414
14940	0.621678	0.00421542
15000	0.62167	0.00421013
15060	0.621682	0.00421039
15120	0.621702	0.0042291
15180	0.621727	0.00425565
15240	0.621729	0.00429617
15300	0.621724	0.00433471
15360	0.6217	0.00436577
15420	0.621651	0.00437993
15480	0.621639	0.00438651
15540	0.621615	0.00440486
15600	0.621575	0.00443145
15660	0.621545	0.00443139
15720	0.621522	0.00443336
15780	0.621516	0.004416
15840	0.621511	0.00440548
15900	0.621496	0.00437414
15960	0.621455	0.0043411
16020	0.621409	0.00432057
16080	0.621376	0.00429506
16140	0.621356	0.00424488
16200	0.621347	0.00421321
16260	0.621363	0.00419684
16320	0.621372	0.00419783
16380	0.621369	0.00420189
16440	0.621363	0.00420462
16500	0.621337	0.00418975
16560	0.621308	0.00417598
16620	0.621295	0.0041732
16680	0.621296	0.00417514
16740	0.621268	0.00415127
16800	0.621256	0.00410582
16860	0.621247	0.00406661
16920	0.621246	0.00401896
16980	0.621253	0.00400167
17040	0.621236	0.00399878
17100	0.621225	0.00399292
17160	0.621228	0.00396767
17220	0.621251	0.00393631
17280	0.621272	0.00392406
17340	0.621292	0.00390464
17400	0.621315	0.00388257
17460	0.621349	0.00386137
17520	0.621367	0.00386309
17580	0.621386	0.00389399
17640	0.621408	0.00391557
17700	0.621417	0.00392755
17760	0.621428	0.00393555
17820	0.621433	0.00395321
17880	0.621461	0.00397407
17940	0.621474	0.00399361
18000	0.621504	0.00399574
18060	0.621538	0.00400556
18120	0.621573	0.00401152
18180	0.621589	0.00403132
18240	0.621598	0.00403049
18300	0.621589	0.00402321
18360	0.621594	0.00402606
18420	0.621607	0.00404304
18480	0.621624	0.00404972
18540	0.621628	0.00407864
18600	0.621651	0.00411138
18660	0.621655	0.00416612
18720	0.621663	0.00418783
18780	0.62167	0.00419731
18840	0.621656	0.00422674
18900	0.621647	0.00423696
18960	0.621626	0.00421989
19020	0.621614	0.0042107
19080	0.621602	0.00420504
19140	0.621612	0.00420299
19200	0.621635	0.00421333
19260	0.621656	0.00421726
19320	0.621686	0.00422105
19380	0.62172	0.00423869
19440	0.62176	0.00423721
19500	0.621777	0.00422506
19560	0.621764	0.00421878
19620	0.621744	0.00421369
19680	0.621735	0.00420027
19740	0.621728	0.00419282
19800	0.621715	0.00420994
19860	0.621699	0.00423829
19920	0.621689	0.0042519
19980	0.621702	0.00426943
20040	0.621732	0.00427506
20100	0.621756	0.00428478
20160	0.621771	0.00430522
20220	0.62178	0.0043127
20280	0.62177	0.00431812
20340	0.621768	0.00433498
20400	0.621755	0.00436513
20460	0.621747	0.00438995
20520	0.621737	0.0044296
20580	0.621719	0.00443726
20640	0.621703	0.00442756
20700	0.621693	0.00441882
20760	0.621696	0.00440668
20820	0.621693	0.004391
20880	0.621691	0.00440716
20940	0.621687	0.00442191
21000	0.621664	0.00441722
21060	0.621647	0.00441288
21120	0.621635	0.00442063
21180	0.621615	0.00444049
21240	0.621579	0.00446704
21300	0.621572	0.00448281
21360	0.62157	0.00450783
21420	0.621554	0.00452408
21480	0.621552	0.00453068
21540	0.62154	0.00453325
21600	0.621536	0.00455786
21660	0.621532	0.00456636
21720	0.621523	0.00458762
21780	0.621511	0.00459692
21840	0.621499	0.004592
21900	0.621481	0.00458783
21960	0.621448	0.00458596
22020	0.621407	0.0045893
22080	0.621371	0.00458593
22140	0.621343	0.00457987
22200	0.621326	0.00456483
22260	0.621331	0.00455815
22320	0.621316	0.00456516
22380	0.621315	0.00456277
22440	0.621338	0.00456311
22500	0.621372	0.00456881
22560	0.621387	0.00455271
22620	0.62139	0.00454757
22680	0.621397	0.00455127
22740	0.621412	0.0045628
22800	0.621434	0.0045673
22860	0.621461	0.00456041
22920	0.621479	0.00455286
22980	0.621495	0.00454328
23040	0.621505	0.00454201
23100	0.621511	0.0045359
23160	0.621491	0.00454509
23220	0.621475	0.00454619
23280	0.621463	0.0045313
23340	0.621463	0.00451653
23400	0.621466	0.00449333
23460	0.621468	0.00445786
23520	0.621471	0.00442727
23580	0.621475	0.00438925
23640	0.621488	0.00436038
23700	0.62151	0.00432907
23760	0.621529	0.00429427
23820	0.621543	0.00425695
23880	0.621558	0.0042096
23940	0.621562	0.00418104
24000	0.621559	0.00416338
24060	0.621555	0.0041492
24120	0.621562	0.00414948
24180	0.621565	0.00415729
24240	0.621579	0.00416176
24300	0.621589	0.00414773
24360	0.621588	0.00413045
24420	0.62162	0.00412894
24480	0.621634	0.0041084
24540	0.621649	0.00407005
24600	0.621652	0.0040321
24660	0.621643	0.00398437
24720	0.62163	0.00395311
24780	0.621642	0.00393395
24840	0.62164	0.0039158
24900	0.621625	0.00390607
24960	0.621633	0.00391455
25020	0.621645	0.00389876
25080	0.621659	0.0038798
25140	0.621662	0.00386251
25200	0.621676	0.00385427
25260	0.621697	0.00384789
25320	0.621697	0.0038491
25380	0.621703	0.0038581
25440	0.621708	0.00385942
25500	0.62171	0.00385469
25560	0.621705	0.00386714
25620	0.621685	0.00387484
25680	0.621673	0.00389242
25740	0.62166	0.00391929
25800	0.621642	0.00391681
25860	0.621636	0.00392204
25920	0.621629	0.00394109
25980	0.621614	0.00395943
26040	0.621596	0.00396256
26100	0.62159	0.0039538
26160	0.621583	0.00398253
26220	0.621568	0.00402293
26280	0.621585	0.0040545
26340	0.621616	0.00408082
26400	0.621643	0.00407884
26460	0.621661	0.00409238
26520	0.621661	0.00411408
26580	0.621641	0.00414321
26640	0.621632	0.00417557
26700	0.621612	0.00421727
26760	0.621592	0.0042548
26820	0.621581	0.00429432
26880	0.621576	0.00432647
26940	0.621599	0.00435411
27000	0.621626	0.00437214
27060	0.621667	0.00438715
27120	0.621727	0.00442314
27180	0.621796	0.00445404
27240	0.621818	0.00446089
27300	0.62181	0.00446375
27360	0.621816	0.00446513
27420	0.621808	0.00445937
27480	0.621805	0.00443587
27540	0.621819	0.0044007
27600	0.621817	0.00439059
27660	0.621807	0.00437506
27720	0.621799	0.00435953
27780	0.621792	0.00433876
27840	0.621779	0.00430449
27900	0.621756	0.00427811
27960	0.621718	0.00426227
28020	0.621675	0.00425906
28080	0.621632	0.0042631
28140	0.6216	0.00427087
28200	0.621583	0.00426791
28260	0.621576	0.00426995
28320	0.621573	0.00427473
28380	0.621594	0.00428428
28440	0.621635	0.00429905
28500	0.621676	0.00431511
28560	0.621701	0.0043171
28620	0.621714	0.00433393
28680	0.621721	0.00433784
28740	0.621739	0.00432701
28800	0.621764	0.00431487
28860	0.621767	0.00429179
28920	0.621756	0.00427244
28980	0.621762	0.00426804
29040	0.621753	0.00426605
29100	0.621757	0.00426113
29160	0.621763	0.00424942
29220	0.621773	0.00422819
29280	0.621784	0.00419279
29340	0.621786	0.0041633
29400	0.621789	0.00415144
29460	0.621822	0.00411534
29520	0.621839	0.00407223
29580	0.621833	0.00403181
29640	0.621814	0.0040006
29700	0.621782	0.00398346
29760	0.621765	0.0039855
29820	0.621761	0.00399535
29880	0.621749	0.00398414
29940	0.621733	0.00397695
30000	0.621708	0.00400192
30060	0.621697	0.00402607
30120	0.621679	0.00404044
30180	0.621669	0.00403177
30240	0.621649	0.00402125
30300	0.621624	0.00401691
30360	0.621596	0.00400884
30420	0.62156	0.00400917
30480	0.621542	0.0040129
30540	0.621553	0.00401456
30600	0.621537	0.00402401
30660	0.621511	0.00403333
30720	0.621479	0.00403531
30780	0.621452	0.00404228
30840	0.621439	0.00404946
30900	0.62143	0.00406627
30960	0.621434	0.00406622
31020	0.621459	0.00406082
31080	0.62147	0.00405887
31140	0.621471	0.00408754
31200	0.62149	0.00410409
31260	0.62151	0.00411123
31320	0.621518	0.00411769
31380	0.621512	0.00413481
31440	0.621488	0.00413936
31500	0.621467	0.00414282
31560	0.621455	0.00415664
31620	0.621421	0.00418162
31680	0.621387	0.00422124
31740	0.62139	0.00424975
31800	0.621403	0.00427561
31860	0.621415	0.00428912
31920	0.621431	0.00429795
31980	0.621439	0.00431671
32040	0.621435	0.00433672
32100	0.621407	0.00435262
32160	0.621389	0.00435555
32220	0.62139	0.00436948
32280	0.621401	0.00437861
32340	0.621419	0.00437929
32400	0.621426	0.00438969
32460	0.621426	0.0043903
32520	0.621431	0.0043909
32580	0.621422	0.00439422
32640	0.621403	0.00440315
32700	0.621395	0.00441422
32760	0.621368	0.00438784
32820	0.621343	0.00436452
32880	0.621334	0.00435585
32940	0.621348	0.00434704
33000	0.621371	0.00432798
33060	0.621388	0.00429144
33120	0.621402	0.00427893
33180	0.621425	0.00426937
33240	0.621429	0.00425739
33300	0.621431	0.00423943
33360	0.621441	0.004219
33420	0.621479	0.00420061
33480	0.621514	0.00418328
33540	0.621545	0.00417583
33600	0.621565	0.00417343
33660	0.621587	0.00415081
33720	0.621584	0.00412317
33780	0.621608	0.00410328
33840	0.621632	0.00406925
33900	0.621645	0.00403357
33960	0.621643	0.00395965
34020	0.621635	0.00390534
34080	0.621627	0.00387825
34140	0.621636	0.00387172
34200	0.621657	0.00389532
34260	0.621671	0.00393484
34320	0.621688	0.00396816
34380	0.621695	0.00397974
34440	0.621699	0.0039755
34500	0.621708	0.00396187
34560	0.621719	0.00396562
34620	0.621724	0.0039775
34680	0.621743	0.00399722
34740	0.621749	0.00400903
34800	0.621759	0.0040441
34860	0.621754	0.00406737
34920	0.62174	0.00408819
34980	0.621738	0.00409353
35040	0.621759	0.00408045
35100	0.621769	0.00406052
35160	0.621795	0.0040364
35220	0.621822	0.00402784
35280	0.621846	0.00402202
35340	0.62188	0.00403181
35400	0.621904	0.00403965
35460	0.621926	0.00405154
35520	0.621933	0.00408012
35580	0.621949	0.00412571
35640	0.621934	0.00416102
35700	0.621923	0.00417315
35760	0.621922	0.00418171
35820	0.621912	0.00418206
35880	0.621898	0.00418014
35940	0.621875	0.0041903
36000	0.621843	0.00421637
36060	0.62181	0.0042345
36120	0.621774	0.00423903
36180	0.621732	0.00424362
36240	0.621703	0.00426145
36300	0.621667	0.00426802
36360	0.621651	0.00428275
36420	0.62166	0.00429075
36480	0.621657	0.00429397
36540	0.621642	0.00428277
36600	0.621627	0.00426235
36660	0.62162	0.00422884
36720	0.621629	0.00418663
36780	0.621627	0.00415437
36840	0.62163	0.00411529
36900	0.621626	0.00408412
36960	0.621615	0.00406772
37020	0.621593	0.00407807
37080	0.621563	0.00410352
37140	0.621553	0.00413297
37200	0.621545	0.00415251
37260	0.621543	0.00417879
37320	0.621544	0.0041921
37380	0.621543	0.00419309
37440	0.621518	0.00420666
37500	0.621486	0.00422233
37560	0.621487	0.00423874
37620	0.621477	0.00422441
37680	0.62147	0.00420577
37740	0.621458	0.00417159
37800	0.621446	0.0041574
37860	0.621423	0.00415857
37920	0.621392	0.00415349
37980	0.621356	0.00417936
38040	0.621326	0.00420108
38100	0.621296	0.00422608
38160	0.62126	0.00425246
38220	0.621264	0.0042701
38280	0.62126	0.00428015
38340	0.621282	0.00429628
38400	0.621322	0.00430592
38460	0.62135	0.00431139
38520	0.62138	0.00431859
38580	0.621398	0.00430585
38640	0.621421	0.00429966
38700	0.62143	0.00429543
38760	0.621423	0.00425993
38820	0.621412	0.00423446
38880	0.62141	0.00421419
38940	0.621414	0.0042136
39000	0.62143	0.00420891
39060	0.621473	0.0042104
39120	0.621506	0.00421217
39180	0.621543	0.00421354
39240	0.621566	0.00420242
39300	0.621577	0.00418448
39360	0.621595	0.00417758
39420	0.621608	0.00417077
39480	0.621606	0.00416349
39540	0.621597	0.004171
39600	0.62158	0.0041797
39660	0.621572	0.00417031
39720	0.621582	0.00414746
39780	0.621595	0.0041484
39840	0.621629	0.00415798
39900	0.621649	0.00417454
39960	0.621676	0.00418386
40020	0.621702	0.00417432
40080	0.62172	0.00416545
40140	0.621728	0.00415991
40200	0.621742	0.00415234
40260	0.621739	0.00416391
40320	0.621723	0.00415572
40380	0.62168	0.00416596
40440	0.621623	0.00417329
40500	0.621593	0.00418473
40560	0.621564	0.00421534
40620	0.621543	0.00423427
40680	0.621534	0.00422958
40740	0.621516	0.00422423
40800	0.621517	0.00423847
40860	0.621536	0.00425255
40920	0.621573	0.00424303
40980	0.621612	0.0042262
41040	0.621636	0.00419502
41100	0.621636	0.0041695
41160	0.621626	0.0041541
41220	0.621622	0.00414425
41280	0.621627	0.0041432
41340	0.621633	0.00417263
41400	0.621623	0.00421133
41460	0.62159	0.00424825
41520	0.621569	0.004244
41580	0.621577	0.00423549
41640	0.621584	0.00421337
41700	0.621617	0.0041977
41760	0.621646	0.00419519
41820	0.621697	0.00419674
41880	0.621741	0.00419873
41940	0.621769	0.00423213
42000	0.621806	0.00426296
42060	0.621834	0.0042959
42120	0.621849	0.00432102
42180	0.621869	0.00433099
42240	0.621876	0.00433473
42300	0.621881	0.00431711
42360	0.621902	0.0043003
42420	0.621918	0.00427993
42480	0.621925	0.00428222
42540	0.621938	0.00427049
42600	0.621944	0.00424808
42660	0.62196	0.00423191
42720	0.621979	0.00421872
42780	0.621999	0.00418633
42840	0.622015	0.00413396
42900	0.622047	0.0040888
42960	0.622085	0.0040593
43020	0.622115	0.00403711
43080	0.62212	0.0040108
43140	0.622132	0.00401179
43200	0.622144	0.00402326
43260	0.622157	0.00403369
43320	0.622171	0.00404828
43380	0.622168	0.00407552
43440	0.622148	0.00409695
43500	0.622137	0.00409743
43560	0.622134	0.00412439
43620	0.622116	0.00415115
43680	0.622112	0.00417603
43740	0.622131	0.0042006
43800	0.622138	0.00421003
43860	0.622149	0.00423978
43920	0.622152	0.00425715
43980	0.622128	0.00426885
44040	0.6221	0.00428067
44100	0.622061	0.00428493
44160	0.622037	0.00429944
44220	0.622011	0.00429981
44280	0.621983	0.00431618
44340	0.621954	0.00433289
44400	0.621908	0.00434926
44460	0.621871	0.00435009
44520	0.621817	0.00436983
44580	0.62178	0.0043763
44640	0.621743	0.0043698
44700	0.621722	0.00435163
44760	0.621715	0.00433415
44820	0.621695	0.00432097
44880	0.621677	0.00430268
44940	0.621668	0.00432484
45000	0.621674	0.00435079
45060	0.62168	0.00438072
45120	0.62169	0.00440944
45180	0.621687	0.00441722
45240	0.621696	0.00441967
45300	0.621695	0.00440453
45360	0.621706	0.00439124
45420	0.621726	0.00437202
45480	0.621726	0.00435563
45540	0.621742	0.00433981
45600	0.621762	0.00432909
45660	0.621759	0.00430942
45720	0.621753	0.00427021
45780	0.621755	0.00423018
45840	0.621768	0.00418714
45900	0.621774	0.00416915
45960	0.621752	0.00416645
46020	0.621737	0.00416286
46080	0.62173	0.00415599
46140	0.621708	0.00415181
46200	0.62167	0.00414098
46260	0.621614	0.00413775
46320	0.62158	0.00413886
46380	0.621532	0.00416883
46440	0.621504	0.0041745
46500	0.621491	0.00416728
46560	0.621484	0.0041741
46620	0.62148	0.00419711
46680	0.621521	0.00421321
46740	0.621566	0.00420833
46800	0.621592	0.00419572
46860	0.621598	0.00418654
46920	0.621593	0.00419715
46980	0.621566	0.0042005
47040	0.621545	0.00418672
47100	0.621533	0.00418224
47160	0.621522	0.00416015
47220	0.621532	0.00413811
47280	0.621546	0.00411836
47340	0.621549	0.00411443
47400	0.621565	0.00413018
47460	0.621594	0.00415673
47520	0.621612	0.00415723
47580	0.621606	0.00418056
47640	0.621595	0.00420753
47700	0.621598	0.0042339
47760	0.621594	0.00426494
47820	0.621594	0.00427141
47880	0.621593	0.00425853
47940	0.621582	0.00424787
48000	0.621562	0.00422301
48060	0.621538	0.00421236
48120	0.621543	0.00420733
48180	0.621535	0.00419561
48240	0.621533	0.00420236
48300	0.621504	0.00422112
48360	0.621487	0.00424171
48420	0.621487	0.00426414
48480	0.621493	0.00428226
48540	0.621505	0.0042882
48600	0.62154	0.00428499
48660	0.621557	0.00427163
48720	0.621592	0.00422887
48780	0.621624	0.00418273
48840	0.621644	0.00417649
48900	0.621644	0.00417727
48960	0.621643	0.00418163
49020	0.62163	0.0041799
49080	0.621615	0.00417597
49140	0.621585	0.00415197
49200	0.621583	0.00412141
49260	0.621571	0.00407556
49320	0.621581	0.00403969
49380	0.621591	0.00400141
49440	0.621584	0.00393975
49500	0.621568	0.00388359
49560	0.62155	0.00385323
49620	0.62153	0.00383808
49680	0.621514	0.00383723
49740	0.621521	0.00384533
49800	0.621543	0.00387694
49860	0.62155	0.00391712
49920	0.621544	0.00393153
49980	0.621535	0.00395275
50040	0.621518	0.00399538
50100	0.62151	0.00403089
50160	0.62151	0.00406616
50220	0.621511	0.00408003
50280	0.62152	0.00410817
50340	0.621534	0.0041267
50400	0.621553	0.00413741
50460	0.621572	0.00414322
50520	0.621585	0.00412833
50580	0.621605	0.00413279
50640	0.621627	0.00414841
50700	0.621643	0.00416958
50760	0.621639	0.00418147
50820	0.621637	0.00418974
50880	0.621629	0.00420445
50940	0.621617	0.00423526
51000	0.621624	0.00426232
51060	0.621644	0.00428935
51120	0.621649	0.00430592
51180	0.621657	0.00431022
51240	0.621675	0.00429491
51300	0.621678	0.00427576
51360	0.621674	0.00424752
51420	0.621692	0.00423323
51480	0.621703	0.00421382
51540	0.621706	0.00420482
51600	0.621719	0.00419905
51660	0.621733	0.00420433
51720	0.621756	0.00421735
51780	0.62177	0.0042543
51840	0.62178	0.004278
51900	0.621775	0.00431489
51960	0.62178	0.00433413
52020	0.621786	0.00431465
52080	0.621778	0.00428716
52140	0.621759	0.00426243
52200	0.62176	0.00424656
52260	0.621752	0.00422784
52320	0.62176	0.00423318
52380	0.621754	0.0042436
52440	0.62176	0.00424451
52500	0.62176	0.00426625
52560	0.621766	0.00428653
52620	0.621756	0.00428611
52680	0.621738	0.00428337
52740	0.621708	0.00425331
52800	0.621679	0.00419978
52860	0.621648	0.00415192
52920	0.621635	0.00412256
52980	0.621651	0.00408676
53040	0.62168	0.00406611
53100	0.621696	0.00406576
53160	0.621706	0.00408061
53220	0.621709	0.00409899
53280	0.621698	0.0040922
53340	0.621692	0.00408392
53400	0.621687	0.00407914
53460	0.621655	0.00407994
53520	0.621609	0.00410678
53580	0.621591	0.00412071
53640	0.621582	0.0041304
53700	0.621574	0.00414089
53760	0.62157	0.0041578
53820	0.621555	0.00417363
53880	0.621536	0.00420607
53940	0.621522	0.00420313
54000	0.621513	0.00420019
54060	0.621498	0.00418076
54120	0.621484	0.00416212
54180	0.621473	0.00415129
54240	0.621468	0.00414214
54300	0.621476	0.00413456
54360	0.621473	0.00413002
54420	0.62146	0.00413019
54480	0.62145	0.00413643
54540	0.621441	0.00415241
54600	0.621428	0.00417354
54660	0.62142	0.00418298
54720	0.621387	0.00418019
54780	0.621366	0.00416721
54840	0.621353	0.00413568
54900	0.621335	0.00412467
54960	0.621311	0.00410481
55020	0.62129	0.00408711
55080	0.621286	0.00407429
55140	0.621276	0.00408252
55200	0.621265	0.00409861
55260	0.621263	0.00410695
55320	0.621268	0.00412224
55380	0.621263	0.00414764
55440	0.621273	0.00416003
55500	0.621273	0.00415511
55560	0.621282	0.00416811
55620	0.621285	0.00418
55680	0.621271	0.00417537
55740	0.621269	0.00416581
55800	0.621246	0.00415638
55860	0.621226	0.00414065
55920	0.621201	0.00413384
55980	0.621155	0.00414119
56040	0.621104	0.0041676
56100	0.621056	0.00418572
56160	0.621026	0.0041931
56220	0.62101	0.00419675
56280	0.620998	0.00420427
56340	0.621001	0.00422967
56400	0.621011	0.00424748
56460	0.621031	0.00425067
56520	0.621062	0.00425755
56580	0.6211	0.00425756
56640	0.621143	0.00426641
56700	0.621169	0.00428283
56760	0.621192	0.00431719
56820	0.621196	0.00433098
56880	0.621232	0.00433337
56940	0.621267	0.00431995
57000	0.621289	0.00429447
57060	0.621302	0.00427748
57120	0.621302	0.00426007
57180	0.621308	0.0042416
57240	0.621329	0.00422906
57300	0.621334	0.00422698
57360	0.621331	0.00423365
57420	0.621345	0.00423328
57480	0.621356	0.00422909
57540	0.621384	0.00422108
57600	0.621433	0.00421935
57660	0.621473	0.00422281
57720	0.621502	0.00422551
57780	0.621524	0.00422475
57840	0.62154	0.00422042
57900	0.621546	0.00421236
57960	0.621543	0.00420291
58020	0.621547	0.00421042
58080	0.621567	0.00420899
58140	0.621595	0.0042027
58200	0.621607	0.00419445
58260	0.621609	0.00418146
58320	0.621638	0.00416393
58380	0.621645	0.004179
58440	0.621626	0.00418691
58500	0.621619	0.00419176
58560	0.621606	0.00421078
58620	0.621583	0.00422056
58680	0.621555	0.00422244
58740	0.621536	0.00422915
58800	0.621531	0.00422314
58860	0.621536	0.00422922
58920	0.621557	0.00425729
58980	0.621574	0.00427309
59040	0.621598	0.00427902
59100	0.621613	0.00428469
59160	0.621618	0.00430519
59220	0.62162	0.00433362
59280	0.621621	0.0043341
59340	0.621615	0.00433181
59400	0.621573	0.00432396
59460	0.621554	0.0043106
59520	0.621534	0.00430072
59580	0.621531	0.00429325
59640	0.621521	0.00430533
59700	0.621513	0.00430426
59760	0.621511	0.00427634
59820	0.621518	0.0042518
59880	0.621532	0.00423809
59940	0.621537	0.00424842
60000	0.621544	0.00427774
60060	0.621545	0.00429555
60120	0.621548	0.00430907
60180	0.621562	0.0043175
60240	0.621566	0.00430084
60300	0.621563	0.00427924
60360	0.621561	0.0042534
60420	0.621542	0.00422116
60480	0.621543	0.00422139
60540	0.621547	0.00422433
60600	0.621566	0.00422031
60660	0.621571	0.00423536
60720	0.621572	0.00426
60780	0.621606	0.0042918
60840	0.621691	0.00431332
60900	0.621756	0.00433738
60960	0.621805	0.00435453
61020	0.621864	0.00437336
61080	0.621908	0.00436932
61140	0.621958	0.00434811
61200	0.621994	0.00434971
61260	0.622012	0.0043498
61320	0.62202	0.00436851
61380	0.622007	0.00436988
61440	0.622016	0.00437737
61500	0.622018	0.00439781
61560	0.622003	0.00442172
61620	0.621981	0.00441407
61680	0.621931	0.00439596
61740	0.621901	0.00438881
61800	0.62186	0.00437642
61860	0.621818	0.00436548
61920	0.621768	0.00436295
61980	0.62174	0.00436035
62040	0.621712	0.0043666
62100	0.62171	0.0043733
62160	0.621718	0.00439245
62220	0.621717	0.00441637
62280	0.62171	0.00442045
62340	0.62169	0.00442886
62400	0.621678	0.0044449
62460	0.621673	0.00444291
62520	0.62167	0.00444596
62580	0.621649	0.00443923
62640	0.621634	0.0044558
62700	0.621622	0.00447151
62760	0.621609	0.00448224
62820	0.621593	0.0044816
62880	0.621582	0.00446865
62940	0.621565	0.00446742
63000	0.621557	0.00445032
63060	0.621545	0.00444002
63120	0.621535	0.0044209
63180	0.621517	0.00440026
63240	0.621533	0.00439357
63300	0.621558	0.00438992
63360	0.621588	0.00438313
63420	0.621612	0.00440011
63480	0.621641	0.00440475
63540	0.621661	0.00441275
63600	0.621668	0.00443554
63660	0.621684	0.00445508
63720	0.621695	0.00446473
63780	0.621684	0.00448225
63840	0.621665	0.00450782
63900	0.621649	0.00451013
63960	0.621644	0.00449021
64020	0.62165	0.00447824
64080	0.621667	0.00448025
64140	0.621692	0.00449078
64200	0.621709	0.00448192
64260	0.62172	0.00447157
64320	0.621713	0.00447242
64380	0.621694	0.00446688
64440	0.621682	0.00446706
64500	0.621679	0.0044777
64560	0.621691	0.00446403
64620	0.621723	0.00444254
64680	0.621745	0.00441544
64740	0.621763	0.00440276
64800	0.621777	0.00437072
64860	0.621784	0.00433965
64920	0.621781	0.00431049
64980	0.62179	0.00428872
65040	0.621791	0.00428009
65100	0.621802	0.00426185
65160	0.621815	0.00425168
65220	0.621807	0.00428729
65280	0.621806	0.00431496
65340	0.621805	0.00433832
65400	0.621804	0.00437025
65460	0.621793	0.00440874
65520	0.621774	0.00443844
65580	0.621764	0.00447182
65640	0.621749	0.00451485
65700	0.621744	0.00454604
65760	0.6217	0.0045598
65820	0.621656	0.00455613
65880	0.621623	0.00456114
65940	0.621579	0.00454345
66000	0.621552	0.00452505
66060	0.621558	0.004494
66120	0.621554	0.00445602
66180	0.621539	0.00444315
66240	0.621545	0.00444038
66300	0.621556	0.00444664
66360	0.621566	0.00444824
66420	0.621578	0.00442687
66480	0.621607	0.00439567
66540	0.621642	0.00435279
66600	0.621688	0.00432156
66660	0.621744	0.00428975
66720	0.621783	0.00426271
66780	0.621807	0.00422839
66840	0.621837	0.00422142
66900	0.621858	0.00421253
66960	0.621875	0.00422925
67020	0.621906	0.00423282
67080	0.621901	0.00424444
67140	0.621889	0.00424823
67200	0.621869	0.00423186
67260	0.621836	0.00422248
67320	0.621818	0.00422212
67380	0.621813	0.00423286
67440	0.621801	0.0042561
67500	0.621787	0.00427579
67560	0.621755	0.00429016
67620	0.621736	0.00429263
67680	0.62172	0.00429815
67740	0.621692	0.00429548
67800	0.621694	0.00429669
67860	0.621723	0.00429551
67920	0.621732	0.00429118
67980	0.621751	0.00427583
68040	0.621757	0.00424852
68100	0.621757	0.00421019
68160	0.621758	0.00418015
68220	0.621754	0.00415673
68280	0.621761	0.00412725
68340	0.621769	0.00410988
68400	0.621793	0.00408904
68460	0.621809	0.0040734
68520	0.621822	0.00405476
68580	0.621835	0.00403491
68640	0.621838	0.00402521
68700	0.621834	0.00400606
68760	0.621838	0.00397065
68820	0.621835	0.00394221
68880	0.621827	0.00390975
68940	0.621824	0.00389159
69000	0.621817	0.00388547
69060	0.621814	0.00386558
69120	0.621817	0.00387551
69180	0.621849	0.00387381
69240	0.621856	0.00389533
69300	0.621858	0.00392739
69360	0.621864	0.00394156
69420	0.621866	0.00394815
69480	0.621866	0.00393753
69540	0.621873	0.00391667
69600	0.621866	0.00389904
69660	0.621868	0.00387703
69720	0.621859	0.00386931
69780	0.621874	0.0038635
69840	0.621886	0.00385133
69900	0.621894	0.00387644
69960	0.621901	0.00390915
70020	0.621895	0.00393471
70080	0.621877	0.00394432
70140	0.621867	0.00394467
70200	0.621854	0.00395598
70260	0.62187	0.0039792
70320	0.621887	0.00399022
70380	0.62189	0.00399142
70440	0.621864	0.00403782
70500	0.621835	0.00408546
70560	0.621835	0.00412692
70620	0.621831	0.00414741
70680	0.621827	0.00417955
70740	0.621808	0.00420232
70800	0.621809	0.00423057
70860	0.621821	0.00425013
70920	0.621824	0.00425189
70980	0.621812	0.00427226
71040	0.621802	0.00428161
71100	0.62178	0.00427786
71160	0.621758	0.00426222
71220	0.621748	0.00422294
71280	0.621736	0.00418917
71340	0.621706	0.00414842
71400	0.621709	0.0041304
71460	0.621723	0.0041102
71520	0.621716	0.00407926
71580	0.621714	0.00404115
71640	0.621698	0.00401364
71700	0.6217	0.00400879
71760	0.621715	0.00400019
71820	0.621731	0.00398352
71880	0.621751	0.00397429
71940	0.621754	0.0039381
72000	0.621744	0.00390863
72060	0.621746	0.00391398
72120	0.621736	0.00392117
72180	0.621734	0.00392647
72240	0.621725	0.00392967
72300	0.621702	0.00393405
72360	0.621675	0.00393624
72420	0.621653	0.00392468
72480	0.62164	0.00392089
72540	0.621624	0.00391679
72600	0.621628	0.00389088
72660	0.621627	0.00388029
72720	0.621633	0.00387432
72780	0.621623	0.0038767
72840	0.621593	0.00388319
72900	0.621575	0.00390209
72960	0.62156	0.00392304
73020	0.621559	0.00394473
73080	0.621557	0.00393777
73140	0.62155	0.00392294
73200	0.621525	0.00391701
73260	0.621521	0.00391709
73320	0.621531	0.00393663
73380	0.621508	0.00395477
73440	0.621474	0.00398643
73500	0.621474	0.00401404
73560	0.621494	0.00405115
73620	0.621498	0.00409136
73680	0.621499	0.0041271
73740	0.621513	0.00416791
73800	0.621527	0.00422503
73860	0.621548	0.00427046
73920	0.621574	0.00429777
73980	0.621615	0.00432579
74040	0.62166	0.00433026
74100	0.621681	0.00432307
74160	0.621718	0.00433012
74220	0.621743	0.00433318
74280	0.621755	0.00431862
74340	0.62177	0.00431246
74400	0.621787	0.00428125
74460	0.621774	0.0042693
74520	0.621742	0.00426147
74580	0.621694	0.00426268
74640	0.621659	0.0042551
74700	0.62164	0.00424666
74760	0.621647	0.00423639
74820	0.62167	0.00422254
74880	0.621684	0.00421494
74940	0.621679	0.00419997
75000	0.6217	0.00418129
75060	0.621714	0.00417034
75120	0.621721	0.00417422
75180	0.621725	0.00419384
75240	0.621723	0.00419723
75300	0.621714	0.0041894
75360	0.621692	0.00417176
75420	0.621662	0.00416574
75480	0.621635	0.00418886
75540	0.621626	0.00420673
75600	0.621622	0.00424213
75660	0.621635	0.00426093
75720	0.62166	0.00425731
75780	0.621696	0.00424922
75840	0.621701	0.00424391
75900	0.621701	0.00424442
75960	0.621702	0.00424002
76020	0.621699	0.00422987
76080	0.621663	0.00422187
76140	0.621636	0.00421714
76200	0.621605	0.00420363
76260	0.621581	0.00418665
76320	0.621566	0.00416924
76380	0.621564	0.00415368
76440	0.62156	0.00412599
76500	0.621557	0.00411571
76560	0.621546	0.00410828
76620	0.621534	0.00410397
76680	0.621497	0.00411198
76740	0.621472	0.00412346
76800	0.621458	0.00412446
76860	0.621446	0.00412568
76920	0.621446	0.00410843
76980	0.621473	0.00409935
77040	0.621507	0.0040895
77100	0.621538	0.00407162
77160	0.621559	0.00405914
77220	0.621581	0.00404403
77280	0.621583	0.00404578
77340	0.621582	0.00407687
77400	0.62158	0.0041137
77460	0.62157	0.00414771
77520	0.621548	0.00416329
77580	0.621537	0.00418317
77640	0.621531	0.00421171
77700	0.621543	0.00424999
77760	0.621562	0.00429128
77820	0.621559	0.00431986
77880	0.621557	0.00432677
77940	0.621551	0.00431487
78000	0.621539	0.00429062
78060	0.621537	0.00428492
78120	0.621529	0.00430013
78180	0.621513	0.00429764
78240	0.621486	0.00428799
78300	0.62147	0.00428465
78360	0.621459	0.00427707
78420	0.621436	0.0042871
78480	0.621409	0.00429118
78540	0.621376	0.00430611
78600	0.621354	0.00433152
78660	0.621333	0.00433229
78720	0.621291	0.00430906
78780	0.621266	0.00429515
78840	0.621246	0.00428916
78900	0.621242	0.0043106
78960	0.621266	0.00431214
79020	0.621291	0.00432668
79080	0.621317	0.00435674
79140	0.621333	0.00437644
79200	0.621351	0.00438202
79260	0.621374	0.00437983
79320	0.621411	0.00436411
79380	0.621436	0.00432619
79440	0.621456	0.00429052
79500	0.621454	0.00427504
79560	0.62145	0.0042484
79620	0.621425	0.00422627
79680	0.621392	0.00422438
79740	0.62137	0.00421392
79800	0.62136	0.00420337
79860	0.621346	0.00418268
79920	0.621329	0.00416697
79980	0.621313	0.00417857
80040	0.621317	0.00418586
80100	0.621319	0.00420883
80160	0.621315	0.00423717
80220	0.621317	0.0042524
80280	0.621316	0.00428667
80340	0.621323	0.00431663
80400	0.621342	0.00435478
80460	0.621372	0.00437403
80520	0.621408	0.00438425
80580	0.621448	0.00439004
80640	0.621483	0.00437119
80700	0.621528	0.00434951
80760	0.621573	0.0043431
80820	0.621613	0.00432216
80880	0.62164	0.00429519
80940	0.621668	0.00427765
81000	0.621679	0.00427049
81060	0.621673	0.00426308
81120	0.621698	0.00426839
81180	0.621717	0.00427235
81240	0.621741	0.0042839
81300	0.62175	0.00430029
81360	0.621747	0.00431023
81420	0.621736	0.00431135
81480	0.621723	0.0043158
81540	0.621708	0.004345
81600	0.621692	0.00438753
81660	0.621678	0.00439814
81720	0.621666	0.00439828
81780	0.621672	0.00441016
81840	0.621689	0.00443911
81900	0.621708	0.00446897
81960	0.621758	0.00450466
82020	0.621798	0.00452317
82080	0.621831	0.00452242
82140	0.621849	0.00450931
82200	0.621875	0.00449848
82260	0.621903	0.00448533
82320	0.621935	0.00448284
82380	0.62197	0.0044691
82440	0.621994	0.00445478
82500	0.62201	0.00444694
82560	0.62202	0.00443563
82620	0.622016	0.0044215
82680	0.622019	0.00441219
82740	0.622014	0.00438926
82800	0.62201	0.0043736
82860	0.621993	0.00435909
82920	0.621968	0.00433202
82980	0.621948	0.00430075
83040	0.62193	0.00426395
83100	0.621908	0.00422204
83160	0.62187	0.00419189
83220	0.621826	0.00418122
83280	0.621787	0.00417157
83340	0.621775	0.00416322
83400	0.621764	0.0041545
83460	0.62175	0.00415659
83520	0.621737	0.00416424
83580	0.621711	0.00417223
83640	0.621682	0.00419345
83700	0.621658	0.0041979
83760	0.621644	0.00420704
83820	0.621632	0.00421623
83880	0.621629	0.00422695
83940	0.621619	0.00424161
84000	0.621599	0.00425151
84060	0.621588	0.00426477
84120	0.621593	0.00427538
84180	0.621596	0.00426517
84240	0.62159	0.00422295
84300	0.621597	0.00416835
84360	0.621613	0.00411448
84420	0.621641	0.00407968
84480	0.621638	0.00406518
84540	0.621617	0.00403989
84600	0.621622	0.00404022
84660	0.621624	0.00404409
84720	0.621629	0.00404678
84780	0.621621	0.00405444
84840	0.62161	0.00405971
84900	0.621618	0.00404862
84960	0.621632	0.00405057
85020	0.621644	0.00406079
85080	0.621674	0.00407448
85140	0.621688	0.00408824
85200	0.621693	0.00410832
85260	0.621688	0.00412368
85320	0.621683	0.00412221
85380	0.621671	0.00412353
85440	0.621662	0.0041365
85500	0.621656	0.00415401
85560	0.621653	0.00416846
85620	0.621663	0.00418066
85680	0.621668	0.00419419
85740	0.621663	0.00420467
85800	0.621659	0.00422517
85860	0.621668	0.00423129
85920	0.621648	0.00423945
85980	0.621641	0.00424177
86040	0.621653	0.0042284
86100	0.621674	0.00421459
86160	0.621676	0.00418426
86220	0.621675	0.00417644
86280	0.621678	0.00417087
86340	0.62168	0.00416108
86400	0.621672	0.00415489
86460	0.621657	0.00416769
86520	0.621637	0.00418561
86580	0.621621	0.00420569
86640	0.621606	0.0042179
86700	0.621582	0.00422906
86760	0.621562	0.00422118
86820	0.62156	0.00419084
86880	0.621557	0.00414559
86940	0.621583	0.00411433
87000	0.621606	0.00411199
87060	0.621627	0.00410272
87120	0.621646	0.00407477
87180	0.621652	0.00405228
87240	0.621656	0.00404951
87300	0.621664	0.00406294
87360	0.62166	0.00408182
87420	0.621638	0.00409515
87480	0.621618	0.00410116
87540	0.621602	0.00411876
87600	0.621576	0.00411957
87660	0.621555	0.00410315
87720	0.621529	0.00408318
87780	0.621493	0.00408579
87840	0.621453	0.00407799
87900	0.621439	0.00408943
87960	0.621438	0.0040889
88020	0.621419	0.00406754
88080	0.621405	0.00404965
88140	0.621382	0.00402793
88200	0.621358	0.00402444
88260	0.621328	0.00401093
88320	0.621298	0.00400209
88380	0.621264	0.00398766
88440	0.621245	0.00395036
88500	0.621246	0.00392817
88560	0.621264	0.00391205
88620	0.621277	0.00390816
88680	0.621291	0.00390316
88740	0.6213	0.00391308
88800	0.621305	0.00391274
88860	0.621311	0.00392959
88920	0.621305	0.00394448
88980	0.621289	0.00395097
89040	0.621265	0.00396599
89100	0.621232	0.00399613
89160	0.621204	0.00402603
89220	0.621202	0.00404956
89280	0.62124	0.00409039
89340	0.62126	0.00411009
89400	0.621284	0.00411112
89460	0.621307	0.00410791
89520	0.621337	0.00410302
89580	0.621349	0.00409599
89640	0.621364	0.0040929
89700	0.621371	0.00409727
89760	0.621377	0.00408735
89820	0.621398	0.00408869
89880	0.621419	0.00408083
89940	0.621438	0.00406908
90000	0.621468	0.00406472
90060	0.621489	0.00407732
90120	0.621524	0.00407535
90180	0.62156	0.00406189
90240	0.621592	0.0040553
90300	0.621611	0.0040516
90360	0.621627	0.00404867
90420	0.621652	0.00404934
90480	0.621674	0.00405207
90540	0.621664	0.00405269
90600	0.62165	0.00405719
90660	0.621625	0.00408721
90720	0.621614	0.00413074
90780	0.621592	0.00416357
90840	0.621559	0.00421166
90900	0.62155	0.0042556
90960	0.621526	0.0043041
91020	0.621512	0.004344
91080	0.621491	0.00437555
91140	0.621484	0.00441788
91200	0.621479	0.00443473
91260	0.621467	0.00443694
91320	0.62144	0.00442226
91380	0.621409	0.00439543
91440	0.621403	0.00435614
91500	0.621402	0.0043359
91560	0.621403	0.00432015
91620	0.621417	0.00429318
91680	0.621434	0.00425406
91740	0.62143	0.00419152
91800	0.621427	0.0041496
91860	0.621408	0.00414109
91920	0.621384	0.00413852
91980	0.621365	0.00413716
92040	0.621331	0.00412776
92100	0.621304	0.00413645
92160	0.621293	0.00415277
92220	0.6213	0.00414795
92280	0.621323	0.0041496
92340	0.62135	0.00415378
92400	0.62137	0.00414341
92460	0.621386	0.00415929
92520	0.621393	0.00415915
92580	0.621389	0.00416406
92640	0.621403	0.00416618
92700	0.621411	0.00416558
92760	0.621416	0.00417405
92820	0.621412	0.0041935
92880	0.621426	0.00419866
92940	0.621452	0.00420928
93000	0.621442	0.00422866
93060	0.621428	0.00425856
93120	0.621417	0.00428337
93180	0.621436	0.00428912
93240	0.621463	0.00430449
93300	0.621483	0.00430335
93360	0.621487	0.00430992
93420	0.62149	0.00431374
93480	0.621487	0.00429926
93540	0.621483	0.00429198
93600	0.621468	0.00428714
93660	0.621454	0.00428369
93720	0.621434	0.00427136
93780	0.62142	0.00426984
93840	0.621409	0.00426211
93900	0.621375	0.00424927
93960	0.621319	0.00425348
94020	0.62129	0.00425068
94080	0.621293	0.00424038
94140	0.621291	0.00423958
94200	0.621281	0.00424141
94260	0.621285	0.00423976
94320	0.62129	0.00422132
94380	0.621321	0.00417871
94440	0.621334	0.00415458
94500	0.621326	0.0041357
94560	0.621318	0.00412243
94620	0.621328	0.00411341
94680	0.621342	0.00411145
94740	0.621335	0.0041284
94800	0.621325	0.00413465
94860	0.621329	0.00414704
94920	0.621342	0.00416692
94980	0.621359	0.00419119
95040	0.621359	0.00421278
95100	0.621346	0.00422884
95160	0.621331	0.00424218
95220	0.621342	0.00426551
95280	0.621354	0.00429322
95340	0.621374	0.00429444
95400	0.621374	0.00428212
95460	0.62138	0.00426228
95520	0.621384	0.00427076
95580	0.62139	0.00426905
95640	0.621396	0.00427085
95700	0.621392	0.0042659
95760	0.621378	0.00425819
95820	0.621365	0.00426435
95880	0.621377	0.00426612
95940	0.621392	0.00424199
96000	0.621411	0.00419394
96060	0.621429	0.00414243
96120	0.621432	0.0041051
96180	0.621436	0.00406256
96240	0.621435	0.0040272
96300	0.621412	0.00399505
96360	0.621358	0.00397819
96420	0.621327	0.0039582
96480	0.621309	0.00393829
96540	0.621321	0.00391086
96600	0.621335	0.00389484
96660	0.621341	0.00389311
96720	0.621346	0.00392404
96780	0.621354	0.00395836
96840	0.621353	0.00397974
96900	0.621363	0.00399992
96960	0.621363	0.00404468
97020	0.621365	0.00406201
97080	0.621361	0.00408641
97140	0.621341	0.00408481
97200	0.621318	0.00408483
97260	0.621302	0.00410607
97320	0.621296	0.00413247
97380	0.621287	0.00415301
97440	0.621273	0.00416932
97500	0.621265	0.00418023
97560	0.621262	0.00417643
97620	0.621274	0.00416859
97680	0.621277	0.00415809
97740	0.621273	0.00416082
97800	0.621264	0.00417394
97860	0.621256	0.0041588
97920	0.621275	0.00414718
97980	0.6213	0.00412681
98040	0.621306	0.0040882
98100	0.621311	0.00405628
98160	0.621286	0.00404013
98220	0.621271	0.00403144
98280	0.621275	0.0040213
98340	0.621286	0.00401527
98400	0.621274	0.00400104
98460	0.621261	0.00399263
98520	0.62126	0.00399311
98580	0.621272	0.00397586
98640	0.621278	0.00398104
98700	0.621282	0.00399543
98760	0.621296	0.00401196
98820	0.621301	0.00401242
98880	0.621308	0.00402523
98940	0.621303	0.00404747
99000	0.621305	0.00406582
99060	0.62133	0.00408841
99120	0.621357	0.00408373
99180	0.62138	0.00410363
99240	0.621378	0.00413646
99300	0.621377	0.0041734
99360	0.621372	0.00418146
99420	0.621371	0.00420271
99480	0.62138	0.00421971
99540	0.621417	0.00421009
99600	0.621429	0.00420991
99660	0.621458	0.00421967
99720	0.621507	0.00422894
99780	0.621535	0.00423587
99840	0.621547	0.00424936
99900	0.621562	0.00424393
99960	0.621563	0.00425223
100020	0.621568	0.00425604
100080	0.621586	0.00427026
100140	0.621612	0.00425519
100200	0.621628	0.00425305
100260	0.621664	0.00426894
100320	0.621696	0.00428259
100380	0.621728	0.00428603
100440	0.621759	0.00426313
100500	0.621765	0.00425196
100560	0.62176	0.00424486
100620	0.621757	0.00423768
100680	0.621763	0.00423478
100740	0.621766	0.00424748
100800	0.621766	0.00424931
100860	0.62176	0.00425186
100920	0.621742	0.00426673
100980	0.621729	0.00427579
101040	0.621734	0.00425824
101100	0.621737	0.00424675
101160	0.62172	0.00427105
101220	0.621708	0.00427918
101280	0.621703	0.00426333
101340	0.621697	0.0042271
101400	0.621702	0.00419619
101460	0.621723	0.0041695
101520	0.621744	0.00414703
101580	0.621758	0.0041268
101640	0.621777	0.00413346
101700	0.621793	0.00414459
101760	0.62182	0.00414873
101820	0.621845	0.00413751
101880	0.621877	0.00413748
101940	0.621902	0.00414249
102000	0.621911	0.00413293
102060	0.621927	0.00414631
102120	0.621928	0.0041625
102180	0.621937	0.00416324
102240	0.621956	0.00416631
102300	0.621961	0.00415964
102360	0.621963	0.00415634
102420	0.621961	0.00415595
102480	0.621947	0.00414558
102540	0.621941	0.00413709
102600	0.621931	0.00412718
102660	0.621906	0.00409389
102720	0.621853	0.00405762
102780	0.621795	0.00403862
102840	0.621757	0.00402268
102900	0.62172	0.00400471
102960	0.621689	0.00398106
103020	0.621679	0.00398069
103080	0.621677	0.0039993
103140	0.621664	0.00404624
103200	0.621644	0.00408337
103260	0.621623	0.00411833
103320	0.62159	0.00417274
103380	0.621597	0.00422363
103440	0.621602	0.00426312
103500	0.621604	0.0042802
103560	0.621596	0.00428771
103620	0.6216	0.00427098
103680	0.621617	0.00425765
103740	0.621651	0.00423463
103800	0.621679	0.00421903
103860	0.621709	0.00421929
103920	0.621737	0.00420866
103980	0.621756	0.00419965
104040	0.621756	0.00417217
104100	0.621745	0.00414732
104160	0.621744	0.00410415
104220	0.62173	0.00404803
104280	0.621726	0.00400974
104340	0.621726	0.00397668
104400	0.621709	0.00394859
104460	0.621685	0.0039342
104520	0.621652	0.00391732
104580	0.621615	0.00390794
104640	0.621589	0.00392277
104700	0.621565	0.00394727
104760	0.621524	0.00396551
104820	0.621488	0.00398235
104880	0.621466	0.00400876
104940	0.621462	0.00403656
105000	0.621432	0.00407242
105060	0.621413	0.00409641
105120	0.621408	0.00409709
105180	0.621414	0.00408827
105240	0.621389	0.00408866
105300	0.621368	0.00409534
105360	0.621364	0.00413757
105420	0.62137	0.00415628
105480	0.621367	0.00418116
105540	0.621372	0.00420487
105600	0.621374	0.00422245
105660	0.621391	0.00423406
105720	0.621422	0.00424371
105780	0.621445	0.00425496
105840	0.621465	0.00426574
105900	0.621487	0.00427952
105960	0.621513	0.00428756
106020	0.621565	0.00430057
106080	0.621603	0.00431792
106140	0.621642	0.00433886
106200	0.621656	0.00436909
106260	0.621674	0.00437185
106320	0.621672	0.00436688
106380	0.621655	0.00435629
106440	0.621641	0.00435106
106500	0.621669	0.00432958
106560	0.621695	0.00429261
106620	0.62172	0.00426186
106680	0.621733	0.00422054
106740	0.621759	0.00417968
106800	0.621792	0.00415824
106860	0.621811	0.0041453
106920	0.621838	0.00413696
106980	0.621842	0.00411942
107040	0.621853	0.00410778
107100	0.621847	0.00409611
107160	0.621826	0.00411756
107220	0.621809	0.00414053
107280	0.621791	0.00415737
107340	0.621787	0.00415401
107400	0.621793	0.00413742
107460	0.621805	0.00413579
107520	0.621809	0.00415324
107580	0.621829	0.00415588
107640	0.621842	0.00416093
107700	0.62184	0.00416526
107760	0.621838	0.00417685
107820	0.621816	0.00420671
107880	0.621796	0.0042494
107940	0.621784	0.00428299
108000	0.621783	0.00431646
108060	0.621779	0.00434572
108120	0.621794	0.00435697
108180	0.621781	0.00438614
108240	0.621785	0.00441347
108300	0.621779	0.00441746
108360	0.621777	0.0043938
108420	0.621743	0.00435572
108480	0.621699	0.00431853
108540	0.621677	0.00430336
108600	0.621662	0.00431332
108660	0.621661	0.00432553
108720	0.621674	0.00430924
108780	0.621676	0.00429085
108840	0.621696	0.00426511
108900	0.621712	0.00423977
108960	0.621728	0.00421879
109020	0.621756	0.00420383
109080	0.621786	0.00417303
109140	0.621817	0.00415777
109200	0.621834	0.00416507
109260	0.62185	0.00417622
109320	0.621861	0.00418704
109380	0.621864	0.00420518
109440	0.621861	0.00417647
109500	0.621852	0.00414657
109560	0.621845	0.00412347
109620	0.621836	0.00412139
109680	0.62184	0.00412598
109740	0.621852	0.00413444
109800	0.62186	0.00413593
109860	0.621863	0.00414119
109920	0.621881	0.00413498
109980	0.621904	0.00412716
110040	0.621922	0.00411599
110100	0.621927	0.00412243
110160	0.621912	0.00413444
110220	0.621903	0.00412252
110280	0.621904	0.00410192
110340	0.621889	0.00409383
110400	0.621875	0.004121
110460	0.621888	0.00413409
110520	0.621887	0.00413059
110580	0.621898	0.00411956
110640	0.621898	0.00410202
110700	0.621899	0.0040883
110760	0.621902	0.00408801
110820	0.621912	0.00410526
110880	0.621915	0.00413374
110940	0.621903	0.00415183
111000	0.621893	0.00418529
111060	0.6219	0.0042155
111120	0.621903	0.00423397
111180	0.621897	0.00423863
111240	0.621872	0.00423488
111300	0.621855	0.00422713
111360	0.621836	0.00421167
111420	0.621828	0.00419559
111480	0.621835	0.0041527
111540	0.621833	0.00409714
111600	0.621812	0.00404791
111660	0.621809	0.00401442
111720	0.621807	0.00400244
111780	0.621806	0.00399787
111840	0.621797	0.00399535
111900	0.621782	0.00399753
111960	0.621767	0.00401344
112020	0.621755	0.00402129
112080	0.62175	0.00405962
112140	0.62174	0.0041031
112200	0.621723	0.004142
112260	0.621709	0.00415645
112320	0.621705	0.00418225
112380	0.621697	0.00421452
112440	0.621688	0.004235
112500	0.621708	0.00424532
112560	0.621715	0.00424884
112620	0.621716	0.00426035
112680	0.621709	0.00426261
112740	0.621684	0.00427347
112800	0.621649	0.00428798
112860	0.621627	0.00427252
112920	0.621596	0.00423209
112980	0.621552	0.0041981
113040	0.621528	0.00418232
113100	0.62152	0.00417164
113160	0.621511	0.00416394
113220	0.621494	0.00417575
113280	0.621482	0.00420462
113340	0.621476	0.00423939
113400	0.621486	0.0042706
113460	0.621497	0.00429062
113520	0.621473	0.00432892
113580	0.621449	0.00438016
113640	0.62144	0.00442901
113700	0.621424	0.00447405
113760	0.621401	0.00448909
113820	0.621388	0.00450153
113880	0.621371	0.00452382
113940	0.621347	0.00452341
114000	0.621349	0.00450452
114060	0.621349	0.00447298
114120	0.62135	0.00443492
114180	0.621337	0.00439857
114240	0.621343	0.00434805
114300	0.621368	0.00432156
114360	0.621377	0.00430774
114420	0.621407	0.00428719
114480	0.621456	0.00426958
114540	0.62151	0.00426506
114600	0.621554	0.00425428
114660	0.621583	0.00424917
114720	0.621604	0.00424871
114780	0.621626	0.00424838
114840	0.621653	0.00425928
114900	0.62166	0.004274
114960	0.62166	0.00426729
115020	0.621661	0.0042606
115080	0.621661	0.00425244
115140	0.621662	0.00424056
115200	0.621654	0.0042383
115260	0.621649	0.00423484
115320	0.621647	0.00422921
115380	0.621658	0.00421716
115440	0.621645	0.00420743
115500	0.621627	0.00417944
115560	0.621628	0.00416448
115620	0.621617	0.00414365
115680	0.621601	0.00413003
115740	0.621592	0.00411105
115800	0.621591	0.00409311
115860	0.621585	0.00406212
115920	0.621569	0.0040643
115980	0.621572	0.00407374
116040	0.621576	0.00406927
116100	0.621567	0.00408093
116160	0.621569	0.00409277
116220	0.621566	0.0041214
116280	0.621573	0.00412641
116340	0.621565	0.00412806
116400	0.621555	0.00412339
116460	0.62155	0.00411576
116520	0.621544	0.00408924
116580	0.621541	0.004063
116640	0.621541	0.00404792
116700	0.621522	0.00403023
116760	0.621509	0.0040131
116820	0.6215	0.00400868
116880	0.621485	0.00400956
116940	0.621475	0.0040361
117000	0.621478	0.00407083
117060	0.621488	0.00408556
117120	0.621513	0.0040892
117180	0.621512	0.00407558
117240	0.621502	0.00406495
117300	0.621501	0.00404003
117360	0.621497	0.00402303
117420	0.621491	0.00401295
117480	0.621488	0.00400901
117540	0.621495	0.0040017
117600	0.621518	0.00399066
117660	0.621557	0.00398006
117720	0.621594	0.00397608
117780	0.621615	0.00398315
117840	0.621604	0.00400749
117900	0.621595	0.00401208
117960	0.621578	0.00400008
118020	0.621555	0.00397973
118080	0.621524	0.00397287
118140	0.621519	0.00399979
118200	0.621507	0.00403156
118260	0.621493	0.00405383
118320	0.621467	0.004057
118380	0.621475	0.00402957
118440	0.621496	0.00400281
118500	0.621526	0.00398008
118560	0.621547	0.00396509
118620	0.621569	0.0039406
118680	0.62159	0.00390862
118740	0.621614	0.00389178
118800	0.62163	0.00388462
118860	0.621632	0.00388717
118920	0.621635	0.0038954
118980	0.621622	0.00389891
119040	0.621609	0.00388534
119100	0.621592	0.00389138
119160	0.621596	0.00390953
119220	0.621607	0.00393121
119280	0.621607	0.00397018
119340	0.621623	0.0040169
119400	0.621626	0.00404336
119460	0.621627	0.00405785
119520	0.621622	0.00408171
119580	0.621641	0.00413003
119640	0.62167	0.00415718
119700	0.621691	0.00420002
119760	0.6217	0.00423708
119820	0.6217	0.00424786
119880	0.62169	0.00424733
119940	0.621659	0.00424049
120000	0.621614	0.00424392
120060	0.621585	0.00422417
120120	0.621583	0.0042082
120180	0.621586	0.00420112
120240	0.621593	0.0042197
120300	0.621593	0.00423599
120360	0.621592	0.00426215
120420	0.621607	0.00428887
120480	0.621623	0.00431111
120540	0.621616	0.00432195
120600	0.621592	0.00432627
120660	0.621552	0.00433531
120720	0.62152	0.00434208
120780	0.621501	0.00435436
120840	0.621505	0.00436874
120900	0.621516	0.00437423
120960	0.62154	0.00440703
121020	0.621576	0.00442649
121080	0.621606	0.00446171
121140	0.621639	0.00447647
121200	0.621666	0.00445984
121260	0.621673	0.00443997
121320	0.621674	0.00442792
121380	0.621683	0.00441025
121440	0.621685	0.00436913
121500	0.621683	0.00433348
121560	0.62169	0.00431234
121620	0.621712	0.00429998
121680	0.621741	0.00427858
121740	0.62176	0.0042561
121800	0.621781	0.00422838
121860	0.621791	0.00420858
121920	0.621812	0.00420727
121980	0.621827	0.00420022
122040	0.621826	0.00420592
122100	0.621811	0.00422519
122160	0.621805	0.00422467
122220	0.621795	0.00421309
122280	0.621759	0.00419585
122340	0.6217	0.00416658
122400	0.621666	0.00414053
122460	0.621661	0.00411927
122520	0.621653	0.00411801
122580	0.62164	0.00411164
122640	0.621628	0.00408172
122700	0.621623	0.00406335
122760	0.621612	0.00404017
122820	0.621589	0.00402116
122880	0.621586	0.00400407
122940	0.621576	0.00399364
123000	0.621554	0.00400725
123060	0.621529	0.00401459
123120	0.62153	0.00404695
123180	0.621522	0.0040856
123240	0.621516	0.00412332
123300	0.621489	0.00415743
123360	0.621437	0.00418231
123420	0.621404	0.00421546
123480	0.621391	0.0042178
123540	0.621384	0.00420563
123600	0.621389	0.00419425
123660	0.621411	0.00419437
123720	0.621424	0.00420373
123780	0.621423	0.00421831
123840	0.621429	0.0042354
123900	0.621454	0.00423518
123960	0.621474	0.00424412
124020	0.621486	0.00424814
124080	0.621477	0.00424829
124140	0.621472	0.00424888
124200	0.62147	0.00424495
124260	0.621477	0.00421948
124320	0.621459	0.00419439
124380	0.62143	0.00416254
124440	0.621429	0.00413809
124500	0.62144	0.00413876
124560	0.621463	0.00415135
124620	0.621483	0.00418274
124680	0.621514	0.00420096
124740	0.621538	0.00421272
124800	0.621545	0.00421589
124860	0.62157	0.00422366
124920	0.621579	0.00422521
124980	0.62159	0.00423562
125040	0.621608	0.00423932
125100	0.621641	0.00424031
125160	0.621694	0.00422835
125220	0.621746	0.00420979
125280	0.621794	0.00418877
125340	0.621831	0.00417567
125400	0.621867	0.00416557
125460	0.621905	0.00418268
125520	0.62192	0.004188
125580	0.621917	0.00421731
125640	0.621892	0.00424341
125700	0.621884	0.00427632
125760	0.621894	0.00430626
125820	0.62189	0.00434585
125880	0.621901	0.00437791
125940	0.621892	0.00440724
126000	0.621892	0.00442898
126060	0.621891	0.00443056
126120	0.621885	0.00441055
126180	0.62189	0.00437838
126240	0.621894	0.00435492
126300	0.621873	0.00431271
126360	0.621878	0.00427615
126420	0.621894	0.00426313
126480	0.621898	0.00424766
126540	0.621876	0.00425916
126600	0.621862	0.00426468
126660	0.621846	0.004263
126720	0.621814	0.00425192
126780	0.621793	0.00424228
126840	0.62175	0.0042495
126900	0.621713	0.00426928
126960	0.621683	0.00426837
127020	0.621658	0.00426917
127080	0.621627	0.00426277
127140	0.621618	0.00425768
127200	0.621609	0.00424629
127260	0.621606	0.00424824
127320	0.621618	0.00423845
127380	0.621606	0.00421355
127440	0.621612	0.00419159
127500	0.62161	0.00419626
127560	0.621591	0.00419951
127620	0.621576	0.00420951
127680	0.621587	0.00421962
127740	0.621594	0.00422479
127800	0.621605	0.00423832
127860	0.621619	0.00424613
127920	0.62163	0.00424681
127980	0.621646	0.0042631
128040	0.621648	0.00427933
128100	0.621664	0.00429079
128160	0.621662	0.00430101
128220	0.621643	0.00429009
128280	0.621628	0.00426885
128340	0.62162	0.00425062
128400	0.621606	0.00424253
128460	0.621582	0.00426424
128520	0.621576	0.00428877
128580	0.621578	0.00430267
128640	0.621595	0.00430022
128700	0.621625	0.00432754
128760	0.621663	0.00433395
128820	0.621677	0.00432375
128880	0.621679	0.00432409
128940	0.621689	0.00429843
129000	0.621699	0.0042776
129060	0.621703	0.00424951
129120	0.621712	0.0042413
129180	0.621729	0.00421705
129240	0.621748	0.00419529
129300	0.621757	0.00417717
129360	0.621775	0.00416715
129420	0.621783	0.00415249
129480	0.621779	0.00413173
129540	0.621775	0.00412494
129600	0.621778	0.00413183
129660	0.621763	0.00410873
129720	0.62176	0.00407768
129780	0.621745	0.00406335
129840	0.621727	0.00405191
129900	0.621695	0.00402145
129960	0.621675	0.00400951
130020	0.621702	0.0039966
130080	0.621706	0.003975
130140	0.621718	0.00395518
130200	0.621735	0.00395734
130260	0.621749	0.00397586
130320	0.621758	0.00398507
130380	0.621779	0.00398369
130440	0.621774	0.00399773
130500	0.621785	0.00400929
130560	0.621792	0.00399769
130620	0.621797	0.00400802
130680	0.621799	0.0040297
130740	0.6218	0.00405025
130800	0.621785	0.00408857
130860	0.621744	0.0041257
130920	0.621709	0.00415344
130980	0.621676	0.00417752
131040	0.621643	0.00420469
131100	0.62163	0.00422926
131160	0.621622	0.00425574
131220	0.621619	0.00427472
131280	0.621594	0.00427363
131340	0.621571	0.00429219
131400	0.621554	0.00430144
131460	0.621555	0.00429936
131520	0.62156	0.00429094
131580	0.621575	0.00429552
131640	0.621591	0.00430956
131700	0.621611	0.00432504
131760	0.621615	0.00436074
131820	0.62162	0.00437381
131880	0.621643	0.00437621
131940	0.621666	0.00436944
132000	0.621687	0.00437327
132060	0.621688	0.00437457
132120	0.621688	0.00435227
132180	0.62168	0.00434171
132240	0.621665	0.00434263
132300	0.621647	0.00432622
132360	0.621616	0.00430818
132420	0.621594	0.00427761
132480	0.621577	0.00424534
132540	0.621565	0.0042227
132600	0.621569	0.00418659
132660	0.621566	0.00415111
132720	0.621561	0.00412221
132780	0.62155	0.00409038
132840	0.621539	0.00404342
132900	0.621505	0.00402554
132960	0.62148	0.0040034
133020	0.621474	0.00397744
133080	0.621443	0.00397214
133140	0.621406	0.00398594
133200	0.62137	0.0040149
133260	0.621341	0.00402164
133320	0.621314	0.00401693
133380	0.621313	0.00400682
133440	0.621317	0.00399948
133500	0.621312	0.00400489
133560	0.621309	0.00401597
133620	0.621309	0.00401845
133680	0.621314	0.00402349
133740	0.621322	0.00401548
133800	0.621344	0.00399831
133860	0.621373	0.00398892
133920	0.621422	0.00396071
133980	0.621445	0.00392998
134040	0.621445	0.00392174
134100	0.621462	0.00392871
134160	0.621487	0.00394399
134220	0.621514	0.00397209
134280	0.621543	0.00400097
134340	0.621554	0.00401729
134400	0.621555	0.00403236
134460	0.621552	0.00403437
134520	0.621546	0.00404584
134580	0.621532	0.00405095
134640	0.621514	0.00406016
134700	0.621495	0.00405741
134760	0.621464	0.00407305
134820	0.621447	0.00407074
134880	0.621422	0.0040742
134940	0.621386	0.00407222
135000	0.621375	0.00406863
135060	0.621354	0.00407537
135120	0.621347	0.00406413
135180	0.621349	0.00406002
135240	0.621357	0.0040727
135300	0.621366	0.00406435
135360	0.621354	0.00404431
135420	0.621372	0.00403419
135480	0.621383	0.00403889
135540	0.621382	0.00407358
135600	0.621375	0.00413285
135660	0.621377	0.00416962
135720	0.621382	0.00418433
135780	0.621375	0.00420212
135840	0.621359	0.00419275
135900	0.621362	0.00420423
135960	0.621364	0.00421718
136020	0.621373	0.00424355
136080	0.621403	0.00426142
136140	0.621416	0.00427727
136200	0.621431	0.00428648
136260	0.621453	0.00427255
136320	0.621475	0.00426337
136380	0.621489	0.00427425
136440	0.621485	0.00427105
136500	0.621486	0.00426072
136560	0.621481	0.00424413
136620	0.621484	0.00423263
136680	0.621476	0.00422416
136740	0.621477	0.00425281
136800	0.621495	0.00426988
136860	0.621522	0.00430053
136920	0.621503	0.00433533
136980	0.621484	0.00435617
137040	0.621493	0.00436422
137100	0.621502	0.00436984
137160	0.621504	0.00438649
137220	0.62151	0.0043855
137280	0.621504	0.00436855
137340	0.621503	0.00435495
137400	0.621505	0.00434492
137460	0.621497	0.00434776
137520	0.6215	0.00435338
137580	0.621493	0.00433667
137640	0.621491	0.00431951
137700	0.621478	0.00431265
137760	0.621476	0.00430555
137820	0.621465	0.00428821
137880	0.621453	0.00428423
137940	0.62144	0.00426913
138000	0.62144	0.00425139
138060	0.621431	0.00425013
138120	0.621412	0.00427303
138180	0.621382	0.00430543
138240	0.621347	0.00432848
138300	0.621298	0.00436233
138360	0.621269	0.00436788
138420	0.621253	0.00436295
138480	0.621236	0.00435374
138540	0.621213	0.00434216
138600	0.621201	0.00434784
138660	0.621209	0.00433954
138720	0.621195	0.00432344
138780	0.621194	0.00429875
138840	0.621209	0.00426872
138900	0.621235	0.0042619
138960	0.621245	0.0042455
139020	0.621261	0.00422873
139080	0.621266	0.00423012
139140	0.621272	0.00420048
139200	0.621294	0.00419539
139260	0.621312	0.0042143
139320	0.621341	0.00421743
139380	0.621364	0.00421513
139440	0.621378	0.00418798
139500	0.621382	0.00416463
139560	0.621398	0.00415187
139620	0.621395	0.00415059
139680	0.62141	0.00414321
139740	0.621423	0.00412691
139800	0.621427	0.00411449
139860	0.621415	0.00411972
139920	0.621403	0.00413371
139980	0.621408	0.00416357
140040	0.621405	0.00420579
140100	0.621401	0.00422191
140160	0.62141	0.00420803
140220	0.621408	0.00417543
140280	0.621411	0.00415571
140340	0.621399	0.0041516
140400	0.621381	0.00414568
140460	0.621361	0.00416338
140520	0.621354	0.00418945
140580	0.621365	0.00421419
140640	0.621374	0.00422178
140700	0.621376	0.00422057
140760	0.621378	0.00421471
140820	0.621381	0.00421937
140880	0.621389	0.00422156
140940	0.621393	0.00421596
141000	0.621377	0.00418718
141060	0.621361	0.00414973
141120	0.621344	0.00412707
141180	0.621341	0.00412028
141240	0.621339	0.00412614
141300	0.621352	0.00413562
141360	0.621381	0.00414125
141420	0.6214	0.00413964
141480	0.621378	0.00414048
141540	0.621357	0.00415357
141600	0.621347	0.00415322
141660	0.621357	0.00415465
141720	0.621371	0.00414483
141780	0.621387	0.00412607
141840	0.621389	0.00414175
141900	0.621377	0.00414374
141960	0.621361	0.00414324
142020	0.621346	0.00414719
142080	0.621345	0.00415736
142140	0.62136	0.0041671
142200	0.621374	0.0041421
142260	0.621402	0.00411939
142320	0.621422	0.00412192
142380	0.621444	0.00412646
142440	0.621476	0.00413655
142500	0.621496	0.0041507
142560	0.621497	0.0041404
142620	0.6215	0.00413295
142680	0.62152	0.00413158
142740	0.621554	0.00415493
142800	0.621574	0.00419394
142860	0.62159	0.0042134
142920	0.621595	0.0042386
142980	0.621597	0.00424803
143040	0.621591	0.00425882
143100	0.621583	0.00426145
143160	0.621568	0.00426722
143220	0.621551	0.00427917
143280	0.62154	0.00428717
143340	0.621512	0.00430241
143400	0.621487	0.00432797
143460	0.621481	0.00433632
143520	0.621485	0.00433542
143580	0.621505	0.00431778
143640	0.621517	0.00429304
143700	0.62154	0.00426108
143760	0.621552	0.00423271
143820	0.621562	0.00420589
143880	0.621574	0.00418145
143940	0.621584	0.00415785
144000	0.621599	0.00413618
144060	0.621617	0.0041166
144120	0.621615	0.00409512
144180	0.621614	0.00408533
144240	0.621612	0.00407746
144300	0.621623	0.00407185
144360	0.621634	0.00405846
144420	0.621652	0.00403118
144480	0.621673	0.00401547
144540	0.621708	0.00401437
144600	0.621736	0.00402264
144660	0.621758	0.00404638
144720	0.62177	0.00405439
144780	0.621776	0.00406677
144840	0.621769	0.00408494
144900	0.621767	0.00408657
144960	0.621786	0.00408945
145020	0.621789	0.00409662
145080	0.621797	0.00409769
145140	0.6218	0.00410145
145200	0.6218	0.00411318
145260	0.621806	0.0041241
145320	0.621793	0.00412057
145380	0.62178	0.00411763
145440	0.621776	0.00410617
145500	0.621777	0.00410641
145560	0.621768	0.00411525
145620	0.621761	0.00411949
145680	0.621763	0.00412791
145740	0.621765	0.00414616
145800	0.621767	0.00415081
145860	0.621782	0.00415565
145920	0.621774	0.00417251
145980	0.62176	0.00420442
146040	0.621733	0.00421662
146100	0.621722	0.00423613
146160	0.621735	0.00426289
146220	0.621752	0.00426743
146280	0.621756	0.00427052
146340	0.621746	0.00427536
146400	0.621743	0.00427422
146460	0.62174	0.0042605
146520	0.621731	0.00426509
146580	0.62172	0.00427814
146640	0.621722	0.00429366
146700	0.621708	0.00430212
146760	0.621703	0.00430916
146820	0.621716	0.00429864
146880	0.621729	0.00428035
146940	0.621735	0.00427055
147000	0.621739	0.00424876
147060	0.621738	0.00423747
147120	0.621737	0.00421596
147180	0.621752	0.00419923
147240	0.621751	0.00418149
147300	0.621771	0.00416955
147360	0.621777	0.00415204
147420	0.621769	0.00413853
147480	0.621757	0.00415354
147540	0.621754	0.00413849
147600	0.621753	0.00411649
147660	0.621759	0.00410708
147720	0.621743	0.00409097
147780	0.621727	0.00407463
147840	0.621696	0.00406218
147900	0.621683	0.00404919
147960	0.621687	0.00405614
148020	0.621699	0.00407259
148080	0.621706	0.00409482
148140	0.621689	0.00412584
148200	0.621668	0.00414671
148260	0.621645	0.00414588
148320	0.621615	0.00414008
148380	0.6216	0.00414473
148440	0.621598	0.00413568
148500	0.621603	0.00414037
148560	0.621608	0.00414719
148620	0.621605	0.00414404
148680	0.621593	0.00412789
148740	0.621578	0.00410887
148800	0.62156	0.00410468
148860	0.62155	0.00411449
148920	0.621548	0.00414026
148980	0.621551	0.00418484
149040	0.621556	0.0042154
149100	0.621561	0.00423951
149160	0.621573	0.00426177
149220	0.621589	0.0042842
149280	0.621599	0.00428932
149340	0.621579	0.0042979
149400	0.621546	0.00430511
149460	0.621511	0.00431745
149520	0.621491	0.00431963
149580	0.621486	0.0042879
149640	0.621488	0.0042409
149700	0.621517	0.00419444
149760	0.621542	0.00416288
149820	0.62155	0.00416112
149880	0.621578	0.00415218
149940	0.621597	0.00416127
150000	0.621642	0.00415524
150060	0.621701	0.00415148
150120	0.621732	0.0041714
150180	0.621749	0.0041965
150240	0.621774	0.00419862
150300	0.62179	0.00419915
150360	0.621801	0.00422612
150420	0.621802	0.00423941
150480	0.621812	0.00423319
150540	0.621817	0.00424086
150600	0.621803	0.00424553
150660	0.621791	0.00426423
150720	0.62177	0.00426257
150780	0.621753	0.00423437
150840	0.62173	0.00421065
150900	0.621707	0.00418172
150960	0.62168	0.00415292
151020	0.621648	0.00412637
151080	0.621621	0.00409435
151140	0.621617	0.00406975
151200	0.621634	0.00405896
151260	0.621653	0.00406277
151320	0.62167	0.00406366
151380	0.621678	0.00404432
151440	0.621688	0.0040568
151500	0.621675	0.00409454
151560	0.62166	0.0041411
151620	0.621647	0.00417253
151680	0.62165	0.00419062
151740	0.621672	0.00418508
151800	0.621685	0.00416726
151860	0.621678	0.00417735
151920	0.621671	0.0041795
151980	0.621669	0.00418989
152040	0.621669	0.00420951
152100	0.621685	0.00422898
152160	0.621708	0.00425631
152220	0.621715	0.00425539
152280	0.621711	0.0042328
152340	0.621713	0.00419423
152400	0.621703	0.00417716
152460	0.6217	0.00416266
152520	0.621697	0.00414992
152580	0.621685	0.00413339
152640	0.621661	0.00411076
152700	0.621646	0.00410648
152760	0.621623	0.00409843
152820	0.621599	0.00409313
152880	0.621576	0.00411139
