60	0.000270735	6.47144e-05
120	0.00027034	8.51427e-05
180	0.00026539	8.45502e-05
240	0.00026424	8.43789e-05
300	0.0002694	8.66603e-05
360	0.0002643	8.89953e-05
420	0.00026491	8.79093e-05
480	0.00027165	9.01668e-05
540	0.000267905	8.46506e-05
600	0.000269775	8.73408e-05
660	0.00027156	9.00087e-05
720	0.000272445	8.81531e-05
780	0.000276115	9.07657e-05
840	0.00027859	9.55875e-05
900	0.000278685	9.47684e-05
960	0.00027476	9.60876e-05
1020	0.000273025	9.20833e-05
1080	0.000272845	9.35197e-05
1140	0.00027218	8.65894e-05
1200	0.000272365	8.53379e-05
1260	0.00027342	8.86602e-05
1320	0.00027416	8.68326e-05
1380	0.000270615	8.76567e-05
1440	0.000270745	8.62891e-05
1500	0.000269855	8.78479e-05
1560	0.000269585	8.93026e-05
1620	0.000263235	8.89217e-05
1680	0.000266255	8.81228e-05
1740	0.000269075	9.13749e-05
1800	0.000274375	9.21846e-05
1860	0.000274735	9.05652e-05
1920	0.000276655	9.10699e-05
1980	0.000273395	9.47848e-05
2040	0.000271805	9.06059e-05
2100	0.00027291	9.34237e-05
2160	0.000270195	9.06823e-05
2220	0.00026963	9.21063e-05
2280	0.00027104	9.41787e-05
2340	0.00027094	9.01199e-05
2400	0.0002708	9.12753e-05
2460	0.000270265	9.05484e-05
2520	0.000267505	9.5024e-05
2580	0.00026501	9.2758e-05
2640	0.00026085	8.79165e-05
2700	0.0002638	9.26497e-05
2760	0.00027115	9.46257e-05
2820	0.00027364	9.48335e-05
2880	0.00027441	9.28595e-05
2940	0.00027842	9.28906e-05
3000	0.000277315	9.28408e-05
3060	0.00027814	9.19115e-05
3120	0.000277925	9.64456e-05
3180	0.000273995	8.9635e-05
3240	0.000267095	9.76943e-05
3300	0.000269405	9.58228e-05
3360	0.00026788	9.08071e-05
3420	0.000269165	8.87596e-05
3480	0.00027462	9.14015e-05
3540	0.00027169	8.87195e-05
3600	0.00026973	8.84365e-05
3660	0.00027558	9.43118e-05
3720	0.00027377	9.40094e-05
3780	0.000268195	8.73709e-05
3840	0.00026556	9.41286e-05
3900	0.000268915	9.51534e-05
3960	0.00027251	8.99684e-05
4020	0.000272545	9.06764e-05
4080	0.000267905	9.30995e-05
4140	0.00026996	8.9577e-05
4200	0.00026915	8.74056e-05
4260	0.000272665	9.06629e-05
4320	0.00026795	9.03654e-05
4380	0.000272375	9.63687e-05
4440	0.00027236	0.000103443
4500	0.00027022	0.000103485
4560	0.00027341	9.7846e-05
4620	0.000266675	9.34372e-05
4680	0.000268295	8.86011e-05
4740	0.000269965	8.64414e-05
4800	0.000268195	8.86331e-05
4860	0.0002672	8.22687e-05
4920	0.00027218	8.96205e-05
4980	0.000270125	8.92358e-05
5040	0.00026977	9.09889e-05
5100	0.0002713	9.14405e-05
5160	0.000264025	8.88217e-05
5220	0.000269385	9.5752e-05
5280	0.00026747	9.40133e-05
5340	0.000267175	9.43417e-05
5400	0.00027678	9.89652e-05
5460	0.00027944	9.85486e-05
5520	0.00027438	9.67278e-05
5580	0.000268835	9.48355e-05
5640	0.000268125	8.71898e-05
5700	0.00026663	8.95325e-05
5760	0.00027022	9.03442e-05
5820	0.000271315	9.29534e-05
5880	0.00027128	9.67353e-05
5940	0.00027246	9.98241e-05
6000	0.000274485	9.70861e-05
6060	0.000274775	9.39172e-05
6120	0.00026952	9.25698e-05
6180	0.00027003	8.9914e-05
6240	0.000266615	9.26333e-05
6300	0.000268435	9.55499e-05
6360	0.00026769	9.1279e-05
6420	0.00026457	9.65526e-05
6480	0.00026898	9.46246e-05
6540	0.000270765	0.00010038
6600	0.000270275	0.000100976
6660	0.00027055	9.31678e-05
6720	0.000264705	9.25856e-05
6780	0.000264885	9.51195e-05
6840	0.000268815	9.81087e-05
6900	0.000267205	9.75622e-05
6960	0.00026448	9.39786e-05
7020	0.00026728	9.08339e-05
7080	0.000264235	9.35656e-05
7140	0.000270685	9.8701e-05
7200	0.000266995	9.59692e-05
7260	0.000271305	9.86343e-05
7320	0.00027116	9.90677e-05
7380	0.000270675	9.77475e-05
7440	0.00026856	0.000100724
7500	0.00026955	9.77558e-05
7560	0.00026841	0.000100099
7620	0.000268215	9.3739e-05
7680	0.00027171	9.63062e-05
7740	0.00027132	9.60704e-05
7800	0.000266595	9.93044e-05
7860	0.000267155	9.69714e-05
7920	0.00026893	9.89e-05
7980	0.00027005	9.8094e-05
8040	0.000270845	9.67454e-05
8100	0.000270595	8.97822e-05
8160	0.00026839	9.69069e-05
8220	0.00026371	9.47923e-05
8280	0.0002649	9.27382e-05
8340	0.000257795	8.98017e-05
8400	0.00025761	9.25161e-05
8460	0.00026048	9.15726e-05
8520	0.000257555	9.28214e-05
8580	0.000264625	8.94966e-05
8640	0.000261435	8.79806e-05
8700	0.000263495	9.08229e-05
8760	0.00026554	9.06202e-05
8820	0.000266855	9.59916e-05
8880	0.00026839	9.81242e-05
8940	0.000268005	9.34371e-05
9000	0.00026666	9.08933e-05
9060	0.000267875	9.44586e-05
9120	0.000272325	9.5472e-05
9180	0.0002769	9.77573e-05
9240	0.000273045	9.83937e-05
9300	0.00027445	9.92114e-05
9360	0.000273665	9.89754e-05
9420	0.00027484	0.000100778
9480	0.000274615	9.16585e-05
9540	0.00027288	9.31102e-05
9600	0.00026236	8.56938e-05
9660	0.000264225	9.15163e-05
9720	0.000263155	9.20408e-05
9780	0.000265105	8.99081e-05
9840	0.000268415	8.67431e-05
9900	0.000270405	9.27499e-05
9960	0.000270015	9.05351e-05
10020	0.00026855	9.89536e-05
10080	0.00027243	9.49215e-05
10140	0.00026904	9.58387e-05
10200	0.00026716	9.76778e-05
10260	0.00026717	9.36249e-05
10320	0.000266415	9.06667e-05
10380	0.00026814	8.6474e-05
10440	0.000267375	8.98363e-05
10500	0.0002688	8.88438e-05
10560	0.00026885	9.5795e-05
10620	0.00026515	8.76342e-05
10680	0.00026712	8.9971e-05
10740	0.00026687	9.26844e-05
10800	0.00027137	9.96336e-05
10860	0.000275075	9.62923e-05
10920	0.000271865	0.00010222
10980	0.000270105	9.75315e-05
11040	0.000272305	9.32827e-05
11100	0.00027152	9.23491e-05
11160	0.000268015	9.43767e-05
11220	0.000268845	9.2289e-05
11280	0.00026866	9.68643e-05
11340	0.00026609	9.14283e-05
11400	0.000264345	9.86012e-05
11460	0.00026748	9.62032e-05
11520	0.00026633	9.92767e-05
11580	0.000265525	9.69077e-05
11640	0.00026602	9.394e-05
11700	0.00027217	9.58712e-05
11760	0.00026955	9.67758e-05
11820	0.00026897	9.16979e-05
11880	0.000275605	9.13219e-05
11940	0.00027235	8.97412e-05
12000	0.000274545	8.99257e-05
12060	0.000271485	9.29015e-05
12120	0.000269465	9.49003e-05
12180	0.00026963	9.30942e-05
12240	0.00026849	9.59948e-05
12300	0.00026928	0.000101415
12360	0.00026991	9.59565e-05
12420	0.00026874	9.73992e-05
12480	0.00027007	9.94926e-05
12540	0.000263105	9.92871e-05
12600	0.000262735	9.16667e-05
12660	0.000263445	9.02786e-05
12720	0.00026067	9.33687e-05
12780	0.000266565	9.43561e-05
12840	0.0002719	9.92571e-05
12900	0.000269445	9.2594e-05
12960	0.000269755	9.86615e-05
13020	0.000273765	9.63e-05
13080	0.000278085	9.62898e-05
13140	0.000273345	9.42516e-05
13200	0.00027211	8.75556e-05
13260	0.00027761	9.30926e-05
13320	0.00027636	9.45433e-05
13380	0.00026879	9.49526e-05
13440	0.000274065	9.206e-05
13500	0.000275055	9.30381e-05
13560	0.000273185	9.67594e-05
13620	0.00027458	9.25861e-05
13680	0.000269515	9.54062e-05
13740	0.00026779	9.8823e-05
13800	0.00026554	9.89307e-05
13860	0.0002715	9.37295e-05
13920	0.00026801	9.34262e-05
13980	0.000264145	8.94888e-05
14040	0.00027147	9.46153e-05
14100	0.00027638	9.87961e-05
14160	0.000276285	9.89998e-05
14220	0.000278055	0.000101404
14280	0.00027469	9.49135e-05
14340	0.000276045	9.60138e-05
14400	0.0002779	9.55305e-05
14460	0.00027177	9.92368e-05
14520	0.000268655	9.65867e-05
14580	0.00027022	8.7912e-05
14640	0.00027298	8.97181e-05
14700	0.00027288	9.45016e-05
14760	0.00027428	8.94969e-05
14820	0.000274885	9.21547e-05
14880	0.00027434	9.13986e-05
14940	0.00027376	9.58662e-05
15000	0.00027124	9.60254e-05
15060	0.000266095	9.49797e-05
15120	0.000265465	9.93722e-05
15180	0.000264245	9.20889e-05
15240	0.000273475	9.31765e-05
15300	0.00027097	9.13679e-05
15360	0.00027647	9.68734e-05
15420	0.000279375	9.447e-05
15480	0.00027392	9.16813e-05
15540	0.00027528	9.01948e-05
15600	0.00027858	9.52408e-05
15660	0.0002762	9.4625e-05
15720	0.00027536	9.80863e-05
15780	0.000270815	9.52095e-05
15840	0.000272325	9.42481e-05
15900	0.000277535	9.87625e-05
15960	0.000278945	9.94217e-05
16020	0.00027972	9.17295e-05
16080	0.00027647	9.51362e-05
16140	0.000274755	9.70062e-05
16200	0.00027012	9.56075e-05
16260	0.000266925	9.47223e-05
16320	0.000271615	9.78787e-05
16380	0.000271485	9.68034e-05
16440	0.00026961	8.93271e-05
16500	0.00027598	9.32102e-05
16560	0.00027418	9.43668e-05
16620	0.000272585	9.50803e-05
16680	0.0002703	9.20253e-05
16740	0.000276325	9.37172e-05
16800	0.000271535	9.68807e-05
16860	0.00026955	9.46588e-05
16920	0.00026895	9.67206e-05
16980	0.000269655	9.79434e-05
17040	0.00027532	9.89242e-05
17100	0.00027011	9.79819e-05
17160	0.0002672	9.49794e-05
17220	0.00026596	8.9341e-05
17280	0.00026457	8.91787e-05
17340	0.000265955	9.00179e-05
17400	0.00026608	9.13808e-05
17460	0.000260985	8.87091e-05
17520	0.0002678	9.21977e-05
17580	0.000265825	8.92868e-05
17640	0.00026794	8.86271e-05
17700	0.00026618	9.16235e-05
17760	0.00026848	9.26947e-05
17820	0.00026678	9.38562e-05
17880	0.00026505	9.2828e-05
17940	0.000264295	8.9238e-05
18000	0.000262225	8.91049e-05
18060	0.000260085	8.65415e-05
18120	0.000264825	8.87197e-05
18180	0.000266615	9.18842e-05
18240	0.000269315	9.32766e-05
18300	0.000270715	8.99991e-05
18360	0.000265355	9.00091e-05
18420	0.00027047	9.36559e-05
18480	0.000267585	9.71502e-05
18540	0.00026815	9.48743e-05
18600	0.00026556	9.57348e-05
18660	0.00027189	9.68419e-05
18720	0.000268985	9.16442e-05
18780	0.000270385	9.33686e-05
18840	0.00027098	9.8625e-05
18900	0.00027477	9.63712e-05
18960	0.00027229	8.99996e-05
19020	0.00027086	9.07721e-05
19080	0.000271455	9.32343e-05
19140	0.0002631	9.12015e-05
19200	0.00026387	9.25881e-05
19260	0.00026411	9.16262e-05
19320	0.000262955	9.69107e-05
19380	0.00026228	8.83094e-05
19440	0.000260665	8.99462e-05
19500	0.00027117	9.43832e-05
19560	0.000272045	9.54346e-05
19620	0.00027676	9.39735e-05
19680	0.000270115	9.41095e-05
19740	0.000272655	9.92345e-05
19800	0.00027249	9.79307e-05
19860	0.000272335	9.98582e-05
19920	0.000270965	9.89775e-05
19980	0.00026424	9.44978e-05
20040	0.00026259	9.05639e-05
20100	0.00026605	8.60942e-05
20160	0.000267515	8.75232e-05
20220	0.00027004	8.52562e-05
20280	0.000270415	9.11014e-05
20340	0.00027241	0.000101515
20400	0.00027347	9.45069e-05
20460	0.000272125	9.25141e-05
20520	0.0002733	9.55426e-05
20580	0.000276695	9.63923e-05
20640	0.00027512	9.73827e-05
20700	0.00027034	9.94622e-05
20760	0.000267995	9.81955e-05
20820	0.00026996	9.92242e-05
20880	0.00026927	0.000100637
20940	0.000273875	9.70525e-05
21000	0.000274065	9.28802e-05
21060	0.000271335	9.76673e-05
21120	0.00027159	9.9247e-05
21180	0.000278395	9.49597e-05
21240	0.000276935	9.35321e-05
21300	0.00027121	9.68353e-05
21360	0.000270535	9.53262e-05
21420	0.000274415	9.98959e-05
21480	0.000271115	9.65338e-05
21540	0.00027308	9.07206e-05
21600	0.000271455	9.01339e-05
21660	0.000273805	8.92478e-05
21720	0.000274145	8.71194e-05
21780	0.00027288	8.65226e-05
21840	0.000274765	8.9826e-05
21900	0.00027561	9.74252e-05
21960	0.00027875	0.0001015
22020	0.000280095	9.57765e-05
22080	0.000275205	9.89315e-05
22140	0.00027938	9.58374e-05
22200	0.000271455	9.48029e-05
22260	0.00027193	0.000103638
22320	0.000271815	0.000100493
22380	0.00027041	9.79964e-05
22440	0.00026383	9.19998e-05
22500	0.000262855	8.94541e-05
22560	0.00027088	9.42001e-05
22620	0.00026971	9.30607e-05
22680	0.000268525	9.44586e-05
22740	0.000265515	9.22647e-05
22800	0.000264475	9.48466e-05
22860	0.000264545	8.95145e-05
22920	0.000268485	9.5591e-05
22980	0.00026687	9.52644e-05
23040	0.00026657	9.59739e-05
23100	0.00026967	9.38133e-05
23160	0.000271295	9.57543e-05
23220	0.000275875	9.65507e-05
23280	0.000270905	9.37678e-05
23340	0.000267455	9.17721e-05
23400	0.000268585	8.96826e-05
23460	0.00026779	8.83609e-05
23520	0.000269345	8.82217e-05
23580	0.00026787	8.94339e-05
23640	0.00026642	8.8897e-05
23700	0.000266255	9.24827e-05
23760	0.00026604	9.43596e-05
23820	0.000268215	9.39467e-05
23880	0.000267685	0.000101436
23940	0.000270565	9.69679e-05
24000	0.000269795	9.61136e-05
24060	0.000268625	9.15589e-05
24120	0.000268945	9.60143e-05
24180	0.000269735	9.40231e-05
24240	0.00026891	9.45436e-05
24300	0.000266985	9.31688e-05
24360	0.0002685	8.98291e-05
24420	0.000263455	9.09085e-05
24480	0.000268955	9.40106e-05
24540	0.000268585	9.27495e-05
24600	0.000270285	9.47758e-05
24660	0.0002738	0.000102518
24720	0.000270705	9.33076e-05
24780	0.000266355	8.97635e-05
24840	0.000273225	9.05271e-05
24900	0.00027192	9.61741e-05
24960	0.000265685	9.32443e-05
25020	0.000268615	9.35958e-05
25080	0.00026746	9.51926e-05
25140	0.000267795	9.10092e-05
25200	0.000265225	8.83566e-05
25260	0.000268635	9.26721e-05
25320	0.00027145	9.53144e-05
25380	0.00027023	8.93209e-05
25440	0.000268475	9.2587e-05
25500	0.00026948	9.35454e-05
25560	0.00027294	9.64076e-05
25620	0.000274445	9.46339e-05
25680	0.000270785	9.64211e-05
25740	0.000275565	9.12694e-05
25800	0.000273085	9.43307e-05
25860	0.0002708	9.28531e-05
25920	0.000271505	9.36094e-05
25980	0.000273965	9.31263e-05
26040	0.000273445	9.62961e-05
26100	0.00027124	9.72663e-05
26160	0.000271535	9.97969e-05
26220	0.00027294	9.49967e-05
26280	0.00026184	9.19447e-05
26340	0.00026323	9.57663e-05
26400	0.00026619	9.50563e-05
26460	0.000265615	9.67489e-05
26520	0.000272635	9.51419e-05
26580	0.00027527	9.91001e-05
26640	0.000274535	9.84525e-05
26700	0.00027389	9.62689e-05
26760	0.000274685	8.95512e-05
26820	0.00027116	9.27733e-05
26880	0.000270275	9.37102e-05
26940	0.00026563	9.09635e-05
27000	0.000263585	9.42026e-05
27060	0.00025857	9.45057e-05
27120	0.00025533	9.34898e-05
27180	0.000258765	9.37188e-05
27240	0.00026782	9.60415e-05
27300	0.00027243	9.54539e-05
27360	0.000269205	9.401e-05
27420	0.000270775	8.97192e-05
27480	0.00026887	9.35134e-05
27540	0.00026915	9.30447e-05
27600	0.000271165	9.68004e-05
27660	0.000272525	9.9152e-05
27720	0.000273085	9.16463e-05
27780	0.000270015	9.57201e-05
27840	0.00027283	9.66398e-05
27900	0.000278435	9.7215e-05
27960	0.000279665	9.76211e-05
28020	0.00027983	9.76534e-05
28080	0.00028241	9.42274e-05
28140	0.00027672	9.19908e-05
28200	0.00027308	9.41469e-05
28260	0.000268115	9.58281e-05
28320	0.00026849	9.78086e-05
28380	0.00026127	8.92957e-05
28440	0.00026224	8.98881e-05
28500	0.000263335	9.21141e-05
28560	0.000263295	9.47613e-05
28620	0.000266505	9.42629e-05
28680	0.00026598	9.06814e-05
28740	0.00026594	9.67869e-05
28800	0.000266645	9.04309e-05
28860	0.000270115	9.07955e-05
28920	0.00027251	9.47216e-05
28980	0.00026762	8.99911e-05
29040	0.000269	9.14306e-05
29100	0.00026736	9.25936e-05
29160	0.00026693	9.46589e-05
29220	0.000268115	9.72207e-05
29280	0.00026884	9.64675e-05
29340	0.00027041	9.3938e-05
29400	0.000267485	8.95404e-05
29460	0.000263945	9.36961e-05
29520	0.000268955	9.99177e-05
29580	0.00027106	9.89337e-05
29640	0.000276	9.9587e-05
29700	0.00027531	0.000100452
29760	0.000272105	9.9815e-05
29820	0.000270585	9.18242e-05
29880	0.00026917	9.32122e-05
29940	0.000273385	9.28223e-05
30000	0.000276535	9.21293e-05
30060	0.00027189	9.07753e-05
30120	0.000274345	8.79631e-05
30180	0.000272625	8.83925e-05
30240	0.000274915	9.70332e-05
30300	0.000276945	9.26475e-05
30360	0.00027654	9.51921e-05
30420	0.00027875	9.95259e-05
30480	0.000269585	9.19894e-05
30540	0.000268215	9.39521e-05
30600	0.000276065	8.80713e-05
30660	0.00027713	9.5392e-05
30720	0.000278015	9.77881e-05
30780	0.000275405	9.81859e-05
30840	0.00027154	9.67146e-05
30900	0.00027035	8.99114e-05
30960	0.000266045	8.83533e-05
31020	0.00026772	8.74247e-05
31080	0.00027133	9.35663e-05
31140	0.000268195	9.52324e-05
31200	0.000264975	9.22908e-05
31260	0.000266195	9.4075e-05
31320	0.000268625	9.7514e-05
31380	0.0002727	9.92989e-05
31440	0.0002736	9.65092e-05
31500	0.000272345	9.25981e-05
31560	0.00027382	9.45231e-05
31620	0.00028047	9.76356e-05
31680	0.00027644	9.46596e-05
31740	0.00026718	9.1274e-05
31800	0.0002646	8.8399e-05
31860	0.000268885	9.02521e-05
31920	0.000268035	8.9688e-05
31980	0.00026771	9.03738e-05
32040	0.00027098	9.10856e-05
32100	0.00027547	9.08676e-05
32160	0.000271955	8.99173e-05
32220	0.000269265	9.8464e-05
32280	0.00026536	8.83765e-05
32340	0.0002683	8.91812e-05
32400	0.000269405	9.1311e-05
32460	0.00027074	9.38515e-05
32520	0.000270715	9.17819e-05
32580	0.000273225	9.39317e-05
32640	0.00027382	9.49407e-05
32700	0.00027418	9.02964e-05
32760	0.00027667	9.51344e-05
32820	0.00027308	9.04084e-05
32880	0.00027279	9.18467e-05
32940	0.00026417	8.98256e-05
33000	0.000266185	8.74743e-05
33060	0.00026892	9.43139e-05
33120	0.00026622	8.7592e-05
33180	0.00026473	8.78268e-05
33240	0.000268165	8.63962e-05
33300	0.000269015	9.14065e-05
33360	0.00026876	9.05239e-05
33420	0.000260115	8.87784e-05
33480	0.000261385	9.40001e-05
33540	0.000264735	9.17782e-05
33600	0.00026406	9.04361e-05
33660	0.000267025	9.09869e-05
33720	0.000269155	9.48422e-05
33780	0.00026328	9.48658e-05
33840	0.000266955	9.41367e-05
33900	0.00026778	9.62193e-05
33960	0.000271405	9.33117e-05
34020	0.00027047	9.05124e-05
34080	0.000272895	9.1074e-05
34140	0.00026524	8.63876e-05
34200	0.000266685	9.21463e-05
34260	0.00026549	9.20951e-05
34320	0.000266065	9.24142e-05
34380	0.00026769	9.1879e-05
34440	0.000268245	8.65141e-05
34500	0.00026815	8.70948e-05
34560	0.000267215	9.32682e-05
34620	0.00026691	9.34732e-05
34680	0.00026399	9.03257e-05
34740	0.000268945	8.9018e-05
34800	0.00026871	9.2123e-05
34860	0.00027248	9.22405e-05
34920	0.0002714	9.19026e-05
34980	0.000268445	8.77825e-05
35040	0.00026714	9.70449e-05
35100	0.00026455	9.22126e-05
35160	0.000264385	9.79632e-05
35220	0.00026413	9.85315e-05
35280	0.00026647	9.81781e-05
35340	0.000263905	9.42143e-05
35400	0.000264995	9.38044e-05
35460	0.000264725	9.36122e-05
35520	0.000270315	9.05658e-05
35580	0.000268655	9.02181e-05
35640	0.000273015	9.51436e-05
35700	0.0002715	9.74629e-05
35760	0.000270465	9.37735e-05
35820	0.000271865	9.68812e-05
35880	0.00027491	0.000100168
35940	0.00027555	9.74971e-05
36000	0.00027719	9.50662e-05
36060	0.00027872	9.62897e-05
36120	0.000277405	9.50957e-05
36180	0.000277555	9.31467e-05
36240	0.00027782	9.21159e-05
36300	0.000276465	9.84484e-05
36360	0.00027305	9.97772e-05
36420	0.00026622	9.8064e-05
36480	0.000273945	9.38821e-05
36540	0.000273115	9.50567e-05
36600	0.00027662	9.38051e-05
36660	0.000269755	9.77149e-05
36720	0.000266515	9.54169e-05
36780	0.00026947	9.7302e-05
36840	0.000272545	9.35731e-05
36900	0.000271085	9.5488e-05
36960	0.0002718	9.38401e-05
37020	0.000275575	9.72821e-05
37080	0.000277155	9.6327e-05
37140	0.000271095	9.07187e-05
37200	0.000272815	9.4936e-05
37260	0.000270455	9.05674e-05
37320	0.00026964	9.13535e-05
37380	0.00027069	9.23716e-05
37440	0.000275925	9.44382e-05
37500	0.000276235	9.82966e-05
37560	0.00026979	9.33126e-05
37620	0.00027246	9.88001e-05
37680	0.000273565	9.61673e-05
37740	0.00027276	9.37726e-05
37800	0.000275925	8.90461e-05
37860	0.00027662	8.99249e-05
37920	0.000276635	9.44257e-05
37980	0.000275185	9.76694e-05
38040	0.000275425	9.45381e-05
38100	0.000278675	9.71812e-05
38160	0.000277225	8.84758e-05
38220	0.000267725	8.66076e-05
38280	0.000270105	8.55241e-05
38340	0.00026523	8.39925e-05
38400	0.000263335	8.86425e-05
38460	0.000263855	8.70211e-05
38520	0.000266195	9.49169e-05
38580	0.00026739	9.61168e-05
38640	0.00026502	9.41667e-05
38700	0.000269865	9.02191e-05
38760	0.00027267	9.00101e-05
38820	0.000271505	9.84093e-05
38880	0.000273855	9.71687e-05
38940	0.0002689	9.27799e-05
39000	0.000263495	9.38929e-05
39060	0.000260665	8.84435e-05
39120	0.000261915	8.88755e-05
39180	0.00026205	9.15847e-05
39240	0.000266645	9.53186e-05
39300	0.000265905	9.49906e-05
39360	0.00026781	9.18999e-05
39420	0.00026715	9.5605e-05
39480	0.000272945	9.43733e-05
39540	0.000273575	9.76207e-05
39600	0.000274115	9.47428e-05
39660	0.000270165	9.49275e-05
39720	0.00026895	9.48516e-05
39780	0.000265685	9.65643e-05
39840	0.000262855	8.85274e-05
39900	0.00026546	9.06674e-05
39960	0.00026364	9.07742e-05
40020	0.000264175	9.59179e-05
40080	0.00026591	9.30929e-05
40140	0.00026733	9.84252e-05
40200	0.00026783	9.4814e-05
40260	0.000271275	8.79971e-05
40320	0.00027262	8.90843e-05
40380	0.00028407	9.48782e-05
40440	0.000278485	9.38304e-05
40500	0.00027662	9.47351e-05
40560	0.000273025	9.61845e-05
40620	0.00027248	9.44804e-05
40680	0.00027111	8.74047e-05
40740	0.000273045	9.10281e-05
40800	0.00026708	9.07422e-05
40860	0.000261305	8.7616e-05
40920	0.000261995	9.009e-05
40980	0.00026286	9.44456e-05
41040	0.000268735	9.63521e-05
41100	0.000270785	9.29473e-05
41160	0.000270675	9.58806e-05
41220	0.000271445	9.78988e-05
41280	0.00026785	9.74604e-05
41340	0.000269965	9.5276e-05
41400	0.000273515	9.16792e-05
41460	0.000276965	9.67599e-05
41520	0.00027268	9.07161e-05
41580	0.00027137	8.95884e-05
41640	0.00026732	8.79938e-05
41700	0.000265175	9.26397e-05
41760	0.00026051	9.09724e-05
41820	0.000257315	8.91571e-05
41880	0.000261005	9.60507e-05
41940	0.000261935	9.39257e-05
42000	0.000260615	8.65789e-05
42060	0.000264625	9.75035e-05
42120	0.00026376	9.19344e-05
42180	0.000267475	9.61982e-05
42240	0.000266855	9.6097e-05
42300	0.000268795	9.68529e-05
42360	0.00026249	9.804e-05
42420	0.000268075	9.84507e-05
42480	0.000269005	9.47172e-05
42540	0.000265255	9.14483e-05
42600	0.000269885	9.67174e-05
42660	0.000267275	9.54584e-05
42720	0.000266335	9.07862e-05
42780	0.00026511	8.89963e-05
42840	0.000263835	8.99799e-05
42900	0.000261235	9.03133e-05
42960	0.0002595	8.71e-05
43020	0.000263905	8.89921e-05
43080	0.00026836	9.11384e-05
43140	0.0002661	9.25371e-05
43200	0.000264785	8.99345e-05
43260	0.000262895	8.82485e-05
43320	0.000267995	9.1112e-05
43380	0.000268155	9.17861e-05
43440	0.000274195	9.30691e-05
43500	0.00026891	8.96475e-05
43560	0.000272835	9.38994e-05
43620	0.000272565	9.34582e-05
43680	0.00026727	9.36442e-05
43740	0.00026454	9.0147e-05
43800	0.000267235	9.34198e-05
43860	0.000265005	9.19442e-05
43920	0.00026913	9.49059e-05
43980	0.000277535	9.6146e-05
44040	0.00027655	9.83014e-05
44100	0.00027515	9.78961e-05
44160	0.00027593	9.94444e-05
44220	0.000276325	9.86661e-05
44280	0.00027513	0.000100984
44340	0.00028046	0.000100251
44400	0.000278875	9.48326e-05
44460	0.000279035	9.58197e-05
44520	0.00028202	9.8681e-05
44580	0.00027813	9.45425e-05
44640	0.000276335	9.39586e-05
44700	0.00027198	9.16416e-05
44760	0.000275695	9.66984e-05
44820	0.00027391	9.65967e-05
44880	0.00027454	0.000100957
44940	0.000270365	9.87172e-05
45000	0.00027058	9.70367e-05
45060	0.00026763	9.27545e-05
45120	0.00026908	9.17383e-05
45180	0.00026915	9.24379e-05
45240	0.00027046	9.57712e-05
45300	0.00026953	9.5998e-05
45360	0.000266005	9.17462e-05
45420	0.0002663	9.32453e-05
45480	0.000269155	9.48526e-05
45540	0.00026502	9.2162e-05
45600	0.000268105	9.50066e-05
45660	0.000271005	9.81037e-05
45720	0.000269365	9.36941e-05
45780	0.00026824	9.28718e-05
45840	0.00026731	9.22913e-05
45900	0.000271105	9.52783e-05
45960	0.00027499	9.25982e-05
46020	0.000272175	8.77247e-05
46080	0.000271645	8.84555e-05
46140	0.000279425	9.34406e-05
46200	0.000279145	9.77656e-05
46260	0.00028223	0.000103644
46320	0.00027743	0.000101181
46380	0.000278235	9.54574e-05
46440	0.00027665	9.61084e-05
46500	0.000272705	9.58904e-05
46560	0.00027232	9.85742e-05
46620	0.000266575	9.76403e-05
46680	0.00025692	8.78744e-05
46740	0.0002652	9.12254e-05
46800	0.00026304	9.2724e-05
46860	0.00027091	9.76293e-05
46920	0.00027342	0.00010053
46980	0.000275095	9.82668e-05
47040	0.000275975	9.45259e-05
47100	0.0002721	8.77737e-05
47160	0.00027324	9.27014e-05
47220	0.00026594	9.51034e-05
47280	0.000268895	9.61614e-05
47340	0.00026687	9.48322e-05
47400	0.00026632	8.65555e-05
47460	0.000263865	8.55735e-05
47520	0.000268795	9.13608e-05
47580	0.000275135	9.14778e-05
47640	0.000272965	9.33053e-05
47700	0.000269885	9.84864e-05
47760	0.000272825	9.41648e-05
47820	0.0002683	9.24281e-05
47880	0.000272575	9.80513e-05
47940	0.00027323	9.78481e-05
48000	0.00027472	9.58804e-05
48060	0.000273065	9.35726e-05
48120	0.000268945	9.55453e-05
48180	0.000271175	9.2727e-05
48240	0.000271095	9.47069e-05
48300	0.000275925	9.98744e-05
48360	0.000270645	9.28752e-05
48420	0.000272815	9.53675e-05
48480	0.000267775	9.21876e-05
48540	0.00026247	9.31804e-05
48600	0.000265065	9.40758e-05
48660	0.00026669	8.98577e-05
48720	0.000260865	8.79923e-05
48780	0.000264685	8.72988e-05
48840	0.000267825	8.90225e-05
48900	0.00027095	8.92344e-05
48960	0.00026814	8.50963e-05
49020	0.000274055	9.19706e-05
49080	0.00027507	9.41075e-05
49140	0.0002742	9.16909e-05
49200	0.00027197	9.0341e-05
49260	0.00027027	8.78933e-05
49320	0.00026773	8.62209e-05
49380	0.00026982	9.17884e-05
49440	0.000275215	9.54033e-05
49500	0.000274215	9.48682e-05
49560	0.0002752	9.82595e-05
49620	0.00027515	0.0001006
49680	0.00027059	9.86314e-05
49740	0.000267445	9.28409e-05
49800	0.00026818	9.21197e-05
49860	0.00026874	9.74282e-05
49920	0.0002703	9.41345e-05
49980	0.00027281	9.32614e-05
50040	0.00027223	9.33292e-05
50100	0.000270775	9.23793e-05
50160	0.000269765	9.16716e-05
50220	0.000269615	9.19498e-05
50280	0.00026691	9.12634e-05
50340	0.00026555	8.69499e-05
50400	0.000264845	8.40122e-05
50460	0.00026863	9.11876e-05
50520	0.000265155	9.27424e-05
50580	0.00026504	9.24705e-05
50640	0.00026683	9.14084e-05
50700	0.0002678	8.9833e-05
50760	0.00027257	9.75028e-05
50820	0.0002725	0.000100303
50880	0.00026976	9.60391e-05
50940	0.000269815	9.5924e-05
51000	0.00026442	8.95346e-05
51060	0.000266605	9.19309e-05
51120	0.00027107	9.57418e-05
51180	0.000265875	9.09728e-05
51240	0.0002669	9.32972e-05
51300	0.000270185	9.00447e-05
51360	0.000267535	9.17591e-05
51420	0.000264955	8.93643e-05
51480	0.000267425	9.3801e-05
51540	0.000268755	9.19051e-05
51600	0.00026744	9.21671e-05
51660	0.00026618	8.71886e-05
51720	0.000265985	9.07231e-05
51780	0.00026722	9.37828e-05
51840	0.000267825	9.75432e-05
51900	0.00027191	9.52787e-05
51960	0.00026955	9.43402e-05
52020	0.000269185	9.18601e-05
52080	0.000271785	9.2973e-05
52140	0.00027254	9.59225e-05
52200	0.00026965	9.39017e-05
52260	0.00026964	9.5946e-05
52320	0.000269675	9.75291e-05
52380	0.000272065	9.72164e-05
52440	0.00026844	9.68251e-05
52500	0.00026924	8.94728e-05
52560	0.000266965	9.08225e-05
52620	0.000272275	9.10955e-05
52680	0.00027377	9.2885e-05
52740	0.000276485	9.16362e-05
52800	0.000278655	9.60546e-05
52860	0.000276355	0.000100045
52920	0.00026831	9.81177e-05
52980	0.00026569	9.43548e-05
53040	0.000264915	9.39019e-05
53100	0.000266265	9.01106e-05
53160	0.00026973	9.38741e-05
53220	0.000271145	9.64203e-05
53280	0.000273445	9.73674e-05
53340	0.000268315	9.5536e-05
53400	0.000272905	9.5971e-05
53460	0.000276775	0.000101241
53520	0.000279375	0.000101432
53580	0.000272625	0.000101801
53640	0.0002709	9.62096e-05
53700	0.00027343	9.57676e-05
53760	0.00027249	9.49591e-05
53820	0.0002736	9.2743e-05
53880	0.00027389	9.59959e-05
53940	0.00027182	9.55601e-05
54000	0.000273245	9.56455e-05
54060	0.00027241	9.21562e-05
54120	0.000275225	9.78201e-05
54180	0.000272275	9.64873e-05
54240	0.00026982	9.62617e-05
54300	0.000271355	9.78879e-05
54360	0.00027234	9.86045e-05
54420	0.00027267	0.000102325
54480	0.00027509	9.92387e-05
54540	0.000271665	9.67259e-05
54600	0.000271435	9.91885e-05
54660	0.00027257	0.000102158
54720	0.00027699	0.000101988
54780	0.00027412	9.33477e-05
54840	0.000276225	9.47073e-05
54900	0.000274625	9.38589e-05
54960	0.000274975	9.48589e-05
55020	0.000272635	9.76445e-05
55080	0.00027279	9.40668e-05
55140	0.000275495	9.32827e-05
55200	0.000274915	9.82977e-05
55260	0.000268895	9.48832e-05
55320	0.00027	9.10658e-05
55380	0.00027211	9.1307e-05
55440	0.000268845	8.658e-05
55500	0.00026778	9.04923e-05
55560	0.000270325	9.57386e-05
55620	0.00026858	9.19292e-05
55680	0.000274815	9.56771e-05
55740	0.00026967	9.10287e-05
55800	0.000276135	0.00010011
55860	0.000278045	0.000103028
55920	0.000278125	9.85e-05
55980	0.00027882	9.7277e-05
56040	0.00028445	9.67949e-05
56100	0.0002798	9.67606e-05
56160	0.00027634	0.000103133
56220	0.000274835	9.71851e-05
56280	0.000273395	9.85963e-05
56340	0.00026888	9.41493e-05
56400	0.00026597	9.60483e-05
56460	0.00026506	9.32424e-05
56520	0.000264235	9.6394e-05
56580	0.000264065	9.46259e-05
56640	0.000263225	9.05781e-05
56700	0.000260775	8.51628e-05
56760	0.00026369	8.34736e-05
56820	0.00026792	8.88815e-05
56880	0.000261165	8.52688e-05
56940	0.00026437	9.22939e-05
57000	0.000267975	9.38218e-05
57060	0.00027002	9.64148e-05
57120	0.00027115	9.39059e-05
57180	0.00026945	9.37211e-05
57240	0.000267715	9.47713e-05
57300	0.000269695	9.16743e-05
57360	0.00026839	9.16519e-05
57420	0.000266615	9.14654e-05
57480	0.00026692	8.94092e-05
57540	0.0002622	9.14336e-05
57600	0.000259565	9.43299e-05
57660	0.000262405	9.60434e-05
57720	0.00026275	9.48315e-05
57780	0.000268705	9.76013e-05
57840	0.000268805	9.46712e-05
57900	0.000268405	9.53293e-05
57960	0.00027118	9.46276e-05
58020	0.00026884	9.51569e-05
58080	0.000264175	0.000100461
58140	0.00026572	9.66538e-05
58200	0.000269465	9.43217e-05
58260	0.0002689	9.58612e-05
58320	0.00026374	8.90502e-05
58380	0.000272685	9.32966e-05
58440	0.00027231	8.73176e-05
58500	0.000273905	9.18711e-05
58560	0.00027602	9.56916e-05
58620	0.000273955	9.73688e-05
58680	0.000277	0.000100106
58740	0.000273335	9.91042e-05
58800	0.00026972	9.10837e-05
58860	0.00027073	9.67652e-05
58920	0.0002654	9.44214e-05
58980	0.000266065	9.79836e-05
59040	0.00026565	9.22246e-05
59100	0.000267685	9.45406e-05
59160	0.00026841	9.56906e-05
59220	0.0002698	9.28655e-05
59280	0.00026765	9.00184e-05
59340	0.000274605	9.87169e-05
59400	0.000278855	9.51747e-05
59460	0.000275125	9.19497e-05
59520	0.00027042	9.53248e-05
59580	0.000272095	9.68431e-05
59640	0.00027376	9.92535e-05
59700	0.000272355	9.59024e-05
59760	0.00027159	9.57695e-05
59820	0.000267835	9.3342e-05
59880	0.000266215	9.06285e-05
59940	0.00027036	9.59473e-05
60000	0.000267775	9.11123e-05
60060	0.000268955	9.32536e-05
60120	0.00026807	8.9705e-05
60180	0.00026667	8.64317e-05
60240	0.000270115	8.91868e-05
60300	0.00027154	9.54715e-05
60360	0.000271655	9.34584e-05
60420	0.00027442	9.91562e-05
60480	0.00026992	9.69922e-05
60540	0.000268115	9.39837e-05
60600	0.00026642	9.30935e-05
60660	0.000269625	9.79818e-05
60720	0.000268155	9.70192e-05
60780	0.000257965	8.67929e-05
60840	0.00024925	8.40453e-05
60900	0.000256055	8.95463e-05
60960	0.0002588	8.87418e-05
61020	0.000257485	8.87456e-05
61080	0.00025774	8.99713e-05
61140	0.000258375	9.54327e-05
61200	0.000264105	9.67014e-05
61260	0.00026583	0.000100847
61320	0.000271195	9.9211e-05
61380	0.00027039	9.75944e-05
61440	0.000266755	9.94266e-05
61500	0.00026893	9.80234e-05
61560	0.00027496	9.82567e-05
61620	0.000275695	9.41152e-05
61680	0.00027984	9.88517e-05
61740	0.00027646	0.000101695
61800	0.00027907	0.000100197
61860	0.00028078	0.000103936
61920	0.000279555	0.000100089
61980	0.00027648	0.000101837
62040	0.000274715	9.84455e-05
62100	0.000267715	9.39405e-05
62160	0.000267515	9.17841e-05
62220	0.00027309	9.63728e-05
62280	0.00027567	9.565e-05
62340	0.000276115	9.16053e-05
62400	0.00027065	9.40542e-05
62460	0.00027174	9.61333e-05
62520	0.000270075	9.36988e-05
62580	0.00027577	9.57334e-05
62640	0.000274415	9.29633e-05
62700	0.00027307	9.02863e-05
62760	0.000275005	8.75384e-05
62820	0.0002718	8.72208e-05
62880	0.00027287	9.12112e-05
62940	0.000273615	8.87503e-05
63000	0.00027143	9.62919e-05
63060	0.00027388	9.21195e-05
63120	0.000276175	9.40717e-05
63180	0.000270995	9.98935e-05
63240	0.00026468	9.68212e-05
63300	0.00026364	9.38947e-05
63360	0.000263225	9.38315e-05
63420	0.00026327	8.91325e-05
63480	0.00026705	9.71172e-05
63540	0.000267365	9.88457e-05
63600	0.00027056	9.3666e-05
63660	0.00026516	9.21744e-05
63720	0.000269865	9.63427e-05
63780	0.000272425	9.43643e-05
63840	0.000271865	9.49138e-05
63900	0.000271815	9.72402e-05
63960	0.000268375	9.39846e-05
64020	0.000267855	9.7602e-05
64080	0.00026693	9.503e-05
64140	0.000264585	9.43171e-05
64200	0.00026523	9.05822e-05
64260	0.00026749	9.32668e-05
64320	0.000273465	9.60715e-05
64380	0.00027349	9.83989e-05
64440	0.000270865	9.54495e-05
64500	0.000268735	9.50737e-05
64560	0.00026466	9.14292e-05
64620	0.000260865	9.07003e-05
64680	0.000266915	9.39547e-05
64740	0.000266825	8.95452e-05
64800	0.000265135	9.25087e-05
64860	0.000270035	9.39733e-05
64920	0.00026791	9.48374e-05
64980	0.00026788	9.40655e-05
65040	0.000267455	9.07029e-05
65100	0.000264055	8.90451e-05
65160	0.000269015	9.06517e-05
65220	0.000272525	9.67715e-05
65280	0.000271315	9.644e-05
65340	0.000272595	9.18635e-05
65400	0.000270245	8.90883e-05
65460	0.000272765	0.000100868
65520	0.00027473	9.64425e-05
65580	0.00027259	9.40382e-05
65640	0.0002707	9.04967e-05
65700	0.00027867	0.00010333
65760	0.00027862	0.000101368
65820	0.00027755	0.000100135
65880	0.000279645	9.80142e-05
65940	0.00027786	9.55656e-05
66000	0.00027419	9.52591e-05
66060	0.000268345	9.24885e-05
66120	0.000271875	9.54875e-05
66180	0.000272505	9.91981e-05
66240	0.00026934	9.46122e-05
66300	0.00026929	9.46704e-05
66360	0.00026843	9.68095e-05
66420	0.00026849	9.57808e-05
66480	0.000262255	9.3512e-05
66540	0.00026406	9.7219e-05
66600	0.00025908	8.92406e-05
66660	0.0002561	8.88201e-05
66720	0.00026403	8.94439e-05
66780	0.00026343	9.11879e-05
66840	0.000266235	9.34555e-05
66900	0.000264495	8.98131e-05
66960	0.00026437	8.95279e-05
67020	0.000264995	8.75742e-05
67080	0.000272955	8.96176e-05
67140	0.000272865	9.21735e-05
67200	0.00027621	9.18187e-05
67260	0.000275125	9.61356e-05
67320	0.00027243	8.99942e-05
67380	0.000272935	9.35807e-05
67440	0.000272105	9.16105e-05
67500	0.000274685	9.21027e-05
67560	0.00027728	9.62526e-05
67620	0.000272265	9.48607e-05
67680	0.000276955	9.1092e-05
67740	0.00027631	9.31106e-05
67800	0.000267485	9.34603e-05
67860	0.000265965	9.04033e-05
67920	0.000265575	9.15315e-05
67980	0.00026832	9.04591e-05
68040	0.000268155	9.26346e-05
68100	0.000269575	9.81919e-05
68160	0.00026936	9.8904e-05
68220	0.00026949	9.79829e-05
68280	0.000266415	9.40992e-05
68340	0.00026986	9.57258e-05
68400	0.00026439	9.59193e-05
68460	0.000266085	9.26886e-05
68520	0.00026981	9.32274e-05
68580	0.00026555	9.04972e-05
68640	0.000271415	9.61824e-05
68700	0.00027081	9.45753e-05
68760	0.00027013	9.34352e-05
68820	0.000270515	9.67471e-05
68880	0.00026903	9.69165e-05
68940	0.00027139	9.64945e-05
69000	0.00027093	9.09718e-05
69060	0.000269255	9.36685e-05
69120	0.00026547	9.23324e-05
69180	0.00026321	9.48563e-05
69240	0.000266705	9.42666e-05
69300	0.000269185	9.35534e-05
69360	0.000269565	8.51449e-05
69420	0.000269495	9.06857e-05
69480	0.000268745	8.70066e-05
69540	0.0002678	9.22074e-05
69600	0.000273665	9.56613e-05
69660	0.00026988	0.000100035
69720	0.000273435	9.55787e-05
69780	0.000264435	9.97283e-05
69840	0.000268365	9.85632e-05
69900	0.000267225	9.26709e-05
69960	0.000267545	9.35323e-05
70020	0.00027154	9.10107e-05
70080	0.000275585	9.06603e-05
70140	0.00027153	9.02127e-05
70200	0.00027218	9.4029e-05
70260	0.00026337	9.24759e-05
70320	0.000268135	9.45032e-05
70380	0.000273695	9.75182e-05
70440	0.000274995	9.59328e-05
70500	0.0002725	9.84975e-05
70560	0.000269145	9.68657e-05
70620	0.0002721	9.93408e-05
70680	0.000269305	9.47885e-05
70740	0.000272195	9.25682e-05
70800	0.000268025	9.06508e-05
70860	0.000265015	9.2599e-05
70920	0.000272075	8.8805e-05
70980	0.000272185	8.67815e-05
71040	0.000271385	8.72687e-05
71100	0.00027369	9.29637e-05
71160	0.00027582	9.51984e-05
71220	0.000270845	9.93448e-05
71280	0.000274335	9.8697e-05
71340	0.000274645	9.88918e-05
71400	0.000268805	9.99282e-05
71460	0.00026761	9.26865e-05
71520	0.00027276	9.62207e-05
71580	0.000273215	9.71389e-05
71640	0.000274065	9.1508e-05
71700	0.000268345	9.08194e-05
71760	0.000262215	9.14025e-05
71820	0.000268115	9.16526e-05
71880	0.00026449	8.82793e-05
71940	0.000274885	9.4153e-05
72000	0.0002711	9.59225e-05
72060	0.00026998	9.81866e-05
72120	0.00027064	9.34852e-05
72180	0.000270945	9.63346e-05
72240	0.00027305	9.80588e-05
72300	0.000276685	9.63833e-05
72360	0.000274485	9.30833e-05
72420	0.00027257	9.33696e-05
72480	0.00027305	9.20803e-05
72540	0.000271735	9.02398e-05
72600	0.00026931	9.59994e-05
72660	0.00027083	9.74533e-05
72720	0.00026949	9.33174e-05
72780	0.00027317	9.11471e-05
72840	0.00027637	8.92529e-05
72900	0.000274635	9.25348e-05
72960	0.000273885	9.6184e-05
73020	0.000267595	9.66721e-05
73080	0.00027046	0.000100661
73140	0.000273485	9.6269e-05
73200	0.000273845	9.40773e-05
73260	0.00026939	9.78214e-05
73320	0.000267925	9.31421e-05
73380	0.000276905	9.32298e-05
73440	0.00027827	9.136e-05
73500	0.00026514	8.82515e-05
73560	0.000266855	9.26382e-05
73620	0.000269975	9.06627e-05
73680	0.00026775	9.92945e-05
73740	0.00026703	9.8679e-05
73800	0.00026562	9.77925e-05
73860	0.00026782	9.01376e-05
73920	0.00026345	8.78102e-05
73980	0.00025859	8.46296e-05
74040	0.000261295	8.67623e-05
74100	0.00026369	8.96772e-05
74160	0.000261545	9.04034e-05
74220	0.00026545	9.09324e-05
74280	0.000268235	9.35353e-05
74340	0.000265435	8.94825e-05
74400	0.00026419	9.34924e-05
74460	0.000276335	9.58725e-05
74520	0.00028017	0.000100938
74580	0.00027975	9.48423e-05
74640	0.000277185	9.90728e-05
74700	0.00027105	9.35215e-05
74760	0.000267105	9.04411e-05
74820	0.000266755	8.88868e-05
74880	0.000266705	8.92032e-05
74940	0.00027117	9.2927e-05
75000	0.0002654	9.17563e-05
75060	0.0002686	9.44404e-05
75120	0.00026798	9.47209e-05
75180	0.000268655	9.65854e-05
75240	0.000271755	9.98558e-05
75300	0.000273795	9.49299e-05
75360	0.00027611	9.71801e-05
75420	0.00028077	9.85403e-05
75480	0.000272305	9.43504e-05
75540	0.00027392	9.89229e-05
75600	0.00026716	9.5657e-05
75660	0.000263715	9.37571e-05
75720	0.000263795	9.07527e-05
75780	0.00026483	8.81665e-05
75840	0.000271595	9.52757e-05
75900	0.000270635	9.40128e-05
75960	0.00026973	9.19211e-05
76020	0.000273065	9.5533e-05
76080	0.000278305	9.62461e-05
76140	0.000276815	9.22442e-05
76200	0.00027576	9.27836e-05
76260	0.00027676	9.63116e-05
76320	0.000271715	9.32436e-05
76380	0.00026912	9.38173e-05
76440	0.000270595	9.08329e-05
76500	0.000271865	9.66446e-05
76560	0.000272665	8.84713e-05
76620	0.00027675	9.45124e-05
76680	0.00027707	0.000100043
76740	0.00027381	9.71254e-05
76800	0.00027271	9.4278e-05
76860	0.000273215	9.38374e-05
76920	0.00026631	8.5128e-05
76980	0.00026279	8.48094e-05
77040	0.000259965	8.8812e-05
77100	0.000266905	9.26011e-05
77160	0.00026447	8.91337e-05
77220	0.00026473	9.20067e-05
77280	0.000270445	9.61714e-05
77340	0.000270085	9.71927e-05
77400	0.000269275	9.73948e-05
77460	0.00027599	9.79815e-05
77520	0.0002728	9.63465e-05
77580	0.00027282	9.64049e-05
77640	0.000268995	9.7775e-05
77700	0.00026716	9.59978e-05
77760	0.00026598	9.39199e-05
77820	0.00027149	8.96183e-05
77880	0.00027012	9.19243e-05
77940	0.00027167	9.78051e-05
78000	0.000271975	9.43568e-05
78060	0.00027059	9.40541e-05
78120	0.00027304	9.11834e-05
78180	0.00027451	9.10703e-05
78240	0.00027542	9.27932e-05
78300	0.00027601	9.53995e-05
78360	0.000272055	9.43213e-05
78420	0.00027627	9.0984e-05
78480	0.0002779	9.31748e-05
78540	0.00027577	9.73229e-05
78600	0.000276175	9.94508e-05
78660	0.000278675	9.97312e-05
78720	0.00028182	0.000101417
78780	0.000274575	9.75537e-05
78840	0.000273185	9.98578e-05
78900	0.000269595	9.42562e-05
78960	0.00026484	8.85164e-05
79020	0.000263625	9.16028e-05
79080	0.000268445	9.60825e-05
79140	0.000267595	9.32887e-05
79200	0.00026437	9.25655e-05
79260	0.00026368	9.23853e-05
79320	0.00026395	9.1687e-05
79380	0.000265585	9.30704e-05
79440	0.00026685	9.45342e-05
79500	0.00027146	9.3807e-05
79560	0.00027262	9.63373e-05
79620	0.000277515	9.60537e-05
79680	0.000274925	9.11049e-05
79740	0.000274505	9.06523e-05
79800	0.00027237	9.07992e-05
79860	0.00027344	0.000100466
79920	0.00027715	0.000102916
79980	0.000274	9.72212e-05
80040	0.00026959	0.000103878
80100	0.00027113	0.000103768
80160	0.00027205	0.000101391
80220	0.0002714	9.40675e-05
80280	0.000271245	9.03047e-05
80340	0.000269845	9.32641e-05
80400	0.000265445	9.29605e-05
80460	0.00026059	9.13837e-05
80520	0.000263745	9.23931e-05
80580	0.000261025	9.06384e-05
80640	0.00026319	9.03798e-05
80700	0.000261405	9.60924e-05
80760	0.00026154	0.000100856
80820	0.00026143	0.000100357
80880	0.00026701	9.81166e-05
80940	0.00026528	9.22493e-05
81000	0.00027061	9.60433e-05
81060	0.000267555	9.1331e-05
81120	0.000263915	9.29775e-05
81180	0.00026441	9.15047e-05
81240	0.000263405	9.23616e-05
81300	0.000269855	9.55927e-05
81360	0.000271675	9.39617e-05
81420	0.000272775	9.73637e-05
81480	0.000273705	9.66606e-05
81540	0.000272	9.54315e-05
81600	0.000275295	9.78548e-05
81660	0.000273655	9.21115e-05
81720	0.000270245	9.28175e-05
81780	0.00026916	9.55471e-05
81840	0.00026328	9.39835e-05
81900	0.000264525	9.63729e-05
81960	0.00025911	9.06854e-05
82020	0.000260965	9.33708e-05
82080	0.00026272	9.40208e-05
82140	0.000265765	9.24174e-05
82200	0.000265945	9.71931e-05
82260	0.000263395	9.47984e-05
82320	0.00026199	9.76024e-05
82380	0.000261	9.19656e-05
82440	0.000264945	8.9846e-05
82500	0.000262945	8.98625e-05
82560	0.000267745	9.09733e-05
82620	0.000271415	9.62675e-05
82680	0.0002684	9.45882e-05
82740	0.00027203	9.69054e-05
82800	0.00027263	9.56759e-05
82860	0.00027462	9.65688e-05
82920	0.000272975	9.88791e-05
82980	0.000273405	9.67108e-05
83040	0.000276465	9.64228e-05
83100	0.000274605	9.94539e-05
83160	0.00027911	9.79016e-05
83220	0.0002811	9.70436e-05
83280	0.000274315	9.63792e-05
83340	0.000271395	9.61506e-05
83400	0.00027213	9.20636e-05
83460	0.00027315	9.44204e-05
83520	0.000275025	9.42238e-05
83580	0.00027681	0.000103652
83640	0.00027735	9.94064e-05
83700	0.00027555	9.78533e-05
83760	0.00027127	9.36425e-05
83820	0.00027099	8.92593e-05
83880	0.000269175	9.40884e-05
83940	0.00027526	9.69331e-05
84000	0.000273465	9.2691e-05
84060	0.000272295	9.34949e-05
84120	0.00026709	8.9765e-05
84180	0.00027119	8.7483e-05
84240	0.00027048	9.2018e-05
84300	0.00027071	8.91458e-05
84360	0.00026436	8.90258e-05
84420	0.000265285	8.94076e-05
84480	0.00027127	9.58231e-05
84540	0.00027352	9.89156e-05
84600	0.00027114	9.70394e-05
84660	0.000268755	9.18645e-05
84720	0.00026989	9.33112e-05
84780	0.000274325	0.000100039
84840	0.000272665	9.46148e-05
84900	0.0002657	9.40985e-05
84960	0.000269465	9.69952e-05
85020	0.00026278	9.49466e-05
85080	0.000267165	9.10273e-05
85140	0.000268335	8.96576e-05
85200	0.0002697	9.51568e-05
85260	0.000270395	9.27717e-05
85320	0.000271935	9.22066e-05
85380	0.000273715	9.04829e-05
85440	0.00027234	9.06563e-05
85500	0.000272255	9.4738e-05
85560	0.000270205	9.41853e-05
85620	0.000266915	8.7146e-05
85680	0.000269755	9.05247e-05
85740	0.000271945	8.87869e-05
85800	0.00026995	8.70092e-05
85860	0.000272015	9.02351e-05
85920	0.000274905	9.09101e-05
85980	0.00026835	9.28528e-05
86040	0.00026807	9.10541e-05
86100	0.000264185	8.56107e-05
86160	0.000269695	9.11147e-05
86220	0.0002721	9.33675e-05
86280	0.00026817	9.5159e-05
86340	0.000269655	9.401e-05
86400	0.000274025	9.51695e-05
86460	0.00026987	9.32623e-05
86520	0.000273745	9.81463e-05
86580	0.000274645	9.24209e-05
86640	0.000273005	9.10049e-05
86700	0.00027591	9.24396e-05
86760	0.00027361	9.03844e-05
86820	0.000271245	0.000100423
86880	0.000269825	9.90522e-05
86940	0.00026487	9.17327e-05
87000	0.000264815	9.24837e-05
87060	0.000264845	8.72083e-05
87120	0.00026656	9.45409e-05
87180	0.000267825	9.5389e-05
87240	0.000268345	9.52078e-05
87300	0.00026813	9.57251e-05
87360	0.000271835	9.49023e-05
87420	0.00027508	9.34213e-05
87480	0.00027398	9.27992e-05
87540	0.000276295	9.50942e-05
87600	0.00027658	9.3007e-05
87660	0.000274705	9.76166e-05
87720	0.00027535	0.000101654
87780	0.000278505	9.84961e-05
87840	0.000277505	0.000101637
87900	0.000271625	9.39301e-05
87960	0.00027296	8.92936e-05
88020	0.000273225	9.23307e-05
88080	0.000275355	9.76768e-05
88140	0.000276135	9.76693e-05
88200	0.00027715	9.68474e-05
88260	0.000278235	9.69016e-05
88320	0.000276545	9.25162e-05
88380	0.000278695	0.000101086
88440	0.000269645	9.95271e-05
88500	0.00027168	9.84015e-05
88560	0.00026744	9.25843e-05
88620	0.00026569	9.20743e-05
88680	0.0002686	9.14201e-05
88740	0.000268045	9.12272e-05
88800	0.000270235	9.06711e-05
88860	0.00027079	9.259e-05
88920	0.00027456	9.78756e-05
88980	0.000275135	0.000102412
89040	0.000278	0.000100074
89100	0.000279815	9.90262e-05
89160	0.00027445	9.83666e-05
89220	0.00026621	9.75862e-05
89280	0.000263855	9.47228e-05
89340	0.000264975	8.73075e-05
89400	0.00026297	8.55162e-05
89460	0.000263545	8.56449e-05
89520	0.0002655	8.85679e-05
89580	0.00026945	9.18177e-05
89640	0.00026907	9.27944e-05
89700	0.00026905	9.63732e-05
89760	0.00026783	9.45579e-05
89820	0.00026456	9.20634e-05
89880	0.00026668	9.3968e-05
89940	0.000266555	9.45173e-05
90000	0.000264625	9.76826e-05
90060	0.000264415	9.94142e-05
90120	0.000262185	9.76144e-05
90180	0.00026203	9.21579e-05
90240	0.000264395	8.99846e-05
90300	0.00026775	9.43751e-05
90360	0.00026783	9.81968e-05
90420	0.00026328	9.30596e-05
90480	0.000267635	9.22428e-05
90540	0.000273615	9.69347e-05
90600	0.000276135	9.56977e-05
90660	0.000273995	0.000100478
90720	0.00027398	0.000100252
90780	0.000276285	0.000103925
90840	0.0002753	9.91135e-05
90900	0.0002719	9.9933e-05
90960	0.00027607	9.28633e-05
91020	0.00027237	9.35499e-05
91080	0.00027328	9.18883e-05
91140	0.00027084	8.81937e-05
91200	0.000271325	9.33762e-05
91260	0.000274875	9.64661e-05
91320	0.00027779	9.58105e-05
91380	0.00027468	9.25292e-05
91440	0.000269705	9.62165e-05
91500	0.000270835	9.68286e-05
91560	0.000269575	9.14134e-05
91620	0.00026497	9.20262e-05
91680	0.000266985	9.32726e-05
91740	0.000269615	9.5739e-05
91800	0.00026913	9.55374e-05
91860	0.00027522	9.72691e-05
91920	0.00027621	9.38248e-05
91980	0.00027745	9.25339e-05
92040	0.00027567	9.24009e-05
92100	0.000275145	9.33512e-05
92160	0.00027037	9.29003e-05
92220	0.00026877	9.05775e-05
92280	0.000262945	9.29713e-05
92340	0.00026707	9.17029e-05
92400	0.000266755	9.3822e-05
92460	0.000265905	8.93131e-05
92520	0.000270145	8.84925e-05
92580	0.00026917	8.5475e-05
92640	0.000267425	8.94866e-05
92700	0.000267285	8.93315e-05
92760	0.00027153	8.97118e-05
92820	0.00026783	9.24545e-05
92880	0.00026626	8.99094e-05
92940	0.000265375	9.52342e-05
93000	0.00027198	9.934e-05
93060	0.000275415	9.54713e-05
93120	0.000267985	9.04907e-05
93180	0.00026383	9.13839e-05
93240	0.00026548	9.01459e-05
93300	0.000269165	8.90182e-05
93360	0.00026879	9.38079e-05
93420	0.000268685	9.40204e-05
93480	0.000274045	9.31631e-05
93540	0.000270635	9.41263e-05
93600	0.000275945	9.38936e-05
93660	0.000274445	9.59777e-05
93720	0.00027628	9.72037e-05
93780	0.000273835	9.59767e-05
93840	0.00027464	9.79702e-05
93900	0.000279585	9.71705e-05
93960	0.000282545	0.000103525
94020	0.000272595	9.79775e-05
94080	0.00026885	9.47306e-05
94140	0.000270835	9.49739e-05
94200	0.000270255	9.43955e-05
94260	0.00026786	9.54266e-05
94320	0.000265745	8.7741e-05
94380	0.000264385	8.90538e-05
94440	0.000267265	9.27176e-05
94500	0.000271815	9.50779e-05
94560	0.00027234	9.2923e-05
94620	0.00026571	9.04934e-05
94680	0.00027094	8.76576e-05
94740	0.00027287	8.71086e-05
94800	0.000271575	8.52833e-05
94860	0.000268885	8.69692e-05
94920	0.0002661	8.71956e-05
94980	0.000265625	8.81773e-05
95040	0.00027143	9.10399e-05
95100	0.000271645	9.55964e-05
95160	0.00027256	9.64372e-05
95220	0.000266145	9.65542e-05
95280	0.000267165	9.28023e-05
95340	0.000265725	9.22507e-05
95400	0.000271635	9.49764e-05
95460	0.000268955	9.08277e-05
95520	0.0002688	9.22142e-05
95580	0.00027001	9.43425e-05
95640	0.00026828	9.1134e-05
95700	0.000270205	9.35057e-05
95760	0.00027231	9.65288e-05
95820	0.000271665	9.59501e-05
95880	0.000266745	9.1579e-05
95940	0.00026725	9.46483e-05
96000	0.0002661	9.68661e-05
96060	0.00026703	9.80771e-05
96120	0.000268495	9.76924e-05
96180	0.000271625	9.79258e-05
96240	0.00027169	9.83114e-05
96300	0.00027909	9.49404e-05
96360	0.000281885	9.48143e-05
96420	0.000275905	9.51488e-05
96480	0.000271015	9.18942e-05
96540	0.00026851	9.58893e-05
96600	0.00026544	8.86068e-05
96660	0.00026858	8.89725e-05
96720	0.00027035	9.01126e-05
96780	0.00027057	9.08559e-05
96840	0.000271285	9.49656e-05
96900	0.00026836	9.09261e-05
96960	0.000270775	9.42053e-05
97020	0.00027036	9.10109e-05
97080	0.000274205	9.31537e-05
97140	0.00027633	9.17157e-05
97200	0.00027834	9.82952e-05
97260	0.00027367	9.83207e-05
97320	0.000273175	9.24723e-05
97380	0.00027087	8.93539e-05
97440	0.00027361	9.45352e-05
97500	0.00027065	9.16803e-05
97560	0.00026979	9.18664e-05
97620	0.000268915	9.17283e-05
97680	0.000271895	9.16813e-05
97740	0.000270885	9.18445e-05
97800	0.000271995	9.28053e-05
97860	0.00026974	9.08474e-05
97920	0.000265035	9.2875e-05
97980	0.00026432	9.10722e-05
98040	0.00026737	8.88825e-05
98100	0.00027195	8.98807e-05
98160	0.000278145	9.69071e-05
98220	0.000271645	9.55346e-05
98280	0.000268555	9.32334e-05
98340	0.000269695	9.25794e-05
98400	0.00027312	9.53869e-05
98460	0.00027658	9.93334e-05
98520	0.0002689	9.95549e-05
98580	0.00026711	9.8813e-05
98640	0.000268505	9.66606e-05
98700	0.000272105	9.29804e-05
98760	0.000266225	9.03298e-05
98820	0.00026867	9.32351e-05
98880	0.000268835	9.51977e-05
98940	0.000270465	9.14954e-05
99000	0.000270715	9.78232e-05
99060	0.000262865	9.12146e-05
99120	0.00026276	9.40482e-05
99180	0.0002679	9.75615e-05
99240	0.00027171	9.54291e-05
99300	0.000268635	9.38532e-05
99360	0.000271085	8.92521e-05
99420	0.00026885	9.33277e-05
99480	0.000262775	8.56952e-05
99540	0.000264185	9.40807e-05
99600	0.000266785	9.51074e-05
99660	0.00026238	9.09397e-05
99720	0.00026186	9.18837e-05
99780	0.00026726	9.5312e-05
99840	0.000264445	9.03224e-05
99900	0.00026771	8.69909e-05
99960	0.000271075	8.80261e-05
100020	0.00027055	8.59802e-05
100080	0.000265085	8.52836e-05
100140	0.000264425	8.63528e-05
100200	0.00026434	9.10027e-05
100260	0.000262185	8.83479e-05
100320	0.000262675	8.29269e-05
100380	0.000262345	8.53544e-05
100440	0.00026515	8.56153e-05
100500	0.00026772	9.02152e-05
100560	0.000268005	9.54937e-05
100620	0.000269225	9.32183e-05
100680	0.000268085	9.37197e-05
100740	0.000268985	8.82861e-05
100800	0.000268475	9.26761e-05
100860	0.00027087	9.52671e-05
100920	0.00027492	9.28678e-05
100980	0.00026991	8.97528e-05
101040	0.00026586	8.86854e-05
101100	0.000270625	9.16466e-05
101160	0.00027287	9.04367e-05
101220	0.00027352	9.13475e-05
101280	0.000272405	9.50944e-05
101340	0.000270065	9.40487e-05
101400	0.00026764	9.4499e-05
101460	0.000263695	9.46915e-05
101520	0.00026609	9.18167e-05
101580	0.00026961	9.71774e-05
101640	0.00026927	9.40888e-05
101700	0.000262565	9.25188e-05
101760	0.00026542	8.82533e-05
101820	0.000261845	9.03126e-05
101880	0.000265055	9.68647e-05
101940	0.000266005	8.74163e-05
102000	0.00026562	9.11732e-05
102060	0.000267965	9.0011e-05
102120	0.00027109	9.18517e-05
102180	0.00026679	8.88464e-05
102240	0.00026544	8.59439e-05
102300	0.00026938	8.92885e-05
102360	0.000267215	9.27725e-05
102420	0.00027009	9.30275e-05
102480	0.000272895	9.33675e-05
102540	0.000269015	9.61006e-05
102600	0.00027373	9.63945e-05
102660	0.000272715	9.33914e-05
102720	0.000281855	9.63533e-05
102780	0.000282255	9.95678e-05
102840	0.000276305	0.00010173
102900	0.000277295	0.000106956
102960	0.000275845	0.000100285
103020	0.000270795	0.000100059
103080	0.000270425	0.000100238
103140	0.00027337	9.46618e-05
103200	0.000274285	9.82704e-05
103260	0.000277885	9.97379e-05
103320	0.00027661	9.75992e-05
103380	0.000266535	9.22785e-05
103440	0.000271955	9.28206e-05
103500	0.00027054	9.71622e-05
103560	0.000270565	9.53608e-05
103620	0.000268225	9.81706e-05
103680	0.00026283	9.66843e-05
103740	0.000262555	9.34305e-05
103800	0.000264875	9.42162e-05
103860	0.000261645	9.16271e-05
103920	0.000262575	9.38963e-05
103980	0.00026787	9.08286e-05
104040	0.00026957	9.19744e-05
104100	0.000272495	9.01437e-05
104160	0.000272235	8.8002e-05
104220	0.00027279	8.79829e-05
104280	0.000268685	8.94378e-05
104340	0.000268555	9.51301e-05
104400	0.000276205	9.92583e-05
104460	0.00027747	9.75223e-05
104520	0.000279965	9.79837e-05
104580	0.000276555	0.000101855
104640	0.000277135	0.000102291
104700	0.00027299	9.91391e-05
104760	0.000280235	9.78135e-05
104820	0.000277895	9.73761e-05
104880	0.000273525	9.47422e-05
104940	0.00027341	9.13907e-05
105000	0.000278945	9.13525e-05
105060	0.00027065	8.53489e-05
105120	0.000270555	9.03551e-05
105180	0.000268595	8.95778e-05
105240	0.000277205	9.32275e-05
105300	0.00027719	0.000100635
105360	0.00027237	9.06268e-05
105420	0.00027103	8.62183e-05
105480	0.000269105	9.35019e-05
105540	0.00026727	8.9477e-05
105600	0.00026964	9.47579e-05
105660	0.00026616	9.19565e-05
105720	0.000262545	9.16643e-05
105780	0.000263305	9.30736e-05
105840	0.00026775	9.84387e-05
105900	0.00026556	9.82551e-05
105960	0.000262025	9.78033e-05
106020	0.00026249	0.000100559
106080	0.00026096	9.4602e-05
106140	0.000263925	9.42625e-05
106200	0.000267485	9.19847e-05
106260	0.000266765	9.24767e-05
106320	0.00027163	9.24269e-05
106380	0.000274905	9.36609e-05
106440	0.000266135	8.98033e-05
106500	0.00026164	8.65321e-05
106560	0.0002649	9.20988e-05
106620	0.000262125	9.30798e-05
106680	0.00026894	9.39726e-05
106740	0.00026345	9.56865e-05
106800	0.000264605	9.74547e-05
106860	0.00026353	9.45891e-05
106920	0.000265165	9.47539e-05
106980	0.000268895	9.70331e-05
107040	0.00026666	9.42948e-05
107100	0.00027228	9.66309e-05
107160	0.000276065	9.59495e-05
107220	0.00027336	9.60827e-05
107280	0.00027334	9.78338e-05
107340	0.00027055	9.47694e-05
107400	0.00026905	9.35616e-05
107460	0.000269695	9.43199e-05
107520	0.000267645	9.32431e-05
107580	0.00026803	9.05244e-05
107640	0.00026722	9.15544e-05
107700	0.000271885	8.93431e-05
107760	0.00027008	9.26205e-05
107820	0.00027506	9.10258e-05
107880	0.00027351	9.34519e-05
107940	0.00026933	9.23355e-05
108000	0.00027155	9.28764e-05
108060	0.00026983	8.95088e-05
108120	0.000267255	9.24661e-05
108180	0.00027045	9.39578e-05
108240	0.000267385	9.33919e-05
108300	0.00027221	9.20241e-05
108360	0.00027208	9.29811e-05
108420	0.00027823	9.75108e-05
108480	0.000278285	9.71284e-05
108540	0.00027218	9.34757e-05
108600	0.000274005	9.91319e-05
108660	0.000269865	9.53563e-05
108720	0.00026641	9.16308e-05
108780	0.000268385	9.3734e-05
108840	0.000265905	8.911e-05
108900	0.000266525	9.00145e-05
108960	0.00026433	8.90975e-05
109020	0.000265925	9.03962e-05
109080	0.000264755	9.20551e-05
109140	0.00026629	9.73217e-05
109200	0.000266955	9.5349e-05
109260	0.000267905	9.65735e-05
109320	0.00026861	0.000100581
109380	0.000271245	9.77476e-05
109440	0.00027142	9.63704e-05
109500	0.00027468	9.55966e-05
109560	0.00027027	9.31698e-05
109620	0.000271435	9.55864e-05
109680	0.00026945	9.59677e-05
109740	0.000267975	9.88254e-05
109800	0.00026997	9.48079e-05
109860	0.000268945	9.47029e-05
109920	0.000265	9.40217e-05
109980	0.00026375	9.03251e-05
110040	0.000269835	9.16368e-05
110100	0.000269155	9.18523e-05
110160	0.000270835	9.23091e-05
110220	0.00027441	9.65293e-05
110280	0.0002714	9.52319e-05
110340	0.00027309	9.60916e-05
110400	0.00027211	9.65767e-05
110460	0.00026393	9.36655e-05
110520	0.000268165	9.22202e-05
110580	0.00026916	8.54003e-05
110640	0.00026917	8.90719e-05
110700	0.000270655	8.67062e-05
110760	0.000267945	8.99143e-05
110820	0.00026826	9.28111e-05
110880	0.000269025	9.40732e-05
110940	0.000271545	9.54033e-05
111000	0.00027181	9.31313e-05
111060	0.00026762	8.98504e-05
111120	0.000270765	9.36062e-05
111180	0.000273875	9.56547e-05
111240	0.0002765	9.84024e-05
111300	0.000271205	0.000100067
111360	0.00027358	9.81206e-05
111420	0.000269095	9.68178e-05
111480	0.00026915	9.24234e-05
111540	0.00027258	9.32529e-05
111600	0.00027505	9.17589e-05
111660	0.000269185	9.30558e-05
111720	0.000269325	9.28056e-05
111780	0.000270905	9.09149e-05
111840	0.000273675	9.22871e-05
111900	0.000274285	9.51787e-05
111960	0.000273885	9.6088e-05
112020	0.000272085	9.79004e-05
112080	0.00027124	9.91887e-05
112140	0.00027001	9.31967e-05
112200	0.000276855	9.51159e-05
112260	0.00027249	9.20079e-05
112320	0.000269325	8.90204e-05
112380	0.00027497	9.5494e-05
112440	0.000268965	9.35083e-05
112500	0.00026709	8.55235e-05
112560	0.000269155	8.91068e-05
112620	0.00026935	9.31299e-05
112680	0.00027512	9.63854e-05
112740	0.00027802	9.40455e-05
112800	0.000277825	9.4153e-05
112860	0.000274685	9.06465e-05
112920	0.00027937	9.74095e-05
112980	0.00027854	0.000100802
113040	0.000271455	9.21797e-05
113100	0.000271855	9.17328e-05
113160	0.00027461	9.46024e-05
113220	0.00027327	0.000100946
113280	0.00027169	9.9155e-05
113340	0.00027214	8.98314e-05
113400	0.000264595	8.33023e-05
113460	0.00027548	8.94258e-05
113520	0.000276065	9.38761e-05
113580	0.000272025	9.42495e-05
113640	0.00027575	9.32223e-05
113700	0.000271745	8.97438e-05
113760	0.000275725	9.09449e-05
113820	0.000272725	9.70657e-05
113880	0.00027636	9.59191e-05
113940	0.00027369	9.42052e-05
114000	0.00026989	9.54649e-05
114060	0.000269105	9.50857e-05
114120	0.000271735	9.07803e-05
114180	0.00027031	9.16738e-05
114240	0.000264005	9.06262e-05
114300	0.000265365	9.35937e-05
114360	0.00026716	9.15377e-05
114420	0.00026253	9.32524e-05
114480	0.00025757	8.88154e-05
114540	0.000258535	8.94829e-05
114600	0.00026022	8.83198e-05
114660	0.000265005	9.07729e-05
114720	0.00026653	9.12751e-05
114780	0.000264885	8.82671e-05
114840	0.00026576	9.02712e-05
114900	0.000268735	9.42702e-05
114960	0.00026856	9.47189e-05
115020	0.000269315	9.77335e-05
115080	0.00026909	9.6049e-05
115140	0.00027292	9.60592e-05
115200	0.000271465	9.27482e-05
115260	0.000269685	9.17935e-05
115320	0.0002683	9.02393e-05
115380	0.00026738	9.34665e-05
115440	0.000272495	9.35433e-05
115500	0.00027184	9.59533e-05
115560	0.000270205	9.30099e-05
115620	0.000272495	9.41869e-05
115680	0.00027511	0.000100353
115740	0.000271355	9.35666e-05
115800	0.00026913	9.29475e-05
115860	0.000273125	9.91949e-05
115920	0.00027418	0.000102893
115980	0.00026805	9.94667e-05
116040	0.00027079	9.99543e-05
116100	0.00027246	9.86474e-05
116160	0.000269595	9.69925e-05
116220	0.000270485	9.8499e-05
116280	0.00026822	9.54011e-05
116340	0.000271025	0.000100578
116400	0.00027267	9.64862e-05
116460	0.000268675	9.60709e-05
116520	0.00027132	9.81671e-05
116580	0.00026855	9.90103e-05
116640	0.000271255	9.59141e-05
116700	0.000274385	0.00010078
116760	0.00027197	9.89627e-05
116820	0.000273185	9.94869e-05
116880	0.00027461	9.91564e-05
116940	0.000272705	0.000102763
117000	0.00026879	9.71542e-05
117060	0.000264925	9.28035e-05
117120	0.000264595	9.16794e-05
117180	0.00027096	8.96471e-05
117240	0.000270345	9.13021e-05
117300	0.00026887	8.88007e-05
117360	0.00027094	9.47056e-05
117420	0.00027228	9.33174e-05
117480	0.00027301	9.26576e-05
117540	0.00026676	8.88853e-05
117600	0.000265885	8.80051e-05
117660	0.000262065	9.10121e-05
117720	0.00026329	9.31833e-05
117780	0.00026698	9.61063e-05
117840	0.000272605	9.70553e-05
117900	0.0002751	9.48883e-05
117960	0.00027461	8.97509e-05
118020	0.00027663	9.52306e-05
118080	0.000275085	9.88706e-05
118140	0.00027341	9.9504e-05
118200	0.000272375	9.35523e-05
118260	0.000272995	9.33674e-05
118320	0.000275325	9.54143e-05
118380	0.00026688	9.0487e-05
118440	0.00026334	9.03394e-05
118500	0.000264655	9.54677e-05
118560	0.000264495	9.16842e-05
118620	0.000265885	8.70664e-05
118680	0.00026666	9.13971e-05
118740	0.000263485	8.78009e-05
118800	0.000269395	9.04339e-05
118860	0.000269945	9.11331e-05
118920	0.000269525	9.00667e-05
118980	0.000271565	8.92927e-05
119040	0.000271645	9.10996e-05
119100	0.000270285	9.36498e-05
119160	0.00026823	9.08302e-05
119220	0.00027032	9.44887e-05
119280	0.000268025	9.41182e-05
119340	0.00026589	9.21297e-05
119400	0.0002695	9.41878e-05
119460	0.000272805	9.91047e-05
119520	0.000270765	0.000100904
119580	0.000265015	9.62794e-05
119640	0.00026585	9.05807e-05
119700	0.00026711	8.96675e-05
119760	0.00027005	9.18002e-05
119820	0.00027059	9.72519e-05
119880	0.000274435	9.99491e-05
119940	0.00027702	9.52628e-05
120000	0.00027928	9.97533e-05
120060	0.0002757	9.81562e-05
120120	0.000270685	9.86841e-05
120180	0.000268495	9.34437e-05
120240	0.000265075	9.22266e-05
120300	0.00027229	0.000102112
120360	0.00026964	9.94284e-05
120420	0.000265265	9.47929e-05
120480	0.000271075	9.39865e-05
120540	0.000272475	9.24274e-05
120600	0.00027743	9.72038e-05
120660	0.0002766	9.26077e-05
120720	0.00027729	9.53949e-05
120780	0.00027135	9.52916e-05
120840	0.000268015	9.65353e-05
120900	0.000266495	9.6641e-05
120960	0.000267015	9.48316e-05
121020	0.00026068	9.27116e-05
121080	0.000264645	9.42027e-05
121140	0.00026373	9.33776e-05
121200	0.00026649	9.8846e-05
121260	0.000270325	9.82211e-05
121320	0.000267445	9.51961e-05
121380	0.00026654	9.55812e-05
121440	0.00026918	9.77061e-05
121500	0.00026941	9.16547e-05
121560	0.000268625	9.6987e-05
121620	0.000265805	9.56545e-05
121680	0.00026423	9.07387e-05
121740	0.00026492	9.39329e-05
121800	0.000267625	9.52567e-05
121860	0.00026759	9.42976e-05
121920	0.00026401	8.97642e-05
121980	0.000267715	9.25514e-05
122040	0.00026984	8.83583e-05
122100	0.000273845	9.19048e-05
122160	0.00027154	9.7431e-05
122220	0.000274335	9.18129e-05
122280	0.000279645	9.35106e-05
122340	0.000281715	9.75824e-05
122400	0.00027353	9.16985e-05
122460	0.000273375	9.25155e-05
122520	0.00027182	9.44893e-05
122580	0.00027252	9.48667e-05
122640	0.00026936	9.1678e-05
122700	0.000271565	9.20316e-05
122760	0.000275005	9.01756e-05
122820	0.00027363	9.21065e-05
122880	0.000271585	9.27569e-05
122940	0.000273865	9.74536e-05
123000	0.000275235	0.000100934
123060	0.00027579	0.00010215
123120	0.00026953	9.96581e-05
123180	0.00027256	9.81298e-05
123240	0.00027225	9.74169e-05
123300	0.000280315	9.72361e-05
123360	0.000280495	9.7913e-05
123420	0.00027295	9.72516e-05
123480	0.000274515	9.16802e-05
123540	0.000268845	9.65174e-05
123600	0.000267525	9.53874e-05
123660	0.00026333	9.59638e-05
123720	0.000268715	9.56834e-05
123780	0.00027009	9.45149e-05
123840	0.000265755	9.61429e-05
123900	0.00026389	9.30897e-05
123960	0.000266425	9.06706e-05
124020	0.00026898	9.16225e-05
124080	0.00027508	9.40284e-05
124140	0.000270585	9.45549e-05
124200	0.000270745	9.28207e-05
124260	0.000270085	9.29975e-05
124320	0.000273995	9.12744e-05
124380	0.00027791	9.47583e-05
124440	0.000267265	9.51849e-05
124500	0.00026957	9.91539e-05
124560	0.000264535	9.27015e-05
124620	0.00026443	8.88094e-05
124680	0.000261525	8.7355e-05
124740	0.000265655	8.96198e-05
124800	0.000268265	9.02616e-05
124860	0.000266885	9.6565e-05
124920	0.00026831	9.88014e-05
124980	0.000265775	9.24444e-05
125040	0.00026438	9.59323e-05
125100	0.00026036	9.56458e-05
125160	0.00025819	9.11089e-05
125220	0.000256545	9.22033e-05
125280	0.00025936	8.74311e-05
125340	0.00026255	9.18316e-05
125400	0.00026213	8.95239e-05
125460	0.000262685	9.40547e-05
125520	0.00026628	9.66123e-05
125580	0.00027443	9.4964e-05
125640	0.000275875	9.4956e-05
125700	0.00026937	9.49067e-05
125760	0.00026881	9.49962e-05
125820	0.000269305	9.51411e-05
125880	0.000269405	9.56748e-05
125940	0.00027122	9.39777e-05
126000	0.00027098	9.85975e-05
126060	0.000271545	9.32637e-05
126120	0.00026908	8.99751e-05
126180	0.000268125	9.15924e-05
126240	0.00027425	9.37489e-05
126300	0.00026976	9.71672e-05
126360	0.00026697	9.77539e-05
126420	0.00026687	9.97893e-05
126480	0.00026875	9.57744e-05
126540	0.000276745	9.50548e-05
126600	0.000271065	9.03267e-05
126660	0.00027465	9.74915e-05
126720	0.00027703	9.82357e-05
126780	0.000274705	0.000100986
126840	0.00028142	9.91656e-05
126900	0.00027551	9.89365e-05
126960	0.00027588	9.76089e-05
127020	0.000278365	9.76286e-05
127080	0.000273745	9.74956e-05
127140	0.00027159	9.51195e-05
127200	0.00027222	9.81469e-05
127260	0.000270055	9.85558e-05
127320	0.000271095	9.56678e-05
127380	0.000271085	9.54898e-05
127440	0.00026781	9.39949e-05
127500	0.000272965	9.4168e-05
127560	0.000274125	9.54843e-05
127620	0.000270965	9.42857e-05
127680	0.000269015	9.29799e-05
127740	0.00026901	9.38772e-05
127800	0.00026694	8.88994e-05
127860	0.00026738	8.48272e-05
127920	0.00026814	8.67027e-05
127980	0.00026593	8.35591e-05
128040	0.000268485	8.94305e-05
128100	0.00026563	8.81844e-05
128160	0.00027187	8.83681e-05
128220	0.000274475	9.61474e-05
128280	0.000270955	9.6507e-05
128340	0.000271245	9.82382e-05
128400	0.000276185	0.000102694
128460	0.00027248	9.60373e-05
128520	0.000269435	9.54755e-05
128580	0.000271595	9.96332e-05
128640	0.000263605	9.25122e-05
128700	0.00026073	8.78746e-05
128760	0.00026352	9.01353e-05
128820	0.000268095	8.90673e-05
128880	0.000268955	8.81738e-05
128940	0.000266095	9.3308e-05
129000	0.00026833	9.00808e-05
129060	0.00026594	8.58448e-05
129120	0.00026823	8.94916e-05
129180	0.000267475	9.1304e-05
129240	0.00026708	9.23345e-05
129300	0.000266825	8.90285e-05
129360	0.000263045	8.73986e-05
129420	0.00026928	9.10866e-05
129480	0.00027309	9.64921e-05
129540	0.000269445	9.57764e-05
129600	0.000270125	9.92532e-05
129660	0.000270705	9.3827e-05
129720	0.00027147	9.69821e-05
129780	0.00027347	9.26015e-05
129840	0.000274425	9.32388e-05
129900	0.00027805	9.31766e-05
129960	0.00027077	9.15103e-05
130020	0.00026619	9.0104e-05
130080	0.00026969	8.89157e-05
130140	0.000266805	9.17188e-05
130200	0.00026674	9.21111e-05
130260	0.00027014	9.56554e-05
130320	0.00026532	9.111e-05
130380	0.000268	9.28394e-05
130440	0.000269935	9.33559e-05
130500	0.00026779	9.29479e-05
130560	0.000269765	9.05219e-05
130620	0.000268825	9.21567e-05
130680	0.000271245	9.25185e-05
130740	0.00026785	9.36043e-05
130800	0.000275555	9.89899e-05
130860	0.00027761	9.18259e-05
130920	0.0002782	8.84189e-05
130980	0.00027496	9.04588e-05
131040	0.00028078	9.19847e-05
131100	0.000271445	9.21397e-05
131160	0.00027176	9.16808e-05
131220	0.00027209	8.92409e-05
131280	0.000275595	9.58592e-05
131340	0.00027514	9.87713e-05
131400	0.0002727	0.00010139
131460	0.00027138	0.000104858
131520	0.00026752	9.87564e-05
131580	0.00026863	9.71821e-05
131640	0.00026668	9.15823e-05
131700	0.00026705	9.24849e-05
131760	0.00026901	9.18285e-05
131820	0.000268615	8.86329e-05
131880	0.000266765	9.23865e-05
131940	0.000266335	9.76134e-05
132000	0.000266095	8.70231e-05
132060	0.00026983	9.0446e-05
132120	0.00027083	9.04879e-05
132180	0.00027232	9.35657e-05
132240	0.000273755	9.84661e-05
132300	0.000275415	9.92019e-05
132360	0.00027734	9.72026e-05
132420	0.000274165	9.17581e-05
132480	0.00027302	9.06666e-05
132540	0.000270595	9.43123e-05
132600	0.000268735	9.40567e-05
132660	0.00026928	9.07861e-05
132720	0.000272305	9.50163e-05
132780	0.000271845	9.42932e-05
132840	0.000276215	9.36206e-05
132900	0.0002762	9.72268e-05
132960	0.000274225	9.48946e-05
133020	0.00027178	9.16844e-05
133080	0.000278805	9.57344e-05
133140	0.00027833	9.63769e-05
133200	0.00027533	9.13435e-05
133260	0.000280895	9.8103e-05
133320	0.000274165	9.19744e-05
133380	0.000268345	9.21435e-05
133440	0.0002723	0.000102217
133500	0.000271605	9.91237e-05
133560	0.00026795	9.54208e-05
133620	0.00027108	9.49659e-05
133680	0.0002687	9.79576e-05
133740	0.000269975	9.32623e-05
133800	0.00026467	8.82344e-05
133860	0.000263195	9.1491e-05
133920	0.000261035	8.65636e-05
133980	0.00026722	8.96593e-05
134040	0.000268185	8.824e-05
134100	0.00026589	9.70053e-05
134160	0.000264665	9.43483e-05
134220	0.00026288	9.35554e-05
134280	0.00026303	8.93198e-05
134340	0.000269725	9.4356e-05
134400	0.00027004	9.49143e-05
134460	0.0002723	9.84717e-05
134520	0.00027056	9.40937e-05
134580	0.000276695	9.80239e-05
134640	0.000274295	9.21392e-05
134700	0.000275045	9.65807e-05
134760	0.000277815	9.94448e-05
134820	0.000273035	9.66544e-05
134880	0.00027914	9.82523e-05
134940	0.00027621	0.000101528
135000	0.00027496	9.74621e-05
135060	0.00027395	9.07007e-05
135120	0.00027083	9.44168e-05
135180	0.00026763	9.08172e-05
135240	0.000269155	9.43191e-05
135300	0.000270925	9.46739e-05
135360	0.000269495	9.43365e-05
135420	0.000267305	9.8086e-05
135480	0.00026877	9.78552e-05
135540	0.000273095	0.000101143
135600	0.00026887	9.26146e-05
135660	0.000271365	8.72633e-05
135720	0.000268725	8.79219e-05
135780	0.00027199	9.78353e-05
135840	0.00026827	9.68659e-05
135900	0.00026909	9.27945e-05
135960	0.000270975	9.32779e-05
136020	0.00026559	9.69716e-05
136080	0.000265415	9.41623e-05
136140	0.000268425	9.07444e-05
136200	0.000267755	9.28944e-05
136260	0.000264885	9.11944e-05
136320	0.00026443	8.84245e-05
136380	0.000267555	8.99633e-05
136440	0.00026918	9.34632e-05
136500	0.00026785	9.2674e-05
136560	0.000271065	9.53041e-05
136620	0.00027095	9.70028e-05
136680	0.000274155	0.000102886
136740	0.000266705	9.56529e-05
136800	0.00026459	9.47876e-05
136860	0.00026786	9.24909e-05
136920	0.000274925	9.50064e-05
136980	0.000270175	9.594e-05
137040	0.00026736	9.56681e-05
137100	0.000268225	9.58233e-05
137160	0.00027018	9.55699e-05
137220	0.00026693	9.76961e-05
137280	0.00027404	9.87939e-05
137340	0.000270995	0.000103073
137400	0.00026988	0.000102315
137460	0.000273805	0.000100597
137520	0.000268235	9.19119e-05
137580	0.000271725	9.07259e-05
137640	0.00027132	9.66146e-05
137700	0.00027422	9.80208e-05
137760	0.000270485	9.2361e-05
137820	0.00027294	9.96816e-05
137880	0.000274175	9.64301e-05
137940	0.000273395	9.83726e-05
138000	0.000269695	9.80237e-05
138060	0.000272	9.57189e-05
138120	0.000275485	9.7681e-05
138180	0.000279	9.94408e-05
138240	0.00027831	9.29637e-05
138300	0.000279435	9.16949e-05
138360	0.00027602	9.11471e-05
138420	0.000272075	8.88934e-05
138480	0.00027666	9.5579e-05
138540	0.000275065	9.43307e-05
138600	0.00027058	9.54502e-05
138660	0.00026878	9.19716e-05
138720	0.000273815	9.70227e-05
138780	0.000268375	9.79784e-05
138840	0.000266815	9.74867e-05
138900	0.00026574	9.89101e-05
138960	0.000264815	9.49265e-05
139020	0.000268865	9.50414e-05
139080	0.00026994	9.23472e-05
139140	0.00026864	9.36543e-05
139200	0.000262145	9.50063e-05
139260	0.00026579	9.52979e-05
139320	0.000265065	9.26082e-05
139380	0.000264785	8.85442e-05
139440	0.00027215	9.62149e-05
139500	0.00026479	9.34448e-05
139560	0.000269165	9.66372e-05
139620	0.000271545	9.73437e-05
139680	0.000266195	9.12293e-05
139740	0.00026962	9.4085e-05
139800	0.000268835	9.50772e-05
139860	0.000273585	9.65745e-05
139920	0.00027068	9.28699e-05
139980	0.000271805	9.00686e-05
140040	0.00027152	9.55341e-05
140100	0.000270765	9.56202e-05
140160	0.00026802	9.84818e-05
140220	0.000271475	9.35941e-05
140280	0.00026986	9.32221e-05
140340	0.000271755	9.73195e-05
140400	0.000275755	9.79121e-05
140460	0.00027372	9.70273e-05
140520	0.00026882	9.48771e-05
140580	0.00026577	9.37273e-05
140640	0.000271715	9.42903e-05
140700	0.000268045	8.98459e-05
140760	0.000271445	9.64208e-05
140820	0.00027044	9.2682e-05
140880	0.00026783	8.71715e-05
140940	0.00027217	9.27202e-05
141000	0.000272065	8.94707e-05
141060	0.00027455	9.37761e-05
141120	0.00027238	9.50538e-05
141180	0.000269545	9.8071e-05
141240	0.00027005	9.6524e-05
141300	0.000267895	9.35995e-05
141360	0.000265525	9.42015e-05
141420	0.000270175	9.71617e-05
141480	0.00027494	9.76406e-05
141540	0.00027579	9.45375e-05
141600	0.000269995	9.07595e-05
141660	0.000266095	9.03435e-05
141720	0.00026911	9.11857e-05
141780	0.00026695	9.40913e-05
141840	0.00027169	9.5563e-05
141900	0.000272845	9.19266e-05
141960	0.000274245	9.30554e-05
142020	0.00027451	9.59997e-05
142080	0.000266605	9.43477e-05
142140	0.000269535	9.29695e-05
142200	0.000265495	9.38718e-05
142260	0.00026636	9.72259e-05
142320	0.000266475	9.62811e-05
142380	0.000262005	9.75586e-05
142440	0.00026378	9.43936e-05
142500	0.00026824	9.02612e-05
142560	0.000270925	9.44812e-05
142620	0.00026848	9.62588e-05
142680	0.00026743	0.000100493
142740	0.00026442	9.57191e-05
142800	0.000266315	9.59492e-05
142860	0.000266355	9.3064e-05
142920	0.000267095	9.1518e-05
142980	0.000270455	9.05295e-05
143040	0.000271645	9.66467e-05
143100	0.00027286	0.000100345
143160	0.000274365	0.000102736
143220	0.00027447	9.61983e-05
143280	0.00027466	9.18404e-05
143340	0.00027713	9.44519e-05
143400	0.00027621	9.22858e-05
143460	0.00027091	9.21044e-05
143520	0.000268115	8.73117e-05
143580	0.000267855	9.04329e-05
143640	0.00026819	9.05517e-05
143700	0.00026518	9.16722e-05
143760	0.00027078	9.6722e-05
143820	0.000266615	9.88337e-05
143880	0.00026745	9.89531e-05
143940	0.00026807	0.000102477
144000	0.00026457	9.66525e-05
144060	0.000267015	9.86104e-05
144120	0.00027138	9.67629e-05
144180	0.000271895	9.70402e-05
144240	0.000269655	9.74204e-05
144300	0.00026638	9.75289e-05
144360	0.000268365	9.46306e-05
144420	0.00026683	9.31684e-05
144480	0.000263195	9.13707e-05
144540	0.000262345	9.14333e-05
144600	0.00026363	9.24474e-05
144660	0.00026662	9.29083e-05
144720	0.00026532	9.13262e-05
144780	0.00026982	9.32657e-05
144840	0.000271685	9.2635e-05
144900	0.000268185	8.81062e-05
144960	0.00026749	9.28361e-05
145020	0.00026761	9.12471e-05
145080	0.000266915	8.4202e-05
145140	0.000270805	8.47527e-05
145200	0.00026991	9.23221e-05
145260	0.00026933	9.18201e-05
145320	0.00027167	9.02073e-05
145380	0.000272155	9.2083e-05
145440	0.000270665	9.6882e-05
145500	0.000271925	9.85278e-05
145560	0.000273285	9.3323e-05
145620	0.000270515	9.53412e-05
145680	0.000269175	9.43809e-05
145740	0.000273945	9.693e-05
145800	0.000267055	9.15716e-05
145860	0.00026764	9.49848e-05
145920	0.000273745	0.000100469
145980	0.000272	9.58817e-05
146040	0.00027456	9.06838e-05
146100	0.00026997	9.16884e-05
146160	0.00026522	9.14757e-05
146220	0.000263945	8.99148e-05
146280	0.000269335	9.32091e-05
146340	0.00027175	9.69731e-05
146400	0.000270565	9.47455e-05
146460	0.00027176	9.66416e-05
146520	0.000269775	9.52446e-05
146580	0.000270075	9.88048e-05
146640	0.00027007	0.00010011
146700	0.00027401	9.67446e-05
146760	0.00027097	9.04499e-05
146820	0.000266245	8.98812e-05
146880	0.00026957	9.3835e-05
146940	0.000269855	9.61183e-05
147000	0.000268215	9.31836e-05
147060	0.0002676	9.43787e-05
147120	0.0002705	9.69599e-05
147180	0.000264075	9.38783e-05
147240	0.00026619	9.57747e-05
147300	0.000265295	9.74523e-05
147360	0.000270685	9.64839e-05
147420	0.00027057	9.43869e-05
147480	0.00027049	9.51867e-05
147540	0.000271585	9.55419e-05
147600	0.00027057	9.88066e-05
147660	0.00026765	0.000103431
147720	0.000275875	0.00010269
147780	0.00027351	9.50972e-05
147840	0.000274375	9.37665e-05
147900	0.000270395	8.90952e-05
147960	0.000267915	9.01036e-05
148020	0.00026665	8.88977e-05
148080	0.000268295	9.35093e-05
148140	0.00027389	9.42735e-05
148200	0.00027697	8.88011e-05
148260	0.00027657	9.30707e-05
148320	0.00027692	9.47704e-05
148380	0.000270145	9.24785e-05
148440	0.000268845	9.36866e-05
148500	0.00026972	9.28667e-05
148560	0.000271265	9.38706e-05
148620	0.000271715	9.74238e-05
148680	0.000272775	9.7223e-05
148740	0.00027215	0.000101107
148800	0.000276015	0.000101573
148860	0.000271175	0.000100184
148920	0.00027013	0.000100585
148980	0.00027113	0.00010056
149040	0.00027099	9.76663e-05
149100	0.00027076	9.09015e-05
149160	0.00026932	9.8729e-05
149220	0.000267025	9.80081e-05
149280	0.00027204	0.000100849
149340	0.000276435	0.000100094
149400	0.00027853	9.41105e-05
149460	0.000277695	9.352e-05
149520	0.000273755	8.91995e-05
149580	0.000269745	9.22406e-05
149640	0.00026854	9.07783e-05
149700	0.00026489	8.39602e-05
149760	0.00026531	8.21376e-05
149820	0.000270525	9.13724e-05
149880	0.00026256	8.94599e-05
149940	0.000266655	9.35492e-05
150000	0.000259455	8.71165e-05
150060	0.000257525	8.57936e-05
150120	0.000262705	8.53344e-05
150180	0.00026403	8.90215e-05
150240	0.000263035	9.31152e-05
150300	0.00026385	9.35634e-05
150360	0.00026871	9.62041e-05
150420	0.00027006	9.49374e-05
150480	0.000267285	9.66213e-05
150540	0.000272685	9.53565e-05
150600	0.000274215	9.43973e-05
150660	0.000273765	9.29531e-05
150720	0.0002747	8.68926e-05
150780	0.0002748	8.67139e-05
150840	0.00027449	9.36226e-05
150900	0.00027398	9.15258e-05
150960	0.00027646	9.44139e-05
151020	0.00027767	9.35972e-05
151080	0.00027444	9.7209e-05
151140	0.00026798	9.5505e-05
151200	0.000265365	9.43848e-05
151260	0.000266735	9.94456e-05
151320	0.00026882	9.71885e-05
151380	0.00026791	9.7926e-05
151440	0.000270595	9.8641e-05
151500	0.000273655	0.000101253
151560	0.00027609	9.36993e-05
151620	0.000273805	9.31274e-05
151680	0.000268415	9.43421e-05
151740	0.000264715	9.09198e-05
151800	0.000268985	9.7968e-05
151860	0.00027233	9.13991e-05
151920	0.00027413	9.17786e-05
151980	0.00027049	9.26708e-05
152040	0.00026982	9.20823e-05
152100	0.00026434	9.27006e-05
152160	0.000265845	8.93136e-05
152220	0.00026878	9.13819e-05
152280	0.00026977	9.27985e-05
152340	0.0002696	9.16949e-05
152400	0.000272335	9.34038e-05
152460	0.00026866	9.03317e-05
152520	0.000271505	9.56817e-05
152580	0.00027379	9.82557e-05
152640	0.000274485	9.80771e-05
152700	0.00027082	9.50882e-05
152760	0.00027304	9.94435e-05
152820	0.00027705	9.86245e-05
152880	0.00027326	9.92171e-05
