0.000000	0.036649
0.000004	0.036674
0.000008	0.036749
0.000011	0.036875
0.000015	0.037051
0.000019	0.037277
0.000023	0.037553
0.000027	0.037880
0.000030	0.038257
0.000034	0.038684
0.000038	0.039161
0.000042	0.039689
0.000046	0.040268
0.000050	0.040897
0.000053	0.041576
0.000057	0.042306
0.000061	0.043087
0.000065	0.043918
0.000069	0.044800
0.000072	0.045732
0.000076	0.046716
0.000080	0.047750
0.000084	0.048835
0.000088	0.049971
0.000091	0.051159
0.000095	0.052397
0.000099	0.053687
0.000103	0.055028
0.000107	0.056420
0.000110	0.057864
0.000114	0.059360
0.000118	0.060907
0.000122	0.062506
0.000126	0.064157
0.000130	0.065859
0.000133	0.067614
0.000137	0.069421
0.000141	0.071280
0.000145	0.073192
0.000149	0.075156
0.000152	0.077173
0.000156	0.079243
0.000160	0.081365
0.000164	0.083541
0.000168	0.085769
0.000171	0.088051
0.000175	0.090387
0.000179	0.092775
0.000183	0.095218
0.000187	0.097714
0.000191	0.100264
0.000194	0.102869
0.000198	0.105528
0.000202	0.108241
0.000206	0.111008
0.000210	0.113830
0.000213	0.116708
0.000217	0.119640
0.000221	0.122627
0.000225	0.125670
0.000229	0.128768
0.000232	0.131922
0.000236	0.135132
0.000240	0.138398
0.000244	0.141720
0.000248	0.145098
0.000251	0.148533
0.000255	0.152024
0.000259	0.155573
0.000263	0.159178
0.000267	0.162841
0.000271	0.166561
0.000274	0.170339
0.000278	0.174175
0.000282	0.178068
0.000286	0.182020
0.000290	0.186030
0.000293	0.190098
0.000297	0.194225
0.000301	0.198411
0.000305	0.202656
0.000309	0.206960
0.000312	0.211324
0.000316	0.215747
0.000320	0.220231
0.000324	0.224774
0.000328	0.229377
0.000331	0.234040
0.000335	0.238765
0.000339	0.243549
0.000343	0.248395
0.000347	0.253302
0.000351	0.258270
0.000354	0.263299
0.000358	0.268390
0.000362	0.273543
0.000366	0.278758
0.000370	0.284035
0.000373	0.289374
0.000377	0.294775
0.000381	0.300240
0.000385	0.305767
0.000389	0.311356
0.000392	0.317009
0.000396	0.322726
0.000400	0.328505
0.000404	0.334348
0.000408	0.340255
0.000412	0.346225
0.000415	0.352260
0.000419	0.358359
0.000423	0.364521
0.000427	0.370748
0.000431	0.377040
0.000434	0.383396
0.000438	0.389816
0.000442	0.396302
0.000446	0.402852
0.000450	0.409467
0.000453	0.416148
0.000457	0.422893
0.000461	0.429703
0.000465	0.436579
0.000469	0.443520
0.000472	0.450527
0.000476	0.457598
0.000480	0.464735
0.000484	0.471938
0.000488	0.479206
0.000492	0.486540
0.000495	0.493939
0.000499	0.501403
0.000503	0.508933
0.000507	0.516529
0.000511	0.524190
0.000514	0.531916
0.000518	0.539707
0.000522	0.547564
0.000526	0.555486
0.000530	0.563473
0.000533	0.571525
0.000537	0.579642
0.000541	0.587824
0.000545	0.596070
0.000549	0.604381
0.000552	0.612756
0.000556	0.621195
0.000560	0.629698
0.000564	0.638265
0.000568	0.646896
0.000572	0.655590
0.000575	0.664347
0.000579	0.673167
0.000583	0.682049
0.000587	0.690994
0.000591	0.700001
0.000594	0.709069
0.000598	0.718199
0.000602	0.727390
0.000606	0.736641
0.000610	0.745953
0.000613	0.755324
0.000617	0.764755
0.000621	0.774245
0.000625	0.783794
0.000629	0.793401
0.000633	0.803065
0.000636	0.812786
0.000640	0.822564
0.000644	0.832398
0.000648	0.842288
0.000652	0.852232
0.000655	0.862231
0.000659	0.872283
0.000663	0.882388
0.000667	0.892546
0.000671	0.902755
0.000674	0.913015
0.000678	0.923326
0.000682	0.933686
0.000686	0.944094
0.000690	0.954551
0.000693	0.965054
0.000697	0.975604
0.000701	0.986199
0.000705	0.996839
0.000709	1.007522
0.000713	1.018248
0.000716	1.029015
0.000720	1.039824
0.000724	1.050672
0.000728	1.061558
0.000732	1.072483
0.000735	1.083444
0.000739	1.094440
0.000743	1.105471
0.000747	1.116535
0.000751	1.127631
0.000754	1.138758
0.000758	1.149915
0.000762	1.161100
0.000766	1.172313
0.000770	1.183551
0.000773	1.194815
0.000777	1.206101
0.000781	1.217409
0.000785	1.228738
0.000789	1.240087
0.000793	1.251453
0.000796	1.262835
0.000800	1.274232
0.000804	1.285643
0.000808	1.297066
0.000812	1.308499
0.000815	1.319941
0.000819	1.331391
0.000823	1.342846
0.000827	1.354305
0.000831	1.365767
0.000834	1.377230
0.000838	1.388693
0.000842	1.400152
0.000846	1.411608
0.000850	1.423058
0.000854	1.434501
0.000857	1.445934
0.000861	1.457357
0.000865	1.468766
0.000869	1.480162
0.000873	1.491541
0.000876	1.502901
0.000880	1.514242
0.000884	1.525562
0.000888	1.536857
0.000892	1.548128
0.000895	1.559371
0.000899	1.570585
0.000903	1.581768
0.000907	1.592919
0.000911	1.604034
0.000914	1.615113
0.000918	1.626153
0.000922	1.637154
0.000926	1.648111
0.000930	1.659025
0.000934	1.669893
0.000937	1.680712
0.000941	1.691483
0.000945	1.702201
0.000949	1.712865
0.000953	1.723474
0.000956	1.734026
0.000960	1.744518
0.000964	1.754949
0.000968	1.765318
0.000972	1.775621
0.000975	1.785858
0.000979	1.796026
0.000983	1.806124
0.000987	1.816150
0.000991	1.826102
0.000994	1.835978
0.000998	1.845776
0.001002	1.855496
0.001006	1.865134
0.001010	1.874690
0.001014	1.884161
0.001017	1.893546
0.001021	1.902844
0.001025	1.912053
0.001029	1.921170
0.001033	1.930195
0.001036	1.939125
0.001040	1.947960
0.001044	1.956698
0.001048	1.965338
0.001052	1.973877
0.001055	1.982315
0.001059	1.990650
0.001063	1.998880
0.001067	2.007005
0.001071	2.015023
0.001075	2.022933
0.001078	2.030733
0.001082	2.038423
0.001086	2.046000
0.001090	2.053465
0.001094	2.060816
0.001097	2.068052
0.001101	2.075171
0.001105	2.082173
0.001109	2.089057
0.001113	2.095822
0.001116	2.102467
0.001120	2.108991
0.001124	2.115394
0.001128	2.121674
0.001132	2.127831
0.001135	2.133863
0.001139	2.139772
0.001143	2.145555
0.001147	2.151213
0.001151	2.156744
0.001155	2.162149
0.001158	2.167427
0.001162	2.172576
0.001166	2.177598
0.001170	2.182492
0.001174	2.187257
0.001177	2.191893
0.001181	2.196399
0.001185	2.200777
0.001189	2.205025
0.001193	2.209144
0.001196	2.213133
0.001200	2.216992
0.001204	2.220721
0.001208	2.224322
0.001212	2.227792
0.001215	2.231133
0.001219	2.234345
0.001223	2.237428
0.001227	2.240383
0.001231	2.243209
0.001235	2.245906
0.001238	2.248476
0.001242	2.250918
0.001246	2.253234
0.001250	2.255422
0.001254	2.257485
0.001257	2.259422
0.001261	2.261234
0.001265	2.262921
0.001269	2.264484
0.001273	2.265924
0.001276	2.267241
0.001280	2.268437
0.001284	2.269511
0.001288	2.270465
0.001292	2.271299
0.001295	2.272014
0.001299	2.272611
0.001303	2.273091
0.001307	2.273454
0.001311	2.273702
0.001315	2.273835
0.001318	2.273854
0.001322	2.273761
0.001326	2.273556
0.001330	2.273241
0.001334	2.272815
0.001337	2.272281
0.001341	2.271639
0.001345	2.270891
0.001349	2.270037
0.001353	2.269078
0.001356	2.268017
0.001360	2.266853
0.001364	2.265588
0.001368	2.264223
0.001372	2.262759
0.001376	2.261198
0.001379	2.259541
0.001383	2.257788
0.001387	2.255941
0.001391	2.254001
0.001395	2.251970
0.001398	2.249848
0.001402	2.247637
0.001406	2.245338
0.001410	2.242952
0.001414	2.240481
0.001417	2.237926
0.001421	2.235288
0.001425	2.232568
0.001429	2.229767
0.001433	2.226887
0.001436	2.223929
0.001440	2.220895
0.001444	2.217785
0.001448	2.214601
0.001452	2.211343
0.001456	2.208014
0.001459	2.204615
0.001463	2.201146
0.001467	2.197609
0.001471	2.194006
0.001475	2.190337
0.001478	2.186603
0.001482	2.182807
0.001486	2.178949
0.001490	2.175030
0.001494	2.171051
0.001497	2.167015
0.001501	2.162921
0.001505	2.158771
0.001509	2.154567
0.001513	2.150309
0.001516	2.145999
0.001520	2.141638
0.001524	2.137227
0.001528	2.132767
0.001532	2.128259
0.001536	2.123704
0.001539	2.119104
0.001543	2.114460
0.001547	2.109772
0.001551	2.105042
0.001555	2.100271
0.001558	2.095459
0.001562	2.090609
0.001566	2.085721
0.001570	2.080796
0.001574	2.075835
0.001577	2.070838
0.001581	2.065809
0.001585	2.060746
0.001589	2.055651
0.001593	2.050525
0.001597	2.045369
0.001600	2.040184
0.001604	2.034971
0.001608	2.029731
0.001612	2.024465
0.001616	2.019173
0.001619	2.013856
0.001623	2.008517
0.001627	2.003154
0.001631	1.997769
0.001635	1.992363
0.001638	1.986938
0.001642	1.981492
0.001646	1.976028
0.001650	1.970546
0.001654	1.965047
0.001657	1.959532
0.001661	1.954002
0.001665	1.948457
0.001669	1.942897
0.001673	1.937325
0.001677	1.931739
0.001680	1.926143
0.001684	1.920534
0.001688	1.914916
0.001692	1.909287
0.001696	1.903650
0.001699	1.898004
0.001703	1.892350
0.001707	1.886689
0.001711	1.881021
0.001715	1.875347
0.001718	1.869668
0.001722	1.863984
0.001726	1.858295
0.001730	1.852603
0.001734	1.846908
0.001737	1.841210
0.001741	1.835510
0.001745	1.829808
0.001749	1.824106
0.001753	1.818403
0.001757	1.812700
0.001760	1.806997
0.001764	1.801296
0.001768	1.795595
0.001772	1.789897
0.001776	1.784201
0.001779	1.778507
0.001783	1.772816
0.001787	1.767130
0.001791	1.761447
0.001795	1.755768
0.001798	1.750095
0.001802	1.744426
0.001806	1.738763
0.001810	1.733106
0.001814	1.727455
0.001818	1.721810
0.001821	1.716173
0.001825	1.710543
0.001829	1.704921
0.001833	1.699306
0.001837	1.693700
0.001840	1.688102
0.001844	1.682513
0.001848	1.676933
0.001852	1.671363
0.001856	1.665802
0.001859	1.660252
0.001863	1.654711
0.001867	1.649181
0.001871	1.643662
0.001875	1.638154
0.001878	1.632657
0.001882	1.627171
0.001886	1.621697
0.001890	1.616235
0.001894	1.610786
0.001898	1.605348
0.001901	1.599923
0.001905	1.594511
0.001909	1.589111
0.001913	1.583725
0.001917	1.578352
0.001920	1.572992
0.001924	1.567646
0.001928	1.562314
0.001932	1.556996
0.001936	1.551691
0.001939	1.546401
0.001943	1.541126
0.001947	1.535864
0.001951	1.530618
0.001955	1.525386
0.001958	1.520169
0.001962	1.514968
0.001966	1.509781
0.001970	1.504609
0.001974	1.499453
0.001978	1.494313
0.001981	1.489188
0.001985	1.484079
0.001989	1.478985
0.001993	1.473907
0.001997	1.468846
0.002000	1.463800
0.002004	1.458770
0.002008	1.453757
0.002012	1.448759
0.002016	1.443778
0.002019	1.438814
0.002023	1.433866
0.002027	1.428934
0.002031	1.424019
0.002035	1.419120
0.002039	1.414238
0.002042	1.409373
0.002046	1.404524
0.002050	1.399693
0.002054	1.394878
0.002058	1.390080
0.002061	1.385299
0.002065	1.380535
0.002069	1.375787
0.002073	1.371057
0.002077	1.366344
0.002080	1.361648
0.002084	1.356968
0.002088	1.352306
0.002092	1.347661
0.002096	1.343033
0.002099	1.338422
0.002103	1.333828
0.002107	1.329251
0.002111	1.324692
0.002115	1.320149
0.002119	1.315624
0.002122	1.311116
0.002126	1.306624
0.002130	1.302150
0.002134	1.297693
0.002138	1.293253
0.002141	1.288831
0.002145	1.284425
0.002149	1.280036
0.002153	1.275664
0.002157	1.271310
0.002160	1.266972
0.002164	1.262651
0.002168	1.258348
0.002172	1.254061
0.002176	1.249791
0.002179	1.245538
0.002183	1.241302
0.002187	1.237083
0.002191	1.232880
0.002195	1.228695
0.002199	1.224526
0.002202	1.220374
0.002206	1.216239
0.002210	1.212120
0.002214	1.208018
0.002218	1.203933
0.002221	1.199864
0.002225	1.195812
0.002229	1.191776
0.002233	1.187756
0.002237	1.183753
0.002240	1.179767
0.002244	1.175796
0.002248	1.171842
0.002252	1.167905
0.002256	1.163983
0.002259	1.160078
0.002263	1.156189
0.002267	1.152316
0.002271	1.148459
0.002275	1.144618
0.002279	1.140793
0.002282	1.136984
0.002286	1.133191
0.002290	1.129413
0.002294	1.125651
0.002298	1.121906
0.002301	1.118175
0.002305	1.114460
0.002309	1.110761
0.002313	1.107078
0.002317	1.103409
0.002320	1.099757
0.002324	1.096119
0.002328	1.092497
0.002332	1.088890
0.002336	1.085299
0.002340	1.081722
0.002343	1.078161
0.002347	1.074615
0.002351	1.071084
0.002355	1.067567
0.002359	1.064066
0.002362	1.060579
0.002366	1.057107
0.002370	1.053650
0.002374	1.050208
0.002378	1.046780
0.002381	1.043366
0.002385	1.039968
0.002389	1.036583
0.002393	1.033213
0.002397	1.029858
0.002400	1.026516
0.002404	1.023189
0.002408	1.019876
0.002412	1.016578
0.002416	1.013293
0.002420	1.010022
0.002423	1.006765
0.002427	1.003522
0.002431	1.000293
0.002435	0.997078
0.002439	0.993876
0.002442	0.990688
0.002446	0.987514
0.002450	0.984353
0.002454	0.981206
0.002458	0.978072
0.002461	0.974951
0.002465	0.971844
0.002469	0.968750
0.002473	0.965670
0.002477	0.962602
0.002480	0.959548
0.002484	0.956506
0.002488	0.953478
0.002492	0.950462
0.002496	0.947460
0.002500	0.944470
0.002503	0.941493
0.002507	0.938529
0.002511	0.935577
0.002515	0.932638
0.002519	0.929711
0.002522	0.926797
0.002526	0.923895
0.002530	0.921006
0.002534	0.918129
0.002538	0.915264
0.002541	0.912411
0.002545	0.909571
0.002549	0.906743
0.002553	0.903926
0.002557	0.901122
0.002561	0.898330
0.002564	0.895549
0.002568	0.892780
0.002572	0.890024
0.002576	0.887278
0.002580	0.884545
0.002583	0.881823
0.002587	0.879112
0.002591	0.876413
0.002595	0.873726
0.002599	0.871050
0.002602	0.868385
0.002606	0.865731
0.002610	0.863089
0.002614	0.860458
0.002618	0.857838
0.002621	0.855229
0.002625	0.852631
0.002629	0.850044
0.002633	0.847468
0.002637	0.844903
0.002641	0.842349
0.002644	0.839805
0.002648	0.837272
0.002652	0.834750
0.002656	0.832239
0.002660	0.829737
0.002663	0.827247
0.002667	0.824767
0.002671	0.822297
0.002675	0.819838
0.002679	0.817389
0.002682	0.814950
0.002686	0.812522
0.002690	0.810103
0.002694	0.807695
0.002698	0.805297
0.002701	0.802909
0.002705	0.800530
0.002709	0.798162
0.002713	0.795804
0.002717	0.793455
0.002721	0.791116
0.002724	0.788787
0.002728	0.786468
0.002732	0.784158
0.002736	0.781858
0.002740	0.779567
0.002743	0.777286
0.002747	0.775014
0.002751	0.772752
0.002755	0.770499
0.002759	0.768256
0.002762	0.766021
0.002766	0.763796
0.002770	0.761580
0.002774	0.759373
0.002778	0.757176
0.002782	0.754987
0.002785	0.752807
0.002789	0.750637
0.002793	0.748475
0.002797	0.746322
0.002801	0.744178
0.002804	0.742042
0.002808	0.739916
0.002812	0.737798
0.002816	0.735689
0.002820	0.733588
0.002823	0.731496
0.002827	0.729412
0.002831	0.727337
0.002835	0.725271
0.002839	0.723213
0.002842	0.721163
0.002846	0.719121
0.002850	0.717088
0.002854	0.715063
0.002858	0.713047
0.002862	0.711038
0.002865	0.709037
0.002869	0.707045
0.002873	0.705061
0.002877	0.703084
0.002881	0.701116
0.002884	0.699156
0.002888	0.697203
0.002892	0.695258
0.002896	0.693321
0.002900	0.691392
0.002903	0.689471
0.002907	0.687557
0.002911	0.685651
0.002915	0.683753
0.002919	0.681862
0.002922	0.679979
0.002926	0.678103
0.002930	0.676234
0.002934	0.674374
0.002938	0.672520
0.002942	0.670674
0.002945	0.668835
0.002949	0.667004
0.002953	0.665179
0.002957	0.663363
0.002961	0.661553
0.002964	0.659750
0.002968	0.657955
0.002972	0.656166
0.002976	0.654385
0.002980	0.652610
0.002983	0.650843
0.002987	0.649082
0.002991	0.647329
0.002995	0.645582
0.002999	0.643842
0.003003	0.642109
0.003006	0.640383
0.003010	0.638664
0.003014	0.636951
0.003018	0.635245
0.003022	0.633545
0.003025	0.631852
0.003029	0.630166
0.003033	0.628486
0.003037	0.626813
0.003041	0.625147
0.003044	0.623486
0.003048	0.621833
0.003052	0.620185
0.003056	0.618544
0.003060	0.616909
0.003063	0.615281
0.003067	0.613659
0.003071	0.612043
0.003075	0.610433
0.003079	0.608830
0.003083	0.607232
0.003086	0.605641
0.003090	0.604056
0.003094	0.602477
0.003098	0.600904
0.003102	0.599337
0.003105	0.597776
0.003109	0.596221
0.003113	0.594672
0.003117	0.593129
0.003121	0.591591
0.003124	0.590060
0.003128	0.588534
0.003132	0.587014
0.003136	0.585500
0.003140	0.583991
0.003143	0.582488
0.003147	0.580991
0.003151	0.579500
0.003155	0.578014
0.003159	0.576534
0.003163	0.575059
0.003166	0.573590
0.003170	0.572126
0.003174	0.570668
0.003178	0.569215
0.003182	0.567768
0.003185	0.566326
0.003189	0.564890
0.003193	0.563458
0.003197	0.562033
0.003201	0.560612
0.003204	0.559197
0.003208	0.557787
0.003212	0.556382
0.003216	0.554983
0.003220	0.553588
0.003224	0.552199
0.003227	0.550815
0.003231	0.549436
0.003235	0.548062
0.003239	0.546693
0.003243	0.545330
0.003246	0.543971
0.003250	0.542617
0.003254	0.541268
0.003258	0.539925
0.003262	0.538586
0.003265	0.537252
0.003269	0.535922
0.003273	0.534598
0.003277	0.533279
0.003281	0.531964
0.003284	0.530654
0.003288	0.529349
0.003292	0.528049
0.003296	0.526753
0.003300	0.525462
0.003304	0.524176
0.003307	0.522894
0.003311	0.521617
0.003315	0.520345
0.003319	0.519077
0.003323	0.517814
0.003326	0.516555
0.003330	0.515301
0.003334	0.514051
0.003338	0.512806
0.003342	0.511565
0.003345	0.510329
0.003349	0.509097
0.003353	0.507870
0.003357	0.506646
0.003361	0.505428
0.003364	0.504213
0.003368	0.503003
0.003372	0.501798
0.003376	0.500596
0.003380	0.499399
0.003384	0.498206
0.003387	0.497017
0.003391	0.495833
0.003395	0.494652
0.003399	0.493476
0.003403	0.492304
0.003406	0.491136
0.003410	0.489972
0.003414	0.488813
0.003418	0.487657
0.003422	0.486505
0.003425	0.485358
0.003429	0.484214
0.003433	0.483075
0.003437	0.481939
0.003441	0.480808
0.003444	0.479680
0.003448	0.478556
0.003452	0.477437
0.003456	0.476321
0.003460	0.475209
0.003464	0.474100
0.003467	0.472996
0.003471	0.471896
0.003475	0.470799
0.003479	0.469706
0.003483	0.468617
0.003486	0.467531
0.003490	0.466450
0.003494	0.465372
0.003498	0.464297
0.003502	0.463227
0.003505	0.462160
0.003509	0.461097
0.003513	0.460037
0.003517	0.458981
0.003521	0.457929
0.003525	0.456880
0.003528	0.455835
0.003532	0.454793
0.003536	0.453755
0.003540	0.452721
0.003544	0.451690
0.003547	0.450662
0.003551	0.449638
0.003555	0.448617
0.003559	0.447600
0.003563	0.446586
0.003566	0.445576
0.003570	0.444569
0.003574	0.443566
0.003578	0.442566
0.003582	0.441569
0.003585	0.440575
0.003589	0.439585
0.003593	0.438599
0.003597	0.437615
0.003601	0.436635
0.003605	0.435658
0.003608	0.434684
0.003612	0.433714
0.003616	0.432747
0.003620	0.431783
0.003624	0.430822
0.003627	0.429864
0.003631	0.428910
0.003635	0.427959
0.003639	0.427011
0.003643	0.426066
0.003646	0.425124
0.003650	0.424185
0.003654	0.423250
0.003658	0.422317
0.003662	0.421388
0.003665	0.420461
0.003669	0.419538
0.003673	0.418618
0.003677	0.417700
0.003681	0.416786
0.003685	0.415875
0.003688	0.414966
0.003692	0.414061
0.003696	0.413158
0.003700	0.412259
0.003704	0.411362
0.003707	0.410468
0.003711	0.409578
0.003715	0.408690
0.003719	0.407805
0.003723	0.406923
0.003726	0.406043
0.003730	0.405167
0.003734	0.404293
0.003738	0.403422
0.003742	0.402554
0.003746	0.401689
0.003749	0.400827
0.003753	0.399967
0.003757	0.399110
0.003761	0.398256
0.003765	0.397405
0.003768	0.396556
0.003772	0.395710
0.003776	0.394867
0.003780	0.394026
0.003784	0.393188
0.003787	0.392353
0.003791	0.391520
0.003795	0.390690
0.003799	0.389863
0.003803	0.389038
0.003806	0.388216
