0.00741942	410000	11	89989	
0.369006	409093	837	90070	
0.437777	408178	1673	90149	
0.47726	407240	2549	90211	
0.505051	406308	3413	90279	
0.527071	405391	4247	90362	
0.542706	404461	5107	90432	
0.551682	403505	6019	90476	
0.559681	402569	6891	90540	
0.56702	401623	7783	90594	
0.573209	400683	8663	90654	
0.57912	399729	9571	90700	
0.584474	398778	10473	90749	
0.589245	397841	11347	90812	
0.593771	396879	12271	90850	
0.598131	395932	13165	90903	
0.602086	394980	14069	90951	
0.605807	394033	14963	91004	
0.609356	393081	15867	91052	
0.612662	392136	16757	91107	
0.615726	391183	17663	91154	
0.618706	390231	18567	91202	
0.621543	389287	19455	91258	
0.624298	388340	20349	91311	
0.626985	387392	21245	91363	
0.629544	386449	22131	91420	
0.631875	385505	23019	91476	
0.634282	384561	23907	91532	
0.636584	383621	24787	91592	
0.638708	382666	25697	91637	
0.640976	381712	26605	91683	
0.643116	380770	27489	91741	
0.645086	379819	28391	91790	
0.646877	378870	29289	91841	
0.648735	377918	30193	91889	
0.650513	376979	31071	91950	
0.652349	376028	31973	91999	
0.65408	375075	32879	92046	
0.655772	374132	33765	92103	
0.657334	373187	34655	92158	
0.658965	372242	35545	92213	
0.660523	371288	36453	92259	
0.662	370350	37332	92318	
0.663585	369418	38196	92386	
0.664996	368483	39066	92451	
0.666337	367544	39944	92512	
0.66776	366597	40838	92565	
0.66913	365659	41714	92627	
0.670508	364716	42600	92684	
0.671907	363762	43508	92730	
0.6732	362822	44388	92790	
0.674508	361895	45242	92863	
0.675733	360954	46124	92922	
0.67693	360012	47008	92980	
0.67813	359061	47910	93029	
0.679346	358107	48818	93075	
0.680509	357181	49670	93149	
0.681684	356248	50536	93216	
0.682835	355308	51416	93276	
0.683966	354364	52304	93332	
0.685104	353424	53184	93392	
0.686262	352481	54070	93449	
0.687396	351540	54952	93508	
0.688468	350605	55822	93573	
0.689501	349677	56678	93645	
0.69055	348735	57562	93703	
0.691543	347799	58434	93767	
0.692575	346864	59304	93832	
0.693599	345915	60202	93883	
0.694636	344991	61050	93959	
0.695605	344053	61926	94021	
0.696595	343114	62804	94082	
0.697564	342160	63712	94128	
0.698535	341219	64594	94187	
0.699499	340282	65468	94250	
0.700415	339348	66339	94313	
0.701316	338410	67215	94375	
0.702214	337466	68103	94431	
0.703105	336520	68995	94485	
0.704007	335576	69886	94538	
0.704906	334654	70730	94616	
0.705823	333726	71586	94688	
0.70671	332782	72474	94744	
0.707591	331842	73354	94804	
0.708436	330907	74224	94869	
0.709245	329971	75096	94933	
0.710093	329031	75976	94993	
0.710903	328103	76832	95065	
0.71176	327169	77700	95131	
0.712599	326237	78564	95199	
0.713393	325293	79452	95255	
0.7142	324356	80326	95318	
0.715027	323410	81218	95372	
0.715829	322471	82096	95433	
0.716614	321528	82982	95490	
0.717406	320588	83867	95545	
0.718203	319656	84731	95613	
0.718985	318722	85599	95679	
0.71973	317794	86455	95751	
0.720503	316858	87327	95815	
0.72127	315929	88185	95886	
0.722023	314990	89063	95947	
0.722783	314065	89913	96022	
0.723519	313126	90791	96083	
0.724251	312186	91671	96143	
0.724964	311253	92537	96210	
0.725641	310315	93413	96272	
0.726352	309402	94239	96359	
0.727063	308473	95097	96430	
0.727785	307551	95941	96508	
0.728522	306622	96799	96579	
0.729247	305693	97657	96650	
0.729943	304764	98515	96721	
0.730657	303826	99391	96783	
0.731342	302886	100271	96843	
0.732021	301963	101117	96920	
0.732694	301038	101967	96995	
0.733385	300117	102809	97074	
0.734042	299182	103679	97139	
0.734707	298251	104541	97208	
0.735374	297310	105423	97267	
0.736056	296375	106293	97332	
0.736714	295452	107139	97409	
0.737359	294522	107999	97479	
0.738008	293578	108890	97532	
0.738679	292652	109742	97606	
0.739319	291731	110586	97683	
0.740003	290782	111484	97734	
0.740629	289852	112344	97804	
0.74125	288933	113182	97885	
0.741904	288010	114028	97962	
0.742511	287085	114878	98037	
0.74315	286152	115744	98104	
0.743794	285222	116604	98174	
0.744394	284286	117476	98238	
0.745046	283354	118340	98306	
0.745636	282434	119180	98386	
0.746248	281504	120040	98456	
0.74684	280572	120904	98524	
0.747418	279651	121746	98603	
0.748011	278725	122598	98677	
0.748627	277806	123436	98758	
0.74925	276884	124280	98836	
0.749862	275959	125130	98911	
0.750489	275051	125946	99003	
0.751083	274118	126812	99070	
0.751637	273193	127662	99145	
0.752223	272257	128534	99209	
0.752812	271335	129378	99287	
0.75337	270403	130242	99355	
0.753981	269479	131090	99431	
0.754558	268562	131924	99514	
0.755123	267642	132764	99594	
0.755687	266728	133592	99680	
0.756268	265808	134432	99760	
0.756813	264904	135240	99856	
0.757388	263976	136096	99928	
0.75794	263042	136964	99994	
0.758529	262121	137806	100073	
0.75909	261193	138662	100145	
0.759658	260269	139510	100221	
0.760213	259366	140319	100315	
0.760786	258438	141175	100387	
0.76135	257521	142009	100470	
0.761945	256598	142855	100547	
0.762504	255672	143707	100621	
0.76308	254762	144527	100711	
0.763605	253845	145361	100794	
0.764172	252927	146197	100876	
0.764701	252003	147045	100952	
0.765258	251091	147869	101040	
0.765793	250181	148689	101130	
0.766305	249264	149523	101213	
0.766858	248327	150397	101276	
0.767399	247408	151235	101357	
0.767912	246506	152039	101455	
0.768475	245605	152841	101554	
0.769032	244695	153661	101644	
0.769537	243776	154499	101725	
0.770079	242867	155317	101816	
0.770619	241952	156147	101901	
0.771157	241037	156977	101986	
0.771685	240120	157811	102069	
0.77225	239206	158639	102155	
0.772793	238299	159453	102248	
0.77332	237399	160253	102348	
0.773848	236499	161056	102445	
0.774377	235590	161874	102536	
0.774922	234667	162720	102613	
0.775425	233742	163570	102688	
0.775977	232817	164420	102763	
0.776514	231906	165242	102852	
0.777079	230987	166080	102933	
0.777599	230070	166914	103016	
0.778136	229147	167760	103093	
0.778647	228224	168606	103170	
0.779163	227300	169454	103246	
0.779664	226391	170272	103337	
0.780146	225490	171074	103436	
0.78069	224573	171908	103519	
0.781231	223666	172722	103612	
0.781756	222757	173540	103703	
0.782279	221851	174352	103797	
0.782822	220936	175182	103882	
0.783336	220038	175978	103984	
0.783856	219124	176806	104070	
0.784379	218229	177596	104175	
0.784924	217292	178470	104238	
0.78544	216382	179290	104328	
0.785961	215463	180128	104409	
0.786481	214559	180936	104505	
0.786992	213660	181734	104606	
0.787515	212744	182566	104690	
0.788031	211856	183342	104802	
0.788579	210958	184138	104904	
0.789079	210047	184962	104991	
0.789616	209132	185792	105076	
0.790129	208219	186618	105163	
0.790642	207311	187434	105255	
0.791153	206431	188194	105375	
0.791676	205534	188988	105478	
0.792183	204648	189760	105592	
0.792695	203754	190548	105698	
0.793213	202855	191346	105799	
0.793716	201959	192138	105903	
0.794212	201055	192946	105999	
0.794712	200181	193694	106125	
0.795214	199285	194486	106229	
0.795739	198371	195314	106315	
0.796236	197476	196104	106420	
0.796755	196574	196908	106518	
0.797261	195668	197720	106612	
0.797762	194768	198520	106712	
0.798256	193859	199338	106803	
0.798754	192983	200090	106927	
0.799306	192081	200894	107025	
0.799813	191184	201688	107128	
0.800331	190283	202490	107227	
0.80084	189393	203272	107335	
0.801351	188500	204058	107442	
0.801893	187593	204872	107535	
0.802413	186683	205692	107625	
0.802917	185795	206468	107737	
0.80343	184911	207236	107853	
0.803946	184005	208048	107947	
0.804475	183128	208802	108070	
0.805016	182227	209604	108169	
0.805536	181328	210402	108270	
0.806022	180424	211210	108366	
0.806529	179531	211996	108473	
0.807077	178656	212746	108598	
0.807555	177768	213522	108710	
0.80809	176889	214280	108831	
0.808605	175990	215078	108932	
0.809134	175108	215842	109050	
0.809645	174220	216618	109162	
0.81017	173316	217426	109258	
0.810694	172433	218192	109375	
0.811235	171544	218970	109486	
0.811746	170663	219732	109605	
0.812243	169809	220440	109751	
0.812752	168932	221194	109874	
0.813281	168056	221946	109998	
0.813819	167169	222720	110111	
0.814357	166274	223510	110216	
0.814882	165384	224290	110326	
0.815391	164511	225036	110453	
0.815911	163642	225774	110584	
0.816441	162752	226554	110694	
0.816969	161874	227310	110816	
0.817491	160996	228066	110938	
0.818	160129	228800	111071	
0.818512	159253	229552	111195	
0.819035	158362	230334	111304	
0.819603	157485	231088	111427	
0.820134	156619	231820	111561	
0.820658	155776	232506	111718	
0.821199	154909	233240	111851	
0.821732	154054	233950	111996	
0.822277	153178	234702	112120	
0.822827	152305	235448	112247	
0.823362	151412	236234	112354	
0.823887	150529	237000	112471	
0.824444	149656	237746	112598	
0.824981	148783	238492	112725	
0.825513	147918	239222	112860	
0.826079	147049	239960	112991	
0.826609	146188	240684	113128	
0.827155	145336	241388	113276	
0.827703	144472	242116	113412	
0.828236	143598	242864	113538	
0.828806	142731	243598	113671	
0.829346	141872	244316	113812	
0.829906	141008	245044	113948	
0.830477	140154	245755	114091	
0.831065	139294	246475	114231	
0.83166	138439	247185	114376	
0.832218	137568	247927	114505	
0.832776	136722	248619	114659	
0.833314	135867	249329	114804	
0.833862	134987	250089	114924	
0.834424	134137	250789	115074	
0.834984	133280	251503	115217	
0.835549	132404	252255	115341	
0.836122	131544	252975	115481	
0.836677	130685	253693	115622	
0.837263	129822	254419	115759	
0.837825	128982	255099	115919	
0.838421	128103	255857	116040	
0.839018	127244	256575	116181	
0.83959	126404	257255	116341	
0.840188	125559	257945	116496	
0.840792	124716	258631	116653	
0.841392	123876	259311	116813	
0.842005	123029	260005	116966	
0.842588	122180	260703	117117	
0.843192	121325	261413	117262	
0.843812	120492	262079	117429	
0.844421	119632	262799	117569	
0.845015	118802	263459	117739	
0.845628	117948	264167	117885	
0.846246	117103	264857	118040	
0.846885	116263	265537	118200	
0.84748	115412	266239	118349	
0.848103	114572	266919	118509	
0.848687	113723	267617	118660	
0.849289	112882	268299	118819	
0.849902	112052	268959	118989	
0.850518	111218	269627	119155	
0.851095	110397	270269	119334	
0.851714	109579	270905	119516	
0.852306	108745	271573	119682	
0.852905	107908	272250	119842	
0.853532	107087	272892	120021	
0.854161	106270	273526	120204	
0.854784	105441	274184	120375	
0.855401	104603	274860	120537	
0.856043	103783	275500	120717	
0.856643	102977	276112	120911	
0.857283	102179	276708	121113	
0.857881	101331	277406	121263	
0.858532	100511	278046	121443	
0.859186	99674	278720	121606	
0.85985	98867	279334	121799	
0.8605	98043	279982	121975	
0.861133	97226	280616	122158	
0.861817	96404	281260	122336	
0.862493	95592	281884	122524	
0.863171	94809	282450	122741	
0.86387	93991	283086	122923	
0.864542	93209	283650	123141	
0.865256	92387	284294	123319	
0.865927	91590	284888	123522	
0.866628	90751	285566	123683	
0.867323	89956	286156	123888	
0.868041	89161	286746	124093	
0.868784	88340	287388	124272	
0.869487	87541	287986	124473	
0.870182	86739	288590	124671	
0.87091	85941	289186	124873	
0.871625	85175	289718	125107	
0.872315	84377	290314	125309	
0.873051	83570	290928	125502	
0.873746	82762	291544	125694	
0.874419	81978	292112	125910	
0.875154	81221	292628	126151	
0.875895	80461	293148	126391	
0.876654	79697	293676	126627	
0.877399	78900	294270	126830	
0.878162	78139	294792	127069	
0.878921	77348	295374	127278	
0.879628	76559	295952	127489	
0.880338	75791	296490	127719	
0.881092	75010	297052	127938	
0.881873	74240	297592	128168	
0.882663	73472	298128	128400	
0.883437	72730	298612	128658	
0.884245	71938	299196	128866	
0.885015	71176	299720	129104	
0.88582	70421	300230	129349	
0.886625	69649	300774	129577	
0.887433	68909	301254	129837	
0.888254	68175	301722	130103	
0.889111	67448	302176	130376	
0.889922	66701	302670	130629	
0.89075	65960	303152	130888	
0.891505	65221	303630	131149	
0.892349	64469	304134	131397	
0.893161	63744	304584	131672	
0.894005	63000	305072	131928	
0.89485	62259	305554	132187	
0.895739	61527	306018	132455	
0.896633	60773	306526	132701	
0.897458	60040	306992	132968	
0.898305	59313	307446	133241	
0.899176	58576	307920	133504	
0.900047	57875	308322	133803	
0.900962	57157	308758	134085	
0.901863	56439	309194	134367	
0.902741	55705	309665	134630	
0.903659	55000	310077	134923	
0.904635	54292	310493	135215	
0.905536	53579	310919	135502	
0.906507	52878	311323	135799	
0.90748	52162	311755	136083	
0.908462	51433	312213	136354	
0.909424	50748	312583	136669	
0.910395	50065	312949	136986	
0.911335	49362	313355	137283	
0.912264	48681	313717	137602	
0.913251	47998	314083	137919	
0.914266	47289	314501	138210	
0.915281	46611	314857	138532	
0.916285	45936	315207	138857	
0.917358	45259	315561	139180	
0.918473	44601	315877	139522	
0.919566	43935	316209	139856	
0.920646	43276	316527	140197	
0.921737	42584	316911	140505	
0.922829	41929	317221	140850	
0.923878	41293	317493	141214	
0.925013	40638	317803	141559	
0.926138	40015	318049	141936	
0.927227	39386	318307	142307	
0.928376	38754	318571	142675	
0.929514	38105	318869	143026	
0.930672	37470	319139	143391	
0.931902	36824	319431	143745	
0.933085	36208	319663	144129	
0.934284	35630	319819	144551	
0.935505	35020	320041	144939	
0.936705	34398	320285	145317	
0.937953	33785	320511	145704	
0.939213	33180	320721	146099	
0.940544	32588	320905	146507	
0.941861	31978	321125	146897	
0.943084	31409	321263	147328	
0.944366	30810	321461	147729	
0.945653	30230	321621	148149	
0.947052	29652	321777	148571	
0.948405	29082	321917	149001	
0.94979	28519	322043	149438	
0.951159	27993	322095	149912	
0.95251	27418	322245	150337	
0.953985	26875	322334	150791	
0.955514	26324	322436	151240	
0.956958	25800	322484	151716	
0.958492	25252	322580	152168	
0.959978	24747	322590	152663	
0.961369	24237	322610	153153	
0.96287	23725	322634	153641	
0.964382	23214	322656	154130	
0.965985	22690	322704	154606	
0.967526	22195	322694	155111	
0.969143	21699	322686	155615	
0.970698	21198	322688	156114	
0.972263	20740	322604	156656	
0.973952	20245	322597	157158	
0.975663	19768	322551	157681	
0.977286	19323	322441	158236	
0.978953	18851	322385	158764	
0.980751	18379	322329	159292	
0.982465	17941	322205	159854	
0.984171	17490	322107	160403	
0.985831	17060	321967	160973	
0.987531	16646	321795	161559	
0.989318	16200	321687	162113	
0.991025	15784	321519	162697	
0.992875	15372	321343	163285	
0.994695	14982	321123	163895	
0.996637	14572	320943	164485	
0.998563	14164	320759	165077	
1.00045	13762	320563	165675	
1.0024	13383	320321	166296	
1.00443	13003	320081	166916	
1.00644	12645	319800	167555	
1.00839	12295	319502	168203	
1.01049	11929	319234	168837	
1.0125	11576	318940	169484	
1.01452	11246	318600	170154	
1.01664	10919	318254	170827	
1.01887	10572	317948	171480	
1.02092	10265	317562	172173	
1.02307	9940	317212	172848	
1.02524	9640	316812	173548	
1.02738	9376	316340	174284	
1.02967	9096	315900	175004	
1.03189	8786	315520	175694	
1.03412	8491	315110	176399	
1.03649	8221	314652	177127	
1.03885	7970	314154	177876	
1.04111	7704	313686	178610	
1.04348	7445	313204	179351	
1.04582	7220	312654	180126	
1.04823	7006	312082	180912	
1.05077	6769	311556	181675	
1.05322	6520	311056	182424	
1.05584	6306	310495	183199	
1.05823	6071	309965	183964	
1.0608	5848	309411	184741	
1.06329	5659	308789	185552	
1.06588	5444	308219	186337	
1.06865	5259	307589	187152	
1.0713	5078	306954	187968	
1.07418	4879	306354	188767	
1.07691	4685	305742	189573	
1.0798	4521	305070	190409	
1.08258	4350	304412	191238	
1.08547	4196	303720	192084	
1.08836	4060	302992	192948	
1.09102	3916	302282	193802	
1.09382	3760	301597	194643	
1.09654	3618	300881	195501	
1.09931	3458	300201	196341	
1.10248	3338	299447	197215	
1.1055	3210	298703	198087	
1.10847	3084	297958	198958	
1.11145	2962	297202	199836	
1.11441	2853	296420	200727	
1.11729	2756	295614	201630	
1.12016	2642	294842	202516	
1.12305	2545	294038	203417	
1.12622	2436	293256	204308	
1.12943	2315	292498	205187	
1.13273	2230	291674	206096	
1.13563	2122	290890	206988	
1.13885	2046	290042	207912	
1.14215	1963	289208	208829	
1.14543	1889	288359	209752	
1.14876	1821	287495	210684	
1.15197	1751	286635	211614	
1.15541	1683	285771	212546	
1.15869	1634	284869	213497	
1.16198	1571	283995	214434	
1.1654	1513	283113	215374	
1.16865	1461	282217	216322	
1.1718	1400	281339	217261	
1.17512	1331	280477	218192	
1.17848	1290	279559	219151	
1.18187	1234	278671	220095	
1.18513	1189	277761	221050	
1.18852	1140	276859	222001	
1.19201	1099	275947	222954	
1.1955	1040	275065	223895	
1.19902	986	274175	224839	
1.20268	952	273243	225805	
1.2062	916	272315	226769	
1.20988	874	271402	227724	
1.21336	835	270483	228682	
1.21697	806	269541	229653	
1.2207	755	268643	230602	
1.2243	731	267691	231578	
1.2277	697	266759	232544	
1.23133	667	265821	233512	
1.23505	639	264877	234484	
1.23867	617	263921	235462	
1.24229	582	262991	236427	
1.2458	562	262031	237407	
1.24951	544	261067	238389	
1.25327	522	260111	239367	
1.25704	499	259157	240344	
1.26076	483	258195	241322	
1.26452	471	257219	242310	
1.26822	447	256267	243286	
1.27193	422	255317	244261	
1.27569	412	254342	245246	
1.2793	391	253384	246225	
1.28311	380	252406	247214	
1.28709	367	251432	248201	
1.29094	355	250456	249189	
1.29509	337	249492	250171	
1.29899	318	248532	251150	
1.30298	313	247542	252145	
1.30685	298	246575	253127	
1.31095	287	245597	254116	
1.31485	270	244631	255099	
1.319	262	243650	256088	
1.32289	253	242671	257076	
1.32688	232	241716	258052	
1.33096	221	240738	259041	
1.33519	212	239756	260032	
1.3394	204	238772	261024	
1.34343	193	237794	262013	
1.34753	191	236801	263008	
1.3517	183	235817	264000	
1.35583	177	234829	264994	
1.36018	169	233845	265986	
1.36437	159	232865	266976	
1.3686	153	231877	267970	
1.37285	145	230893	268962	
1.3772	141	229904	269955	
1.38149	138	228913	270949	
1.38593	135	227921	271944	
1.39018	128	226935	272937	
1.39458	121	225949	273930	
1.39899	118	224957	274925	
1.40343	114	223965	275921	
1.40796	113	222970	276917	
1.41247	109	221978	277913	
1.41681	103	220990	278907	
1.4214	96	220004	279900	
1.42607	88	219023	280889	
1.43064	81	218037	281882	
1.43521	76	217047	282877	
1.43996	74	216053	283873	
1.44467	68	215065	284867	
1.44931	66	214069	285865	
1.45391	62	213077	286861	
1.45852	59	212085	287856	
1.46316	58	211087	288855	
1.4679	56	210091	289853	
1.47272	54	209097	290849	
1.47785	53	208099	291848	
1.48247	53	207102	292845	
1.48709	50	206108	293842	
1.49204	50	205110	294840	
1.49666	47	204116	295837	
1.5016	44	203125	296831	
1.5068	43	202127	297830	
1.51171	41	201131	298828	
1.51669	41	200131	299828	
1.5216	43	199133	300824	
1.52666	43	198135	301822	
1.53176	39	197143	302818	
1.53701	38	196148	303814	
1.54191	36	195152	304812	
1.54695	35	194154	305811	
1.55225	35	193157	306808	
1.55718	33	192161	307806	
1.56243	33	191164	308803	
1.56763	31	190168	309801	
1.57335	31	189170	310799	
1.57875	31	188176	311793	
1.58406	34	187180	312786	
1.58956	33	186182	313785	
1.59508	32	185187	314781	
1.60056	32	184187	315781	
1.60591	31	183189	316780	
1.61129	30	182191	317779	
1.61682	31	181191	318778	
1.62223	29	180195	319776	
1.62787	29	179195	320776	
1.63319	28	178197	321775	
1.63868	28	177200	322772	
1.64451	27	176202	323771	
1.65006	27	175202	324771	
1.65586	27	174202	325771	
1.6617	28	173203	326769	
1.66768	28	172203	327769	
1.67363	27	171205	328768	
1.67948	26	170207	329767	
1.68563	26	169207	330767	
1.69214	26	168210	331764	
1.69819	25	167212	332763	
1.70436	25	166212	333763	
1.71016	26	165216	334758	
1.71622	26	164216	335758	
1.72271	27	163217	336756	
1.72903	25	162221	337754	
1.73491	24	161223	338753	
1.74101	25	160223	339752	
1.74747	24	159227	340749	
1.75404	25	158227	341748	
1.75983	24	157229	342747	
1.76631	24	156229	343747	
1.77245	24	155232	344744	
1.77891	24	154232	345744	
1.78536	24	153235	346741	
1.79189	24	152235	347741	
1.79836	24	151241	348735	
1.8046	24	150241	349735	
1.81134	25	149241	350734	
1.81817	26	148242	351732	
1.82472	26	147242	352732	
1.8315	25	146244	353731	
1.8384	26	145245	354729	
1.84542	26	144245	355729	
1.85229	25	143247	356728	
1.85894	22	142253	357725	
1.86595	20	141257	358723	
1.87308	19	140259	359722	
1.88032	17	139263	360720	
1.88816	15	138267	361718	
1.89555	13	137271	362716	
1.9025	13	136271	363716	
1.91043	15	135273	364712	
1.91782	14	134275	365711	
1.92538	14	133275	366711	
1.93325	12	132279	367709	
1.94088	12	131279	368709	
1.94865	13	130279	369708	
1.95686	14	129280	370706	
1.96424	14	128280	371706	
1.97219	14	127283	372703	
1.98021	14	126286	373700	
1.98801	15	125287	374698	
1.9957	15	124287	375698	
2.00401	14	123289	376697	
2.01193	15	122290	377695	
2.02016	15	121290	378695	
2.02831	14	120295	379691	
2.03707	14	119295	380691	
2.04497	14	118295	381691	
2.05386	14	117295	382691	
2.06246	13	116297	383690	
2.07091	14	115297	384689	
2.07892	14	114297	385689	
2.08721	15	113298	386687	
2.09548	14	112300	387686	
2.10446	14	111300	388686	
2.11407	15	110301	389684	
2.12347	14	109306	390680	
2.13271	13	108308	391679	
2.14166	13	107308	392679	
2.15053	13	106308	393679	
2.15972	11	105312	394677	
2.16944	11	104312	395677	
2.1792	11	103312	396677	
2.18859	12	102312	397676	
2.19829	13	101313	398674	
2.20722	13	100313	399674	
2.21676	14	99314	400672	
2.22639	13	98316	401671	
2.23578	14	97317	402669	
2.24618	13	96319	403668	
2.25682	14	95322	404664	
2.26738	17	94324	405659	
2.27837	16	93328	406656	
2.28873	17	92328	407655	
2.29938	18	91329	408653	
2.31098	19	90330	409651	
2.32267	20	89331	410649	
2.334	20	88337	411643	
2.34519	20	87340	412640	
2.35674	19	86342	413639	
2.36827	17	85346	414637	
2.37971	17	84349	415634	
2.39151	17	83349	416634	
2.40387	15	82353	417632	
2.4166	15	81356	418629	
2.42909	15	80356	419629	
2.44175	15	79359	420626	
2.45433	15	78359	421626	
2.46703	16	77360	422624	
2.47983	17	76360	423623	
2.49309	17	75360	424623	
2.50649	19	74362	425619	
2.51965	20	73363	426617	
2.53333	19	72365	427616	
2.54736	20	71369	428611	
2.56121	20	70375	429605	
2.5752	21	69379	430600	
2.58962	22	68382	431596	
2.60438	23	67383	432594	
2.61896	22	66385	433593	
2.63441	23	65386	434591	
2.64984	24	64389	435587	
2.66554	25	63390	436585	
2.68135	23	62394	437583	
2.69683	21	61398	438581	
2.71453	18	60404	439578	
2.7309	16	59408	440576	
2.74803	17	58409	441574	
2.7654	17	57412	442571	
2.78242	18	56413	443569	
2.79968	20	55421	444559	
2.81764	21	54422	445557	
2.83702	20	53427	446553	
2.85668	21	52428	447551	
2.87605	21	51431	448548	
2.89477	20	50436	449544	
2.91497	22	49441	450537	
2.93611	24	48445	451531	
2.95796	25	47446	452529	
2.97881	26	46453	453521	
3.00099	27	45457	454516	
3.02282	26	44459	455515	
3.04509	27	43460	456513	
3.06883	27	42466	457507	
3.09349	26	41471	458503	
3.1177	25	40476	459499	
3.14208	27	39478	460495	
3.16726	27	38481	461492	
3.19296	28	37485	462487	
3.2193	32	36489	463479	
3.24618	34	35491	464475	
3.2743	34	34497	465469	
3.30371	32	33507	466461	
3.33443	33	32508	467459	
3.36526	34	31512	468454	
3.39819	37	30518	469445	
3.43106	36	29526	470438	
3.46348	40	28530	471430	
3.49727	42	27535	472423	
3.53289	42	26541	473417	
3.56826	39	25550	474411	
3.60715	39	24559	475402	
3.64679	38	23569	476393	
3.68894	40	22582	477378	
3.7349	40	21588	478372	
3.78288	42	20593	479365	
3.83359	41	19598	480361	
3.88471	43	18606	481351	
3.94226	48	17611	482341	
4.00072	48	16614	483338	
4.06455	46	15627	484327	
4.1243	47	14642	485311	
4.19434	47	13657	486296	
4.26883	53	12669	487278	
4.34334	57	11685	488258	
4.43034	69	10702	489229	
4.52939	68	9731	490201	
4.6337	70	8742	491188	
4.75428	77	7758	492165	
4.88654	89	6788	493123	
5.04632	98	5809	494093	
5.2215	108	4825	495067	
5.44718	121	3847	496032	
5.74435	134	2881	496985	
6.16604	160	1928	497912	
6.85205	202	994	498804	
8.60782	322	159	499519	
18.5638	1157	0	498843	
30.7873	2148	0	497852	
43.2085	3109	0	496891	
54.9892	4086	4	495910	
67.4476	5057	2	494941	
79.5416	6032	1	493967	
92.5289	6964	2	493034	
104.23	7891	4	492105	
115.306	8776	3	491221	
126.198	9641	3	490356	
137.768	10530	0	489470	
148.933	11389	6	488605	
160.42	12231	7	487762	
171.898	13097	5	486898	
183.262	13940	4	486056	
195.332	14807	3	485190	
205.288	15537	9	484454	
215.166	16236	5	483759	
225.439	16998	10	482992	
235.704	17686	25	482289	
245.325	18363	17	481620	
254.511	18955	23	481022	
262.565	19395	12	480593	
271.25	19891	12	480097	
279.604	20379	37	479584	
285.837	20653	58	479289	
291.173	20803	39	479158	
298.811	21167	18	478815	
307.503	21701	14	478285	
314.117	21965	46	477989	
320.46	22157	33	477810	
326.565	22364	38	477598	
334.361	22783	33	477184	
340.918	22967	57	476976	
345.122	22951	76	476973	
350.479	23102	55	476843	
356.844	23351	32	476617	
362.218	23455	81	476464	
365.806	23356	71	476573	
370.197	23374	84	476542	
373.942	23257	104	476639	
376.597	23045	152	476803	
378.834	22776	167	477057	
380.966	22562	159	477279	
385.389	22563	60	477377	
389.364	22539	92	477369	
393.143	22478	81	477441	
396.854	22385	107	477508	
400.054	22239	122	477639	
404.303	22212	91	477697	
408.188	22129	109	477762	
414.543	22396	30	477574	
421.278	22644	43	477313	
428.277	22989	15	476996	
436.923	23490	26	476484	
445.13	23968	35	475997	
450.57	24154	25	475821	
455.829	24206	82	475712	
460.006	24167	93	475740	
462.928	23983	156	475861	
465.706	23879	105	476016	
470.442	23962	85	475953	
473.911	23855	130	476015	
476.283	23637	181	476182	
479.21	23480	140	476380	
481.222	23192	235	476573	
483.116	22908	232	476860	
484.919	22605	240	477155	
487.24	22422	167	477411	
489.623	22184	162	477654	
491.745	21911	236	477853	
494.463	21761	108	478131	
500.025	21952	43	478005	
507.652	22376	25	477599	
512.747	22427	75	477498	
517.603	22540	73	477387	
523.845	22807	24	477169	
530.215	23047	38	476915	
535.126	23118	51	476831	
538.794	23057	130	476813	
541.171	22782	210	477008	
544.002	22651	147	477202	
546.634	22439	162	477399	
549.155	22245	141	477614	
553.839	22284	56	477660	
559.108	22418	54	477528	
563.681	22453	61	477486	
567.255	22389	116	477495	
570.114	22192	128	477680	
573.121	22060	145	477795	
576.082	21946	123	477931	
579.543	21846	76	478078	
584.578	21944	71	477985	
589.074	22010	46	477944	
594.554	22217	56	477727	
601.487	22552	18	477430	
609.704	23041	23	476936	
614.91	23136	93	476771	
618.864	23093	67	476840	
622.323	23010	127	476863	
624.879	22800	156	477044	
627.747	22652	157	477191	
630.099	22443	151	477406	
632.753	22279	136	477585	
637.355	22391	19	477590	
645.784	22847	21	477132	
653.3	23173	31	476796	
659.428	23428	56	476516	
665.96	23717	20	476263	
672.009	23913	47	476040	
677.847	24102	49	475849	
681.858	24073	70	475857	
686.378	24086	70	475844	
690.154	24009	94	475897	
695.402	24118	49	475833	
700.426	24202	96	475702	
704.589	24222	79	475699	
707.788	24044	182	475774	
709.918	23818	156	476026	
712.9	23687	144	476169	
714.928	23407	229	476364	
716.588	23092	270	476638	
718.45	22835	213	476952	
721.625	22773	102	477125	
724.869	22644	110	477246	
728.459	22594	92	477314	
733.113	22672	70	477258	
737.625	22707	77	477216	
742.952	22893	52	477055	
748.669	23107	34	476859	
754.439	23297	40	476663	
760.231	23422	56	476522	
764.528	23422	64	476514	
769.48	23537	78	476385	
773.096	23459	101	476440	
778.719	23574	53	476373	
783.429	23577	109	476314	
786.548	23463	96	476441	
789.722	23336	166	476498	
791.874	23086	209	476705	
793.916	22882	181	476937	
796.936	22755	140	477105	
799.838	22611	124	477265	
803.315	22565	76	477359	
808.495	22613	90	477297	
812.327	22635	87	477278	
816.248	22608	104	477288	
819.903	22514	99	477387	
823.187	22465	85	477450	
826.613	22325	154	477521	
829.132	22151	171	477678	
834.217	22284	24	477692	
841.908	22691	31	477278	
849.122	23018	48	476934	
854.65	23179	67	476754	
858.957	23203	66	476731	
865.472	23467	40	476493	
871.531	23700	44	476256	
875.693	23681	108	476211	
878.749	23536	124	476340	
882.48	23475	98	476427	
885.072	23271	196	476533	
887.77	23104	118	476778	
892.153	23119	84	476797	
895.795	23060	90	476850	
899.581	22968	84	476948	
903.036	22825	116	477059	
905.889	22663	136	477201	
909.509	22644	91	477265	
912.77	22528	115	477357	
916.988	22528	42	477430	
922.569	22619	81	477300	
926.949	22639	52	477309	
931.795	22679	85	477236	
937.127	22833	54	477113	
942.325	23007	47	476946	
949.256	23364	46	476590	
954.308	23432	68	476500	
959.22	23510	64	476426	
963.106	23441	99	476460	
966.429	23376	114	476510	
968.954	23174	183	476643	
971.259	22961	130	476909	
975.952	23021	51	476928	
980.398	23011	88	476901	
984.36	22908	101	476991	
987.072	22691	171	477138	
989.196	22443	201	477356	
991.441	22215	146	477639	
994.03	22024	155	477821	
996.767	21830	146	478024	
1000.06	21729	80	478191	
1007.49	22090	26	477884	
1013.41	22340	47	477613	
1017.59	22371	62	477567	
1022.7	22541	51	477408	
1029.04	22792	22	477186	
1035.64	23015	58	476927	
1040.31	23065	53	476882	
1045.35	23215	82	476703	
1048.61	23134	108	476758	
1052.04	22987	122	476891	
1055.01	22771	139	477090	
1059.63	22848	65	477087	
1064.17	22857	82	477061	
1068.83	22953	57	476990	
1073.15	22976	73	476951	
1078.37	23133	39	476828	
1084.67	23334	14	476652	
1092.79	23779	38	476183	
1098.08	23833	109	476058	
1101.01	23670	128	476202	
1103.82	23521	89	476390	
1107.67	23478	108	476414	
1110.91	23404	111	476485	
1116.75	23604	31	476365	
1121.54	23648	101	476251	
1124.93	23525	124	476351	
1127.59	23338	173	476489	
1129.75	23086	211	476703	
1131.93	22865	160	476975	
1134.07	22596	208	477196	
1135.97	22295	215	477490	
1137.94	22030	207	477763	
1140.83	21905	93	478002	
1145.57	21985	85	477930	
1149.59	21931	90	477979	
1154.38	22049	66	477885	
1158.12	21976	88	477936	
1163.03	22112	46	477842	
1168.92	22309	38	477653	
1175.3	22524	48	477428	
1180.39	22597	68	477335	
1184.84	22613	62	477325	
1190.09	22694	91	477215	
1193.27	22552	137	477311	
1196.79	22515	78	477407	
1201.79	22674	59	477267	
1206.72	22819	68	477113	
1211.61	22909	79	477012	
1215.38	22826	85	477089	
1218.93	22696	131	477173	
1221.45	22449	162	477389	
1224.55	22395	71	477534	
1230.12	22569	64	477367	
1235.46	22701	48	477251	
1242.19	22962	53	476985	
1247.17	23032	83	476885	
1251.28	22958	95	476947	
1256.92	23151	56	476793	
1262.28	23276	54	476670	
1268.17	23442	72	476486	
1271.94	23357	79	476564	
1275.57	23231	129	476640	
1278.4	23052	144	476804	
1282.57	23042	49	476909	
1289.5	23396	27	476577	
1295.64	23576	62	476362	
1299.98	23620	45	476335	
1305.18	23678	84	476238	
1308.8	23563	76	476361	
1315.35	23862	32	476106	
1320.79	23942	45	476013	
1325.86	23956	88	475956	
1329.93	23918	94	475988	
1333.92	23888	90	476022	
1337.72	23831	77	476092	
1343.5	24011	46	475943	
1348.42	24138	46	475816	
1353.28	24199	70	475731	
1357.72	24214	48	475738	
1362.14	24125	92	475783	
1366.62	24199	39	475762	
1371.61	24251	54	475695	
1376.23	24306	81	475613	
1380.61	24308	70	475622	
1384.3	24247	91	475662	
1387.47	24075	167	475758	
1389.43	23784	232	475984	
1390.92	23468	278	476254	
1393.11	23265	164	476571	
1397.27	23261	81	476658	
1400.97	23173	112	476715	
1404.49	23126	85	476789	
1408.54	23105	87	476808	
1411.99	23035	85	476880	
1416.04	23000	115	476885	
1418.93	22826	123	477051	
1424.15	22961	43	476996	
1429.37	23119	56	476825	
1434.85	23242	64	476694	
1439.32	23223	92	476685	
1443.59	23281	62	476657	
1448.18	23312	68	476620	
1454.36	23571	53	476376	
1459.07	23576	123	476301	
1462.86	23550	99	476351	
1466.99	23563	54	476383	
1472.94	23717	51	476232	
1476.95	23718	75	476207	
1483.97	24026	49	475925	
1488.79	24083	81	475836	
1492.47	24024	105	475871	
1495.05	23813	196	475991	
1497.76	23669	135	476196	
1500.37	23445	162	476393	
1502.66	23226	170	476604	
1506.04	23234	51	476715	
1511.7	23402	50	476548	
1517.02	23452	51	476497	
1521.02	23385	109	476506	
1523.59	23141	209	476650	
1526.25	22966	138	476896	
1528.54	22692	211	477097	
1530.45	22385	227	477388	
1532.95	22248	125	477627	
1537.51	22275	64	477661	
1542.53	22419	63	477518	
1546.59	22397	108	477495	
1549.56	22237	148	477615	
1552.09	22026	170	477804	
1555.76	21942	130	477928	
1558.82	21798	132	478070	
1563.09	21859	45	478096	
1571.28	22342	11	477647	
1579.28	22792	40	477168	
1588.3	23336	16	476648	
1595.38	23682	64	476254	
1600.66	23812	40	476148	
1604.81	23797	96	476107	
1608.25	23713	104	476183	
1612.27	23707	78	476215	
1616.61	23735	57	476208	
1623.32	24077	35	475888	
1628.55	24203	58	475739	
1633.27	24259	89	475652	
1636.86	24193	100	475707	
1640.59	24143	94	475763	
1643.42	23937	148	475915	
1646.82	23866	73	476061	
1651.25	23898	77	476025	
1655.3	23862	88	476050	
1659.1	23815	112	476073	
1661.5	23529	242	476229	
1663.25	23185	260	476555	
1664.88	22868	233	476899	
1666.95	22668	167	477165	
1669.45	22471	161	477368	
1671.72	22236	174	477590	
1675.82	22357	36	477607	
1681.37	22525	50	477425	
1687.53	22766	53	477181	
1692.01	22818	74	477108	
1696.25	22824	102	477074	
1699.3	22664	151	477185	
1703.16	22701	37	477262	
1708.95	22876	58	477066	
1714.12	22939	72	476989	
1717.88	22902	100	476998	
1720.92	22762	99	477139	
1724.66	22689	100	477211	
1728.4	22667	86	477247	
1735.26	23012	34	476954	
1742.56	23332	41	476627	
1747.34	23400	84	476516	
1751.09	23333	109	476558	
1754.22	23164	113	476723	
1757.05	23004	128	476868	
1761.69	23178	52	476770	
1766.44	23239	88	476673	
1770.73	23205	65	476730	
1774.83	23202	94	476704	
1779.77	23302	55	476643	
1783.94	23273	91	476636	
1789.05	23411	66	476523	
1793.6	23398	70	476532	
1798.04	23440	60	476500	
1801.52	23268	163	476569	
1803.74	23020	196	476784	
1806	22790	169	477041	
1808.36	22597	146	477257	
1811.19	22434	117	477449	
1817.11	22631	21	477348	
1823.37	22831	52	477117	
1828.71	22953	83	476964	
1832.97	22959	70	476971	
1837.6	22964	95	476941	
1841.12	22853	91	477056	
1846.67	23003	57	476940	
1851.41	23018	107	476875	
1855.9	23073	53	476874	
1860.22	23010	88	476902	
1865.48	23137	40	476823	
1870.77	23253	38	476709	
1877.4	23489	51	476460	
1883.23	23716	28	476256	
1887.88	23712	119	476169	
1891.28	23629	104	476267	
1894.47	23434	163	476403	
1897.37	23265	116	476619	
1902.71	23424	46	476530	
1907.89	23553	90	476357	
1911.74	23497	120	476383	
1914.58	23283	142	476575	
1916.73	22992	213	476795	
1919.07	22753	192	477055	
1921.21	22508	204	477288	
1923.52	22292	158	477550	
1926.98	22236	74	477690	
1931.62	22317	76	477607	
1936.09	22349	71	477580	
1940.92	22392	92	477516	
1945.07	22406	87	477507	
1950.14	22509	60	477431	
1955.69	22652	40	477308	
1962.03	22902	46	477052	
1967.26	23061	51	476888	
1971.22	22958	133	476909	
1974.22	22820	117	477063	
1977.43	22657	157	477186	
1979.76	22410	173	477417	
1982.4	22254	115	477631	
1986.75	22274	92	477634	
1990.1	22128	143	477729	
1992.53	21922	167	477911	
1995.59	21767	143	478090	
1998.2	21545	166	478289	
2000.52	21361	152	478487	
2003.73	21254	89	478657	
2007.7	21216	80	478704	
2013.28	21382	23	478595	
2020.43	21714	24	478262	
2027.64	21992	61	477947	
2032.9	22169	66	477765	
2037.32	22196	74	477730	
2044.23	22429	45	477526	
2050.95	22723	41	477236	
2056.11	22838	77	477085	
2060.21	22837	96	477067	
2064.35	22824	85	477091	
2069.74	23078	17	476905	
2075.41	23199	74	476727	
2080.08	23254	68	476678	
2083.64	23148	117	476735	
2086.54	23042	109	476849	
2089.46	22863	142	476995	
2092.14	22672	160	477168	
2095.49	22624	57	477319	
2100.44	22730	72	477198	
2104.97	22751	64	477185	
2109.55	22825	74	477101	
2113.38	22727	122	477151	
2116.97	22667	97	477236	
2120.08	22490	129	477381	
2124.59	22556	50	477394	
2129.6	22672	68	477260	
2134.05	22715	68	477217	
2138.46	22755	89	477156	
2142.46	22720	59	477221	
2146.83	22684	97	477219	
2150.29	22608	98	477294	
2155.48	22744	71	477185	
2160.82	22927	58	477015	
2165.97	22998	77	476925	
2169.82	22963	116	476921	
2173.73	22911	90	476999	
2177.54	22794	104	477102	
2183.63	22997	47	476956	
2188.37	23033	106	476861	
2192.77	23087	72	476841	
2196.48	22988	86	476926	
2200.62	23027	61	476912	
2204.77	23011	77	476912	
2209.54	23093	41	476866	
2214.83	23229	56	476715	
2219.65	23270	78	476652	
2223.07	23138	134	476728	
2225.64	22872	200	476928	
2228.26	22674	169	477157	
2230.45	22434	189	477377	
2232.79	22218	161	477621	
2236.84	22197	58	477745	
2242.31	22367	53	477580	
2247.35	22456	51	477493	
2251.2	22375	98	477527	
2254.87	22313	74	477613	
2259.72	22386	62	477552	
2266.32	22679	21	477300	
2272.78	22896	45	477059	
2279.48	23195	54	476751	
2284.52	23258	53	476689	
2289.99	23412	52	476536	
2296.15	23632	58	476310	
2300.22	23533	141	476326	
2303.18	23400	109	476491	
2306.51	23271	99	476630	
2309.66	23139	104	476757	
2313.79	23110	92	476798	
2317.44	23021	113	476866	
2322.74	23171	64	476765	
2327.56	23275	59	476666	
2332.47	23337	36	476627	
2337.31	23400	80	476520	
2342.35	23531	54	476415	
2348.82	23783	26	476191	
2354.98	23963	88	475949	
2358.62	23887	92	476021	
2362.49	23848	93	476059	
2366	23725	116	476159	
2369.64	23641	120	476239	
2372.49	23439	145	476416	
2375.36	23279	107	476614	
2380.02	23352	50	476598	
2384.71	23364	82	476554	
2388.36	23313	111	476576	
2390.83	23054	199	476747	
2392.78	22772	213	477015	
2395.34	22575	120	477305	
2398.42	22502	124	477374	
2401.53	22343	116	477541	
2407.62	22537	30	477433	
2414.79	22883	27	477090	
2420.91	23025	66	476909	
2425.6	23090	79	476831	
2428.6	22891	161	476948	
2431.13	22701	111	477188	
2435.8	22781	85	477134	
2439.94	22720	89	477191	
2443.89	22698	78	477224	
2448.2	22728	80	477192	
2451.99	22702	68	477230	
2456.07	22679	80	477241	
2461.34	22830	32	477138	
2469.18	23222	36	476742	
2474.99	23420	71	476509	
2479.61	23490	44	476466	
2484.02	23510	117	476373	
2486.63	23291	161	476548	
2490.86	23401	57	476542	
2495.22	23375	66	476559	
2499.61	23415	72	476513	
2503.23	23312	118	476570	
2505.94	23120	164	476716	
2508.91	22987	93	476920	
2512.25	22886	132	476982	
2515.11	22782	114	477104	
2520.65	22990	48	476962	
2526.15	23163	76	476761	
2531.12	23197	85	476718	
2534.36	23055	131	476814	
2537.47	22917	130	476953	
2540.59	22785	108	477107	
2544.65	22841	37	477122	
2551.22	23135	48	476817	
2555.13	23091	80	476829	
2559.16	23045	96	476859	
2562.11	22815	171	477014	
2565.09	22658	136	477206	
2567.5	22459	179	477362	
2569.44	22168	244	477588	
2571.77	21960	140	477900	
2577.24	22142	48	477810	
2582.42	22263	39	477698	
2588.71	22512	56	477432	
2593.77	22593	70	477337	
2598.45	22582	106	477312	
2603.92	22734	44	477222	
2610.13	22881	49	477070	
2615.17	22969	82	476949	
2618.36	22825	147	477028	
2621.86	22776	85	477139	
2625.63	22668	111	477221	
2630.48	22787	28	477185	
2635.66	22901	57	477042	
2640.04	22948	76	476976	
2643.94	22873	111	477016	
2646.88	22679	135	477186	
2650.15	22530	144	477326	
2653.29	22419	98	477483	
2658.59	22578	31	477391	
2664.77	22750	52	477198	
2670.03	22905	53	477042	
2674.3	22849	116	477035	
2677.77	22817	107	477076	
2680.65	22653	155	477192	
2683.29	22500	124	477376	
2688.55	22598	70	477332	
2692.97	22576	101	477323	
2696.98	22542	90	477368	
2700.28	22391	108	477501	
2703.75	22315	85	477600	
2708.8	22451	67	477482	
2714.65	22615	23	477362	
2721.3	22907	56	477037	
2726.28	23057	43	476900	
2730.94	23045	90	476865	
2735.51	23061	93	476846	
2738.96	22924	120	476956	
2743.66	23027	54	476919	
2747.72	23037	87	476876	
2751.1	22885	135	476980	
2754.65	22809	106	477085	
2757.64	22704	102	477194	
2761.86	22733	64	477203	
2766.18	22772	72	477156	
2772.12	22993	31	476976	
2778.79	23302	30	476668	
2785.79	23644	53	476303	
2791.09	23718	48	476234	
2795.71	23721	62	476217	
2802.63	24026	30	475944	
2809.6	24342	36	475622	
2815.04	24547	48	475405	
2820.09	24658	95	475247	
2823.57	24586	91	475323	
2829.26	24773	70	475157	
2833.02	24696	124	475180	
2835.82	24482	149	475369	
2838.68	24296	133	475571	
2841.23	24057	172	475771	
2843.23	23783	263	475954	
2845.36	23575	198	476227	
2847.04	23257	248	476495	
2848.53	22902	315	476783	
2849.85	22565	283	477152	
2851.23	22238	288	477474	
2853.8	22107	126	477767	
2857.8	22128	65	477807	
2862.33	22157	72	477771	
2867.55	22288	55	477657	
2872.49	22421	43	477536	
2877.71	22558	74	477368	
2883.53	22766	14	477220	
2889.45	22960	63	476977	
2894.07	23041	59	476900	
2898.94	23083	94	476823	
2903.19	23086	78	476836	
2906.62	22951	110	476939	
2911.71	23063	29	476908	
2918.96	23422	30	476548	
2924.91	23534	60	476406	
2929.75	23619	41	476340	
2934.14	23553	124	476323	
2938.79	23627	38	476335	
2945.29	23915	52	476033	
2949.95	23950	83	475967	
2953.82	23911	100	475989	
2957.69	23838	71	476091	
2961.78	23833	98	476069	
2965.87	23803	54	476143	
2971.44	23953	59	475988	
2975.5	23919	90	475991	
2980.13	23962	90	475948	
2983.02	23765	174	476061	
2985.86	23628	120	476252	
2988.98	23511	119	476370	
2991.32	23236	215	476549	
2994.58	23191	76	476733	
2999.89	23290	66	476644	
3004.62	23376	40	476584	
3009.27	23403	105	476492	
3012.45	23238	128	476634	
3015.5	23098	116	476786	
3018.41	22902	150	476948	
3021.35	22764	122	477114	
3026.16	22845	76	477079	
3030.61	22864	76	477060	
3035.21	22853	76	477071	
3038.9	22827	79	477094	
3042.4	22707	108	477185	
3045.28	22539	134	477327	
3048.06	22400	135	477465	
3053.12	22549	40	477411	
3058.5	22689	38	477273	
3064.18	22850	69	477081	
3068.16	22785	99	477116	
3073.27	22900	60	477040	
3079.17	23131	14	476855	
3085.43	23345	77	476578	
3089.81	23392	75	476533	
3093.56	23267	167	476566	
3095.55	22967	229	476804	
3098.29	22836	118	477046	
3101.21	22677	129	477194	
3104.37	22572	128	477300	
3109.99	22777	50	477173	
3115.09	22840	88	477072	
3120.99	23011	66	476923	
3125.07	23002	71	476927	
3129.99	23014	91	476895	
3134.63	23044	30	476926	
3140.87	23259	34	476707	
3147.31	23508	51	476441	
3151.39	23545	69	476386	
3156.27	23666	42	476292	
3163.93	24024	12	475964	
3170.78	24323	61	475616	
3175.46	24314	96	475590	
3178.73	24203	119	475678	
3181.37	23985	122	475893	
3184.36	23842	131	476027	
3186.47	23545	229	476226	
3188.03	23222	280	476498	
3190.48	23114	132	476754	
3194.73	23114	80	476806	
3199.46	23190	61	476749	
3204.48	23248	73	476679	
3208.43	23213	97	476690	
3212.87	23241	79	476680	
3216.91	23210	83	476707	
3223.12	23377	57	476566	
3228.66	23526	66	476408	
3233.15	23546	109	476345	
3235.78	23270	201	476529	
3238.57	23132	137	476731	
3240.89	22907	199	476894	
3242.84	22613	249	477138	
3244.57	22356	213	477431	
3248.23	22387	39	477574	
3254.97	22665	31	477304	
3261.28	22963	58	476979	
3265.83	22979	58	476963	
3270.4	22993	104	476903	
3274.37	22956	60	476984	
3279.99	23155	48	476797	
3287.5	23545	17	476438	
3294.91	23885	56	476059	
3300.17	23956	54	475990	
3306.64	24160	56	475784	
3312.18	24244	52	475704	
3317.99	24363	65	475572	
3323.35	24440	42	475518	
3328	24481	58	475461	
3334.86	24726	83	475191	
3338.3	24592	152	475256	
3340.53	24331	178	475491	
3343.06	24137	172	475691	
3345.3	23883	217	475900	
3347.18	23548	268	476184	
3348.75	23253	272	476475	
3350.98	23059	155	476786	
3353.35	22808	194	476998	
3355.52	22564	216	477220	
3357.85	22383	148	477469	
3361.53	22377	114	477509	
3365.16	22325	64	477611	
3369.78	22353	52	477595	
3374.31	22408	64	477528	
3378.32	22370	61	477569	
3382.79	22353	64	477583	
3389.53	22597	13	477390	
3396.13	22887	44	477069	
3401.11	22903	104	476993	
3404.63	22827	93	477080	
3409.24	22879	105	477016	
3412.35	22805	108	477087	
3418.44	23074	24	476902	
3424.72	23270	60	476670	
3430.25	23385	66	476549	
3435.1	23445	56	476499	
3439.6	23464	74	476462	
3445.07	23645	38	476317	
3450.51	23775	56	476169	
3455.32	23810	84	476106	
3458.58	23647	163	476190	
3460.78	23373	239	476388	
3462.95	23139	190	476671	
3465	22824	243	476933	
3466.82	22538	256	477206	
3468.38	22206	295	477499	
3470.26	21931	202	477867	
3474.31	21942	68	477990	
3479.24	22033	53	477914	
3484.6	22131	45	477824	
3488.93	22190	70	477740	
3494.79	22431	58	477511	
3501.16	22667	32	477301	
3507.2	22892	37	477071	
3514.1	23194	29	476777	
3520.77	23435	47	476518	
3524.15	23275	141	476584	
3528.44	23313	55	476632	
3533.38	23407	49	476544	
3536.92	23307	134	476559	
3540.38	23211	112	476677	
3543.58	23091	126	476783	
3546.33	22929	113	476958	
3549.06	22691	204	477105	
3550.98	22357	247	477396	
3552.81	22101	236	477663	
3555.85	22052	84	477864	
3560.33	22064	92	477844	
3564.03	21994	123	477883	
3567.64	21925	65	478010	
3571.86	21899	95	478006	
3576.07	21901	66	478033	
3580.49	21921	70	478009	
3587.4	22234	28	477738	
3594.74	22626	35	477339	
3600.42	22746	73	477181	
3605.01	22798	70	477132	
3609.73	22917	56	477027	
3615.74	23188	32	476780	
3622.02	23407	58	476535	
3627.72	23595	65	476340	
3631.48	23555	69	476376	
3636.11	23600	95	476305	
3641.74	23773	36	476191	
3647.59	23977	62	475961	
3651.99	23917	94	475989	
3655.45	23749	129	476122	
3658.4	23618	126	476256	
3661.73	23509	85	476406	
3665.47	23449	90	476461	
3670.88	23567	87	476346	
3674.09	23405	116	476479	
3676.64	23184	161	476655	
3679.23	23031	124	476845	
3681.91	22800	168	477032	
3684.15	22518	221	477261	
3685.97	22228	209	477563	
3688.94	22119	129	477752	
3691.8	21954	151	477895	
3694.52	21782	122	478096	
3699.41	21835	75	478090	
3703.95	21889	71	478040	
3710.01	22142	44	477814	
3715.23	22189	69	477742	
3719.1	22088	102	477810	
3723.31	22074	57	477869	
3729.27	22271	64	477665	
3734.08	22357	62	477581	
3739.71	22450	76	477474	
3744.57	22550	64	477386	
3748.63	22533	103	477364	
3754.13	22742	20	477238	
3759.42	22843	72	477085	
3764.44	22907	54	477039	
3768.65	22884	78	477038	
3772.56	22829	85	477086	
3775.38	22655	174	477171	
3777.61	22411	214	477375	
3781.21	22364	67	477569	
3785	22294	107	477599	
3789.22	22244	95	477661	
3793.7	22312	83	477605	
3797.21	22186	115	477699	
3800.95	22111	89	477800	
3805.21	22155	81	477764	
3811.3	22410	23	477567	
3818.98	22746	40	477214	
3824.43	22897	82	477021	
3827.77	22779	95	477126	
3831.55	22736	84	477180	
3835.19	22702	85	477213	
3840.26	22783	90	477127	
3844.31	22791	73	477136	
3849	22862	65	477073	
3853.06	22837	120	477043	
3856.13	22703	113	477184	
3858.76	22501	174	477325	
3860.88	22216	221	477563	
3863.01	21997	153	477850	
3867.84	22113	31	477856	
3873.57	22236	69	477695	
3880.31	22556	34	477410	
3885.72	22693	77	477230	
3889.43	22587	135	477278	
3893.12	22594	60	477346	
3898.71	22756	56	477188	
3902.21	22651	88	477261	
3906.78	22756	59	477185	
3911.45	22795	52	477153	
3916.12	22855	75	477070	
3920.17	22891	38	477071	
3927.07	23209	52	476739	
3933.9	23537	19	476444	
3940.07	23741	36	476223	
3945.28	23841	75	476084	
3950.6	23980	48	475972	
3955.36	24010	89	475901	
3959.11	23974	73	475953	
3963.11	23944	129	475927	
3965.59	23714	174	476112	
3968.22	23555	119	476326	
3970.8	23324	172	476504	
3972.93	23025	229	476746	
3974.82	22764	186	477050	
3978.72	22868	46	477086	
3984.2	22966	80	476954	
3987.68	22888	100	477012	
3990.7	22723	141	477136	
3993.95	22671	91	477238	
3998.48	22786	64	477150	
4002.6	22748	103	477149	
4008.14	22939	47	477014	
4013.1	22987	91	476922	
4017.28	23012	55	476933	
4022.03	23053	74	476873	
4027.42	23189	72	476739	
4032.68	23342	23	476635	
4039.23	23626	33	476341	
4045.77	23846	59	476095	
4050	23819	88	476093	
4054.42	23893	62	476045	
4059.91	23967	54	475979	
4066.26	24236	37	475727	
4071.35	24342	61	475597	
4076.01	24398	47	475555	
4080.72	24448	78	475474	
4084.85	24439	80	475481	
4088.75	24386	77	475537	
4093.99	24509	55	475436	
4097.73	24430	140	475430	
4100.92	24341	116	475543	
4103.72	24158	159	475683	
4105.8	23908	196	475896	
4108.04	23678	132	476190	
4111.12	23536	109	476355	
4114.1	23403	119	476478	
4119.28	23546	24	476430	
4126.39	23898	45	476057	
4132.59	24127	57	475816	
4137.06	24130	65	475805	
4140.77	24017	122	475861	
4143.64	23848	114	476038	
4148.43	23959	71	475970	
4152.53	23945	50	476005	
4157.48	23954	103	475943	
4160.6	23825	144	476031	
4163.83	23696	92	476212	
4167.6	23654	106	476240	
4170.45	23443	167	476390	
4174.13	23383	70	476547	
4178.61	23509	51	476440	
4185.17	23778	22	476200	
4191.35	23987	71	475942	
4195.51	24027	101	475872	
4198.19	23823	178	475999	
4201.75	23786	68	476146	
4207.48	24013	33	475954	
4213.77	24260	57	475683	
4218.15	24226	121	475653	
4221.24	24081	131	475788	
4224.04	23919	151	475930	
4226.35	23662	196	476142	
4228.93	23516	100	476384	
4233.86	23610	70	476320	
4239.29	23707	31	476262	
4245.01	23825	67	476108	
4249.39	23815	89	476096	
4252.81	23663	137	476200	
4255.26	23433	170	476397	
4258.75	23376	76	476548	
4262.5	23328	123	476549	
4265.61	23188	144	476668	
4268.15	22977	142	476881	
4270.86	22775	191	477034	
4272.95	22509	245	477246	
4274.79	22210	220	477570	
4277.72	22096	117	477787	
4280.69	21961	107	477932	
4285.6	22094	44	477862	
4292.49	22385	49	477566	
4296.9	22390	98	477512	
4300.12	22282	127	477591	
4303.59	22192	90	477718	
4308.54	22258	71	477671	
4313.06	22264	58	477678	
4319.97	22590	32	477378	
4326.17	22816	59	477125	
4329.95	22770	129	477101	
4333.16	22656	128	477216	
4335.95	22490	144	477366	
4338.48	22254	174	477572	
4341.99	22254	47	477699	
4349.31	22657	29	477314	
4355.66	22880	62	477058	
4360.74	22966	56	476978	
4365.65	22975	91	476934	
4369.95	22973	49	476978	
4376.12	23211	37	476752	
4383.03	23513	32	476455	
4388.01	23584	78	476338	
4392.51	23594	75	476331	
4396.41	23569	103	476328	
4402.73	23831	52	476117	
4407.24	23899	86	476015	
4411.03	23840	107	476053	
4413.97	23705	118	476177	
4417.19	23587	74	476339	
4420.32	23446	121	476433	
4422.85	23239	177	476584	
4425.83	23159	84	476757	
4430.67	23240	77	476683	
4434.51	23191	126	476683	
4437.6	23086	119	476795	
4440.63	22908	138	476954	
4443.23	22668	185	477147	
4446.25	22551	118	477331	
4449.52	22451	125	477424	
4452.45	22328	100	477572	
4457.38	22361	96	477543	
4462.29	22409	53	477538	
4467.68	22548	53	477399	
4473.67	22722	49	477229	
4478.48	22805	56	477139	
4485.42	23134	30	476836	
4491.74	23344	53	476603	
4496.48	23373	105	476522	
4499.66	23210	118	476672	
4503.7	23224	92	476684	
4506.81	23020	148	476832	
4510.13	22929	92	476979	
4515.06	23022	61	476917	
4520.62	23202	36	476762	
4525.98	23306	64	476630	
4530.61	23328	49	476623	
4534.94	23345	92	476563	
4539.66	23439	44	476517	
4545.03	23547	58	476395	
4549.76	23570	86	476344	
4552.8	23419	147	476434	
4555.08	23150	195	476655	
4557.5	22999	112	476889	
4560.88	22911	89	477000	
4564.82	22865	69	477066	
4570.92	23076	45	476879	
4576.18	23185	66	476749	
4581.44	23300	75	476625	
4586	23349	75	476576	
4589.49	23241	149	476610	
4592.7	23152	89	476759	
4597.92	23321	65	476614	
4601.71	23208	122	476670	
4604.61	23050	122	476828	
4607.81	22945	136	476919	
4610.65	22794	149	477057	
4613.32	22632	133	477235	
4616.44	22472	122	477406	
4619.71	22382	109	477509	
4625.38	22614	22	477364	
4631.81	22786	79	477135	
4635.91	22767	83	477150	
4640.09	22790	75	477135	
4644.82	22836	93	477071	
4647.28	22570	186	477244	
4650.71	22507	65	477428	
4656.31	22654	64	477282	
4660.98	22738	39	477223	
4666.62	22868	63	477069	
4671.16	22891	67	477042	
4675.55	22861	99	477040	
4681.85	23069	39	476892	
4687.73	23239	40	476721	
4693.15	23360	58	476582	
4698.17	23416	59	476525	
4702.55	23436	87	476477	
4707.45	23556	26	476418	
4715.25	23958	46	475996	
4720.44	24059	71	475870	
4723.97	23988	110	475902	
4727.17	23884	122	475994	
4729.61	23597	182	476221	
4731.73	23332	198	476470	
4734.53	23238	91	476671	
4739.28	23262	75	476663	
4744	23314	72	476614	
4748.31	23336	90	476574	
4751.55	23188	94	476718	
4756.46	23272	51	476677	
4761.95	23404	41	476555	
4768.55	23674	40	476286	
4772.7	23574	131	476295	
4775.93	23463	106	476431	
4778.94	23313	126	476561	
4781.84	23161	108	476731	
4784.67	22966	173	476861	
4787.09	22735	171	477094	
4789.22	22520	162	477318	
4793.28	22597	55	477348	
4798.02	22698	62	477240	
4803.23	22782	76	477142	
4807.68	22777	79	477144	
4812.16	22778	70	477152	
4817.18	22884	64	477052	
4823.56	23191	28	476781	
4830.1	23443	30	476527	
4834.41	23420	84	476496	
4837.67	23299	109	476592	
4841.08	23211	113	476676	
4844.1	23032	158	476810	
4848.21	23068	52	476880	
4854.17	23252	40	476708	
4860.04	23465	56	476479	
4864.74	23446	84	476470	
4869.73	23532	55	476413	
4874.81	23606	41	476353	
4880.13	23741	82	476177	
4884.27	23672	99	476229	
4888.36	23634	99	476267	
4891.44	23417	157	476426	
4893.81	23208	163	476629	
4896.76	23071	138	476791	
4899.34	22879	161	476960	
4901.98	22706	116	477178	
4907.46	22911	41	477048	
4912.11	23032	59	476909	
4916.54	23055	66	476879	
4920.66	23041	96	476863	
4924.76	23017	110	476873	
4927.57	22815	153	477032	
4931.04	22798	69	477133	
4937.33	23008	32	476960	
4942.58	23129	50	476821	
4947.12	23141	97	476762	
4951.05	23123	69	476808	
4954.57	23030	101	476869	
4958.05	22953	104	476943	
4964.11	23177	54	476769	
4968.98	23240	77	476683	
4972.61	23135	138	476727	
4975.71	23000	125	476875	
4979.38	22964	70	476966	
4983.2	22913	105	476982	
4986.6	22834	64	477102	
4993.15	23073	41	476886	
4997.69	23051	108	476841	
5001.99	23080	94	476826	
5005.52	22964	100	476936	
5010.22	23070	70	476860	
5014.27	23039	56	476905	
5023.25	23609	16	476375	
5030.15	23907	37	476056	
5035.19	24016	46	475938	
5039.59	23993	100	475907	
5043.21	23965	62	475973	
5049.65	24162	56	475782	
5054.42	24135	73	475792	
5058.88	24158	68	475774	
5062.78	24138	53	475809	
5066.21	24039	130	475831	
5068.78	23799	180	476021	
5072.01	23758	60	476182	
5076.98	23776	59	476165	
5081.61	23835	66	476099	
5085.21	23804	127	476069	
5088.27	23664	124	476212	
5091.74	23640	54	476306	
5096.19	23725	81	476194	
5100.82	23713	53	476234	
5106.95	23944	52	476004	
5112	24035	61	475904	
5116.69	24023	81	475896	
5120.85	24052	64	475884	
5125.47	24126	65	475809	
5131.67	24300	49	475651	
5136.42	24370	70	475560	
5139.86	24213	146	475641	
5142.15	23993	182	475825	
5144.18	23702	226	476072	
5145.86	23377	257	476366	
5148.08	23160	219	476621	
5149.96	22896	221	476883	
5151.61	22596	280	477124	
5153.13	22269	282	477449	
5155.21	22088	163	477749	
5159.69	22173	52	477775	
5166.25	22438	40	477522	
5173.65	22827	32	477141	
5180.7	23103	49	476848	
5187.99	23509	22	476469	
5196.09	23974	21	476005	
5201.87	24127	95	475778	
5205.51	24084	126	475790	
5208.09	23845	159	475996	
5210.52	23633	147	476220	
5215.16	23691	102	476207	
