0.001	 1.873156
0.002	 1.328267
0.003	 1.087211
0.004	 0.943714
0.005	 0.845953
0.006	 0.773923
0.007	 0.718053
0.008	 0.673109
0.009	 0.635960
0.01	 0.604601
0.011	 0.577681
0.012	 0.554253
0.013	 0.533630
0.014	 0.515300
0.015	 0.498873
0.016	 0.484046
0.017	 0.470579
0.018	 0.458280
0.019	 0.446993
0.02	 0.436589
0.021	 0.426961
0.022	 0.418020
0.023	 0.409689
0.024	 0.401905
0.025	 0.394611
0.026	 0.387760
0.027	 0.381310
0.028	 0.375225
0.029	 0.369473
0.03	 0.364026
0.031	 0.358859
0.032	 0.353950
0.033	 0.349278
0.034	 0.344827
0.035	 0.340580
0.036	 0.336522
0.037	 0.332642
0.038	 0.328927
0.039	 0.325366
0.04	 0.321950
0.041	 0.318669
0.042	 0.315516
0.043	 0.312483
0.044	 0.309563
0.045	 0.306750
0.046	 0.304038
0.047	 0.301421
0.048	 0.298894
0.049	 0.296454
0.05	 0.294094
0.051	 0.291812
0.052	 0.289604
0.053	 0.287466
0.054	 0.285394
0.055	 0.283387
0.056	 0.281440
0.057	 0.279551
0.058	 0.277718
0.059	 0.275939
0.06	 0.274210
0.061	 0.272530
0.062	 0.270897
0.063	 0.269310
0.064	 0.267765
0.065	 0.266262
0.066	 0.264800
0.067	 0.263375
0.068	 0.261988
0.069	 0.260636
0.07	 0.259319
0.071	 0.258036
0.072	 0.256784
0.073	 0.255563
0.074	 0.254372
0.075	 0.253210
0.076	 0.252077
0.077	 0.250970
0.078	 0.249889
0.079	 0.248834
0.08	 0.247803
0.081	 0.246796
0.082	 0.245812
0.083	 0.244851
0.084	 0.243911
0.085	 0.242992
0.086	 0.242094
0.087	 0.241216
0.088	 0.240357
0.089	 0.239517
0.09	 0.238695
0.091	 0.237891
0.092	 0.237104
0.093	 0.236335
0.094	 0.235581
0.095	 0.234843
0.096	 0.234122
0.097	 0.233415
0.098	 0.232723
0.099	 0.232045
0.1	 0.231381
0.101	 0.230732
0.102	 0.230095
0.103	 0.229472
0.104	 0.228861
0.105	 0.228263
0.106	 0.227677
0.107	 0.227103
0.108	 0.226541
0.109	 0.225990
0.11	 0.225450
0.111	 0.224921
0.112	 0.224403
0.113	 0.223895
0.114	 0.223397
0.115	 0.222909
0.116	 0.222431
0.117	 0.221963
0.118	 0.221504
0.119	 0.221054
0.12	 0.220614
0.121	 0.220182
0.122	 0.219758
0.123	 0.219344
0.124	 0.218937
0.125	 0.218539
0.126	 0.218149
0.127	 0.217767
0.128	 0.217392
0.129	 0.217025
0.13	 0.216666
0.131	 0.216314
0.132	 0.215969
0.133	 0.215631
0.134	 0.215300
0.135	 0.214976
0.136	 0.214659
0.137	 0.214348
0.138	 0.214044
0.139	 0.213746
0.14	 0.213455
0.141	 0.213169
0.142	 0.212890
0.143	 0.212617
0.144	 0.212350
0.145	 0.212088
0.146	 0.211832
0.147	 0.211582
0.148	 0.211337
0.149	 0.211098
0.15	 0.210865
0.151	 0.210636
0.152	 0.210413
0.153	 0.210195
0.154	 0.209982
0.155	 0.209774
0.156	 0.209571
0.157	 0.209373
0.158	 0.209180
0.159	 0.208992
0.16	 0.208808
0.161	 0.208629
0.162	 0.208454
0.163	 0.208284
0.164	 0.208119
0.165	 0.207958
0.166	 0.207801
0.167	 0.207649
0.168	 0.207500
0.169	 0.207356
0.17	 0.207216
0.171	 0.207081
0.172	 0.206949
0.173	 0.206821
0.174	 0.206698
0.175	 0.206578
0.176	 0.206462
0.177	 0.206350
0.178	 0.206241
0.179	 0.206137
0.18	 0.206036
0.181	 0.205939
0.182	 0.205845
0.183	 0.205755
0.184	 0.205669
0.185	 0.205586
0.186	 0.205507
0.187	 0.205431
0.188	 0.205359
0.189	 0.205290
0.19	 0.205224
0.191	 0.205162
0.192	 0.205103
0.193	 0.205047
0.194	 0.204995
0.195	 0.204946
0.196	 0.204900
0.197	 0.204857
0.198	 0.204818
0.199	 0.204781
0.2	 0.204748
0.201	 0.204717
0.202	 0.204690
0.203	 0.204666
0.204	 0.204645
0.205	 0.204626
0.206	 0.204611
0.207	 0.204599
0.208	 0.204589
0.209	 0.204583
0.21	 0.204579
0.211	 0.204579
0.212	 0.204581
0.213	 0.204586
0.214	 0.204593
0.215	 0.204604
0.216	 0.204617
0.217	 0.204634
0.218	 0.204652
0.219	 0.204674
0.22	 0.204698
0.221	 0.204725
0.222	 0.204755
0.223	 0.204788
0.224	 0.204823
0.225	 0.204860
0.226	 0.204901
0.227	 0.204944
0.228	 0.204989
0.229	 0.205038
0.23	 0.205088
0.231	 0.205142
0.232	 0.205198
0.233	 0.205256
0.234	 0.205317
0.235	 0.205381
0.236	 0.205447
0.237	 0.205516
0.238	 0.205587
0.239	 0.205661
0.24	 0.205737
0.241	 0.205816
0.242	 0.205897
0.243	 0.205980
0.244	 0.206067
0.245	 0.206155
0.246	 0.206246
0.247	 0.206340
0.248	 0.206436
0.249	 0.206534
0.25	 0.206635
0.251	 0.206738
0.252	 0.206844
0.253	 0.206952
0.254	 0.207062
0.255	 0.207175
0.256	 0.207291
0.257	 0.207408
0.258	 0.207529
0.259	 0.207651
0.26	 0.207776
0.261	 0.207904
0.262	 0.208033
0.263	 0.208166
0.264	 0.208300
0.265	 0.208437
0.266	 0.208576
0.267	 0.208718
0.268	 0.208862
0.269	 0.209009
0.27	 0.209158
0.271	 0.209309
0.272	 0.209463
0.273	 0.209619
0.274	 0.209777
0.275	 0.209938
0.276	 0.210101
0.277	 0.210267
0.278	 0.210435
0.279	 0.210605
0.28	 0.210778
0.281	 0.210954
0.282	 0.211131
0.283	 0.211311
0.284	 0.211494
0.285	 0.211679
0.286	 0.211866
0.287	 0.212056
0.288	 0.212248
0.289	 0.212443
0.29	 0.212640
0.291	 0.212839
0.292	 0.213041
0.293	 0.213246
0.294	 0.213453
0.295	 0.213662
0.296	 0.213874
0.297	 0.214088
0.298	 0.214305
0.299	 0.214524
0.3	 0.214746
0.301	 0.214970
0.302	 0.215197
0.303	 0.215427
0.304	 0.215658
0.305	 0.215893
0.306	 0.216130
0.307	 0.216369
0.308	 0.216611
0.309	 0.216856
0.31	 0.217103
0.311	 0.217353
0.312	 0.217606
0.313	 0.217861
0.314	 0.218118
0.315	 0.218379
0.316	 0.218642
0.317	 0.218907
0.318	 0.219176
0.319	 0.219447
0.32	 0.219720
0.321	 0.219997
0.322	 0.220276
0.323	 0.220558
0.324	 0.220842
0.325	 0.221130
0.326	 0.221420
0.327	 0.221713
0.328	 0.222009
0.329	 0.222307
0.33	 0.222609
0.331	 0.222913
0.332	 0.223220
0.333	 0.223530
0.334	 0.223843
0.335	 0.224159
0.336	 0.224477
0.337	 0.224799
0.338	 0.225124
0.339	 0.225452
0.34	 0.225782
0.341	 0.226116
0.342	 0.226453
0.343	 0.226793
0.344	 0.227135
0.345	 0.227481
0.346	 0.227831
0.347	 0.228183
0.348	 0.228538
0.349	 0.228897
0.35	 0.229259
0.351	 0.229624
0.352	 0.229992
0.353	 0.230364
0.354	 0.230739
0.355	 0.231117
0.356	 0.231499
0.357	 0.231884
0.358	 0.232272
0.359	 0.232664
0.36	 0.233060
0.361	 0.233458
0.362	 0.233861
0.363	 0.234267
0.364	 0.234676
0.365	 0.235089
0.366	 0.235506
0.367	 0.235926
0.368	 0.236350
0.369	 0.236778
0.37	 0.237210
0.371	 0.237645
0.372	 0.238084
0.373	 0.238527
0.374	 0.238974
0.375	 0.239425
0.376	 0.239880
0.377	 0.240339
0.378	 0.240801
0.379	 0.241268
0.38	 0.241739
0.381	 0.242214
0.382	 0.242694
0.383	 0.243177
0.384	 0.243665
0.385	 0.244157
0.386	 0.244654
0.387	 0.245155
0.388	 0.245660
0.389	 0.246170
0.39	 0.246684
0.391	 0.247203
0.392	 0.247727
0.393	 0.248255
0.394	 0.248788
0.395	 0.249325
0.396	 0.249868
0.397	 0.250415
0.398	 0.250968
0.399	 0.251525
0.4	 0.252087
0.401	 0.252655
0.402	 0.253227
0.403	 0.253805
0.404	 0.254388
0.405	 0.254977
0.406	 0.255570
0.407	 0.256169
0.408	 0.256774
0.409	 0.257384
0.41	 0.258000
0.411	 0.258622
0.412	 0.259249
0.413	 0.259882
0.414	 0.260522
0.415	 0.261167
0.416	 0.261818
0.417	 0.262475
0.418	 0.263139
0.419	 0.263809
0.42	 0.264485
0.421	 0.265167
0.422	 0.265857
0.423	 0.266552
0.424	 0.267255
0.425	 0.267964
0.426	 0.268680
0.427	 0.269404
0.428	 0.270134
0.429	 0.270871
0.43	 0.271616
0.431	 0.272368
0.432	 0.273128
0.433	 0.273895
0.434	 0.274670
0.435	 0.275452
0.436	 0.276243
0.437	 0.277041
0.438	 0.277848
0.439	 0.278663
0.44	 0.279486
0.441	 0.280317
0.442	 0.281158
0.443	 0.282007
0.444	 0.282865
0.445	 0.283732
0.446	 0.284608
0.447	 0.285494
0.448	 0.286389
0.449	 0.287293
0.45	 0.288207
0.451	 0.289131
0.452	 0.290066
0.453	 0.291010
0.454	 0.291965
0.455	 0.292930
0.456	 0.293907
0.457	 0.294894
0.458	 0.295892
0.459	 0.296901
0.46	 0.297922
0.461	 0.298955
0.462	 0.300000
0.463	 0.301056
0.464	 0.302125
0.465	 0.303207
0.466	 0.304301
0.467	 0.305408
0.468	 0.306529
0.469	 0.307663
0.47	 0.308810
0.471	 0.309972
0.472	 0.311148
0.473	 0.312338
0.474	 0.313543
0.475	 0.314764
0.476	 0.315999
0.477	 0.317251
0.478	 0.318518
0.479	 0.319802
0.48	 0.321102
0.481	 0.322419
0.482	 0.323754
0.483	 0.325106
0.484	 0.326476
0.485	 0.327865
0.486	 0.329273
0.487	 0.330700
0.488	 0.332147
0.489	 0.333613
0.49	 0.335100
0.491	 0.336609
0.492	 0.338139
0.493	 0.339690
0.494	 0.341264
0.495	 0.342862
0.496	 0.344482
0.497	 0.346127
0.498	 0.347797
0.499	 0.349492
0.5	 0.351213
0.501	 0.352960
0.502	 0.354734
0.503	 0.356537
0.504	 0.358368
0.505	 0.360228
0.506	 0.362119
0.507	 0.364040
0.508	 0.365993
0.509	 0.367979
0.51	 0.369998
0.511	 0.372052
0.512	 0.374141
0.513	 0.376266
0.514	 0.378429
0.515	 0.380630
0.516	 0.382871
0.517	 0.385153
0.518	 0.387477
0.519	 0.389844
0.52	 0.392255
0.521	 0.394713
0.522	 0.397218
0.523	 0.399772
0.524	 0.402376
0.525	 0.405033
0.526	 0.407744
0.527	 0.410511
0.528	 0.413335
0.529	 0.416219
0.53	 0.419164
0.531	 0.422174
0.532	 0.425250
0.533	 0.428395
0.534	 0.431611
0.535	 0.434900
0.536	 0.438267
0.537	 0.441714
0.538	 0.445244
0.539	 0.448860
0.54	 0.452566
0.541	 0.456365
0.542	 0.460263
0.543	 0.464262
0.544	 0.468367
0.545	 0.472584
0.546	 0.476916
0.547	 0.481370
0.548	 0.485952
0.549	 0.490667
0.55	 0.495521
0.551	 0.500523
0.552	 0.505680
0.553	 0.510998
0.554	 0.516489
0.555	 0.522159
0.556	 0.528021
0.557	 0.534084
0.558	 0.540360
0.559	 0.546863
0.56	 0.553606
0.561	 0.560603
0.562	 0.567872
0.563	 0.575431
0.564	 0.583299
0.565	 0.591497
0.566	 0.600050
0.567	 0.608984
0.568	 0.618328
0.569	 0.628114
0.57	 0.638379
0.571	 0.649161
0.572	 0.660507
0.573	 0.672467
0.574	 0.685099
0.575	 0.698468
0.576	 0.712648
0.577	 0.727725
0.578	 0.743798
0.579	 0.760981
0.58	 0.779408
0.581	 0.799236
0.582	 0.820654
0.583	 0.843885
0.584	 0.869201
0.585	 0.896932
0.586	 0.927490
0.587	 0.961391
0.588	 0.999291
0.589	 1.042044
0.59	 1.090784
0.591	 1.147053
0.592	 1.213014
0.593	 1.291812
0.594	 1.388241
0.595	 1.510037
0.596	 1.670718
0.597	 1.896658
0.598	 2.248786
0.599	 2.916889
0.6	 5.174155
0.601	 0.000000
0.602	 0.000000
0.603	 0.000000
0.604	 0.000000
0.605	 0.000000
0.606	 0.000000
0.607	 0.000000
0.608	 0.000000
0.609	 0.000000
0.61	 0.000000
0.611	 0.000000
0.612	 0.000000
0.613	 0.000000
0.614	 0.000000
0.615	 0.000000
0.616	 0.000000
0.617	 0.000000
0.618	 0.000000
0.619	 0.000000
0.62	 0.000000
0.621	 0.000000
0.622	 0.000000
0.623	 0.000000
0.624	 0.000000
0.625	 0.000000
0.626	 0.000000
0.627	 0.000000
0.628	 0.000000
0.629	 0.000000
0.63	 0.000000
0.631	 0.000000
0.632	 0.000000
0.633	 0.000000
0.634	 0.000000
0.635	 0.000000
0.636	 0.000000
0.637	 0.000000
0.638	 0.000000
0.639	 0.000000
0.64	 0.000000
0.641	 0.000000
0.642	 0.000000
0.643	 0.000000
0.644	 0.000000
0.645	 0.000000
0.646	 0.000000
0.647	 0.000000
0.648	 0.000000
0.649	 0.000000
0.65	 0.000000
0.651	 0.000000
0.652	 0.000000
0.653	 0.000000
0.654	 0.000000
0.655	 0.000000
0.656	 0.000000
0.657	 0.000000
0.658	 0.000000
0.659	 0.000000
0.66	 0.000000
0.661	 0.000000
0.662	 0.000000
0.663	 0.000000
0.664	 0.000000
0.665	 0.000000
0.666	 0.000000
0.667	 0.000000
0.668	 0.000000
0.669	 0.000000
0.67	 0.000000
0.671	 0.000000
0.672	 0.000000
0.673	 0.000000
0.674	 0.000000
0.675	 0.000000
0.676	 0.000000
0.677	 0.000000
0.678	 0.000000
0.679	 0.000000
0.68	 0.000000
0.681	 0.000000
0.682	 0.000000
0.683	 0.000000
0.684	 0.000000
0.685	 0.000000
0.686	 0.000000
0.687	 0.000000
0.688	 0.000000
0.689	 0.000000
0.69	 0.000000
0.691	 0.000000
0.692	 0.000000
0.693	 0.000000
0.694	 0.000000
0.695	 0.000000
0.696	 0.000000
0.697	 0.000000
0.698	 0.000000
0.699	 0.000000
0.7	 0.000000
0.701	 0.000000
0.702	 0.000000
0.703	 0.000000
0.704	 0.000000
0.705	 0.000000
0.706	 0.000000
0.707	 0.000000
0.708	 0.000000
0.709	 0.000000
0.71	 0.000000
0.711	 0.000000
0.712	 0.000000
0.713	 0.000000
0.714	 0.000000
0.715	 0.000000
0.716	 0.000000
0.717	 0.000000
0.718	 0.000000
0.719	 0.000000
0.72	 0.000000
0.721	 0.000000
0.722	 0.000000
0.723	 0.000000
0.724	 0.000000
0.725	 0.000000
0.726	 0.000000
0.727	 0.000000
0.728	 0.000000
0.729	 0.000000
0.73	 0.000000
0.731	 0.000000
0.732	 0.000000
0.733	 0.000000
0.734	 0.000000
0.735	 0.000000
0.736	 0.000000
0.737	 0.000000
0.738	 0.000000
0.739	 0.000000
0.74	 0.000000
0.741	 0.000000
0.742	 0.000000
0.743	 0.000000
0.744	 0.000000
0.745	 0.000000
0.746	 0.000000
0.747	 0.000000
0.748	 0.000000
0.749	 0.000000
0.75	 0.000000
0.751	 0.000000
0.752	 0.000000
0.753	 0.000000
0.754	 0.000000
0.755	 0.000000
0.756	 0.000000
0.757	 0.000000
0.758	 0.000000
0.759	 0.000000
0.76	 0.000000
0.761	 0.000000
0.762	 0.000000
0.763	 0.000000
0.764	 0.000000
0.765	 0.000000
0.766	 0.000000
0.767	 0.000000
0.768	 0.000000
0.769	 0.000000
0.77	 0.000000
0.771	 0.000000
0.772	 0.000000
0.773	 0.000000
0.774	 0.000000
0.775	 0.000000
0.776	 0.000000
0.777	 0.000000
0.778	 0.000000
0.779	 0.000000
0.78	 0.000000
0.781	 0.000000
0.782	 0.000000
0.783	 0.000000
0.784	 0.000000
0.785	 0.000000
0.786	 0.000000
0.787	 0.000000
0.788	 0.000000
0.789	 0.000000
0.79	 0.000000
0.791	 0.000000
0.792	 0.000000
0.793	 0.000000
0.794	 0.000000
0.795	 0.000000
0.796	 0.000000
0.797	 0.000000
0.798	 0.000000
0.799	 0.000000
0.8	 0.000000
0.801	 0.000000
0.802	 0.000000
0.803	 0.000000
0.804	 0.000000
0.805	 0.000000
0.806	 0.000000
0.807	 0.000000
0.808	 0.000000
0.809	 0.000000
0.81	 0.000000
0.811	 0.000000
0.812	 0.000000
0.813	 0.000000
0.814	 0.000000
0.815	 0.000000
0.816	 0.000000
0.817	 0.000000
0.818	 0.000000
0.819	 0.000000
0.82	 0.000000
0.821	 0.000000
0.822	 0.000000
0.823	 0.000000
0.824	 0.000000
0.825	 0.000000
0.826	 0.000000
0.827	 0.000000
0.828	 0.000000
0.829	 0.000000
0.83	 0.000000
0.831	 0.000000
0.832	 0.000000
0.833	 0.000000
0.834	 0.000000
0.835	 0.000000
0.836	 0.000000
0.837	 0.000000
0.838	 0.000000
0.839	 0.000000
0.84	 0.000000
0.841	 0.000000
0.842	 0.000000
0.843	 0.000000
0.844	 0.000000
0.845	 0.000000
0.846	 0.000000
0.847	 0.000000
0.848	 0.000000
0.849	 0.000000
0.85	 0.000000
0.851	 0.000000
0.852	 0.000000
0.853	 0.000000
0.854	 0.000000
0.855	 0.000000
0.856	 0.000000
0.857	 0.000000
0.858	 0.000000
0.859	 0.000000
0.86	 0.000000
0.861	 0.000000
0.862	 0.000000
0.863	 0.000000
0.864	 0.000000
0.865	 0.000000
0.866	 0.000000
0.867	 0.000000
0.868	 0.000000
0.869	 0.000000
0.87	 0.000000
0.871	 0.000000
0.872	 0.000000
0.873	 0.000000
0.874	 0.000000
0.875	 0.000000
0.876	 0.000000
0.877	 0.000000
0.878	 0.000000
0.879	 0.000000
0.88	 0.000000
0.881	 0.000000
0.882	 0.000000
0.883	 0.000000
0.884	 0.000000
0.885	 0.000000
0.886	 0.000000
0.887	 0.000000
0.888	 0.000000
0.889	 0.000000
0.89	 0.000000
0.891	 0.000000
0.892	 0.000000
0.893	 0.000000
0.894	 0.000000
0.895	 0.000000
0.896	 0.000000
0.897	 0.000000
0.898	 0.000000
0.899	 0.000000
0.9	 0.000000
0.901	 0.000000
0.902	 0.000000
0.903	 0.000000
0.904	 0.000000
0.905	 0.000000
0.906	 0.000000
0.907	 0.000000
0.908	 0.000000
0.909	 0.000000
0.91	 0.000000
0.911	 0.000000
0.912	 0.000000
0.913	 0.000000
0.914	 0.000000
0.915	 0.000000
0.916	 0.000000
0.917	 0.000000
0.918	 0.000000
0.919	 0.000000
0.92	 0.000000
0.921	 0.000000
0.922	 0.000000
0.923	 0.000000
0.924	 0.000000
0.925	 0.000000
0.926	 0.000000
0.927	 0.000000
0.928	 0.000000
0.929	 0.000000
0.93	 0.000000
0.931	 0.000000
0.932	 0.000000
0.933	 0.000000
0.934	 0.000000
0.935	 0.000000
0.936	 0.000000
0.937	 0.000000
0.938	 0.000000
0.939	 0.000000
0.94	 0.000000
0.941	 0.000000
0.942	 0.000000
0.943	 0.000000
0.944	 0.000000
0.945	 0.000000
0.946	 0.000000
0.947	 0.000000
0.948	 0.000000
0.949	 0.000000
0.95	 0.000000
0.951	 0.000000
0.952	 0.000000
0.953	 0.000000
0.954	 0.000000
0.955	 0.000000
0.956	 0.000000
0.957	 0.000000
0.958	 0.000000
0.959	 0.000000
0.96	 0.000000
0.961	 0.000000
0.962	 0.000000
0.963	 0.000000
0.964	 0.000000
0.965	 0.000000
0.966	 0.000000
0.967	 0.000000
0.968	 0.000000
0.969	 0.000000
0.97	 0.000000
0.971	 0.000000
0.972	 0.000000
0.973	 0.000000
0.974	 0.000000
0.975	 0.000000
0.976	 0.000000
0.977	 0.000000
0.978	 0.000000
0.979	 0.000000
0.98	 0.000000
0.981	 0.000000
0.982	 0.000000
0.983	 0.000000
0.984	 0.000000
0.985	 0.000000
0.986	 0.000000
0.987	 0.000000
0.988	 0.000000
0.989	 0.000000
0.99	 0.000000
0.991	 0.000000
0.992	 0.000000
0.993	 0.000000
0.994	 0.000000
0.995	 0.000000
0.996	 0.000000
0.997	 0.000000
0.998	 0.000000
0.999	 0.000000
1	 0.000000
