0.000000	12.187319
0.000008	4.788582
0.000016	4.905230
0.000024	4.576795
0.000033	4.514445
0.000041	4.367346
0.000049	4.859605
0.000057	4.908103
0.000065	4.846375
0.000073	4.654632
0.000081	4.875727
0.000090	4.960359
0.000098	4.926659
0.000106	4.701240
0.000114	4.635412
0.000122	4.791870
0.000130	4.881622
0.000138	4.552727
0.000146	4.422661
0.000155	4.751678
0.000163	4.764782
0.000171	4.757691
0.000179	4.689810
0.000187	4.782511
0.000195	4.689909
0.000203	4.643503
0.000212	4.586811
0.000220	4.480912
0.000228	4.726413
0.000236	4.616080
0.000244	4.548029
0.000252	4.529088
0.000260	4.673487
0.000269	4.716444
0.000277	4.830206
0.000285	4.786538
0.000293	4.774763
0.000301	4.881597
0.000309	4.782605
0.000317	4.674827
0.000326	4.751132
0.000334	4.757108
0.000342	4.658864
0.000350	4.821570
0.000358	4.796246
0.000366	4.591593
0.000374	4.768870
0.000382	4.668550
0.000391	4.849602
0.000399	4.732509
0.000407	4.512255
0.000415	4.686712
0.000423	4.828185
0.000431	4.749454
0.000439	4.618900
0.000448	4.757860
0.000456	4.789517
0.000464	4.796786
0.000472	4.619015
0.000480	4.770184
0.000488	4.950063
0.000496	4.943082
0.000505	4.873164
0.000513	5.057616
0.000521	5.056988
0.000529	4.803845
0.000537	4.713477
0.000545	4.966942
0.000553	4.606868
0.000562	4.686416
0.000570	4.680636
0.000578	5.048092
0.000586	5.129189
0.000594	4.839589
0.000602	4.894856
0.000610	4.997057
0.000618	5.191077
0.000627	4.976474
0.000635	4.940712
0.000643	4.987408
0.000651	4.903383
0.000659	4.948113
0.000667	5.109680
0.000675	5.207732
0.000684	4.905619
0.000692	4.950706
0.000700	5.107148
0.000708	5.165515
0.000716	4.861671
0.000724	4.987068
0.000732	5.152715
0.000741	4.915731
0.000749	5.114337
0.000757	5.078355
0.000765	5.170452
0.000773	5.183642
0.000781	5.057792
0.000789	5.236391
0.000798	5.231655
0.000806	5.364685
0.000814	5.102493
0.000822	5.088388
0.000830	5.262201
0.000838	5.346227
0.000846	5.351621
0.000854	5.212970
0.000863	5.221208
0.000871	5.383860
0.000879	5.223382
0.000887	5.468688
0.000895	5.545779
0.000903	5.303708
0.000911	5.271244
0.000920	5.252188
0.000928	5.148599
0.000936	5.239963
0.000944	5.389872
0.000952	5.466595
0.000960	5.319814
0.000968	5.322358
0.000977	5.606884
0.000985	5.505553
0.000993	5.377275
0.001001	5.329832
0.001009	5.480798
0.001017	5.517300
0.001025	5.609492
0.001034	5.501286
0.001042	5.570082
0.001050	5.523976
0.001058	5.599109
0.001066	5.367700
0.001074	5.493874
0.001082	5.728617
0.001090	5.624876
0.001099	5.673384
0.001107	5.553499
0.001115	5.515124
0.001123	5.686183
0.001131	5.599230
0.001139	5.649911
0.001147	5.593336
0.001156	5.827160
0.001164	6.029140
0.001172	5.900682
0.001180	5.720463
0.001188	5.791440
0.001196	5.766228
0.001204	5.596833
0.001213	5.792525
0.001221	5.603822
0.001229	5.696276
0.001237	5.720392
0.001245	5.748371
0.001253	6.060542
0.001261	6.066760
0.001270	5.963860
0.001278	5.843275
0.001286	5.840610
0.001294	5.936301
0.001302	6.071323
0.001310	6.032252
0.001318	6.025144
0.001326	6.053626
0.001335	5.970823
0.001343	5.887699
0.001351	6.350766
0.001359	6.144180
0.001367	6.382783
0.001375	6.325322
0.001383	6.347733
0.001392	6.340528
0.001400	6.339878
0.001408	6.382986
0.001416	6.292217
0.001424	6.450847
0.001432	6.564662
0.001440	6.478633
0.001449	6.729362
0.001457	6.461142
0.001465	6.531650
0.001473	6.408108
0.001481	6.500270
0.001489	6.675434
0.001497	6.713081
0.001506	6.857774
0.001514	6.716180
0.001522	6.595943
0.001530	6.794859
0.001538	6.914741
0.001546	6.848539
0.001554	6.569016
0.001563	6.782588
0.001571	6.852058
0.001579	6.965678
0.001587	6.993064
0.001595	6.805332
0.001603	6.977266
0.001611	6.884647
0.001619	6.937060
0.001628	6.974242
0.001636	6.821343
0.001644	7.103318
0.001652	7.264733
0.001660	7.476857
0.001668	7.405454
0.001676	7.293055
0.001685	7.329062
0.001693	7.154387
0.001701	7.356570
0.001709	7.635352
0.001717	7.331153
0.001725	7.424816
0.001733	7.764129
0.001742	7.710611
0.001750	7.576504
0.001758	7.457191
0.001766	7.350117
0.001774	7.519838
0.001782	7.791554
0.001790	7.790617
0.001799	8.089211
0.001807	7.981904
0.001815	8.327842
0.001823	8.061263
0.001831	7.952933
0.001839	7.919127
0.001847	8.118088
0.001855	8.348073
0.001864	8.278026
0.001872	8.220168
0.001880	7.846641
0.001888	8.093783
0.001896	8.338188
0.001904	8.244637
0.001912	8.217355
0.001921	8.374356
0.001929	8.353184
0.001937	8.792337
0.001945	8.890863
0.001953	8.475699
0.001961	9.035613
0.001969	9.101704
0.001978	9.080364
0.001986	9.394444
0.001994	9.131963
0.002002	8.904753
0.002010	9.316302
0.002018	8.789292
0.002026	9.122823
0.002035	9.298491
0.002043	9.403581
0.002051	9.426830
0.002059	9.569261
0.002067	9.609229
0.002075	9.569511
0.002083	9.970260
0.002091	10.136128
0.002100	10.041216
0.002108	10.716030
0.002116	10.235252
0.002124	9.917599
0.002132	9.844661
0.002140	10.328268
0.002148	10.438966
0.002157	10.336835
0.002165	10.322325
0.002173	10.103115
0.002181	10.367724
0.002189	10.657396
0.002197	10.770014
0.002205	10.166084
0.002214	10.473873
0.002222	10.891075
0.002230	11.423691
0.002238	10.965027
0.002246	10.995690
0.002254	11.183939
0.002262	11.356114
0.002271	11.649403
0.002279	12.024086
0.002287	11.526905
0.002295	11.332413
0.002303	11.802410
0.002311	11.712928
0.002319	11.883897
0.002327	11.737105
0.002336	11.976883
0.002344	12.100161
0.002352	12.401902
0.002360	12.991368
0.002368	13.272913
0.002376	12.978699
0.002384	12.482723
0.002393	12.906569
0.002401	13.380327
0.002409	13.035680
0.002417	13.073255
0.002425	13.407187
0.002433	13.263094
0.002441	13.279412
0.002450	13.776707
0.002458	13.599333
0.002466	14.156463
0.002474	14.092460
0.002482	14.489752
0.002490	14.729479
0.002498	14.722936
0.002507	14.475491
0.002515	14.653422
0.002523	15.052564
0.002531	14.490701
0.002539	15.342124
0.002547	15.503464
0.002555	15.059028
0.002563	14.991446
0.002572	16.142988
0.002580	15.562666
0.002588	15.445870
0.002596	15.675282
0.002604	16.121111
0.002612	16.610369
0.002620	16.950085
0.002629	16.869814
0.002637	17.462553
0.002645	17.786913
0.002653	17.503359
0.002661	17.389782
0.002669	16.884697
0.002677	16.896742
0.002686	18.342989
0.002694	18.333120
0.002702	18.769897
0.002710	18.729998
0.002718	19.209196
0.002726	18.843273
0.002734	19.212475
0.002743	19.404062
0.002751	20.186077
0.002759	20.175810
0.002767	20.671644
0.002775	20.904890
0.002783	20.329723
0.002791	21.625273
0.002799	21.581841
0.002808	21.812372
0.002816	22.061953
0.002824	21.634562
0.002832	21.356236
0.002840	22.012850
0.002848	22.706011
0.002856	23.729710
0.002865	22.980494
0.002873	23.876207
0.002881	24.464792
0.002889	24.019110
0.002897	24.096935
0.002905	24.787718
0.002913	25.368376
0.002922	25.211889
0.002930	25.041874
0.002938	25.382034
0.002946	25.743830
0.002954	26.136808
0.002962	26.529745
0.002970	26.173174
0.002979	26.757292
0.002987	27.484842
0.002995	28.194517
0.003003	28.848549
0.003011	28.824394
0.003019	29.073175
0.003027	29.910233
0.003035	29.285284
0.003044	31.930803
0.003052	31.869450
0.003060	30.687954
0.003068	30.787149
0.003076	30.146358
0.003084	30.575104
0.003092	31.003365
0.003101	32.140755
0.003109	32.802773
0.003117	33.198483
0.003125	32.740547
0.003133	34.608078
0.003141	35.820927
0.003149	34.518784
0.003158	36.178642
0.003166	37.177319
0.003174	38.244659
0.003182	38.497356
0.003190	37.658295
0.003198	39.071774
0.003206	39.844070
0.003215	39.877026
0.003223	40.565948
0.003231	40.030170
0.003239	40.022099
0.003247	42.516796
0.003255	43.366665
0.003263	40.414646
0.003271	40.553242
0.003280	44.287415
0.003288	43.912682
0.003296	45.377491
0.003304	44.616604
0.003312	46.322315
0.003320	47.897522
0.003328	47.057522
0.003337	48.616898
0.003345	48.941082
0.003353	47.698013
0.003361	49.575066
0.003369	49.831215
0.003377	48.700481
0.003385	49.349182
0.003394	49.354721
0.003402	52.224949
0.003410	53.917061
0.003418	53.622845
0.003426	54.053375
0.003434	54.550667
0.003442	54.043167
0.003451	51.197289
0.003459	51.808693
0.003467	53.492676
0.003475	54.469479
0.003483	55.998501
0.003491	54.875923
0.003499	55.088234
0.003507	55.005299
0.003516	54.514248
0.003524	56.016827
0.003532	56.908096
0.003540	56.891350
0.003548	57.678368
0.003556	57.035061
0.003564	54.598961
0.003573	57.644833
0.003581	56.312458
0.003589	56.869938
0.003597	56.365704
0.003605	56.420887
0.003613	55.273979
0.003621	55.137238
0.003630	55.250984
0.003638	55.688824
0.003646	56.072895
0.003654	57.543034
0.003662	55.561146
0.003670	56.260422
0.003678	56.775970
0.003687	56.546944
0.003695	56.060390
0.003703	55.739441
0.003711	53.277500
0.003719	54.376431
0.003727	53.106758
0.003735	53.872482
0.003743	51.961758
0.003752	52.810322
0.003760	52.288136
0.003768	53.215919
0.003776	51.322830
0.003784	49.244728
0.003792	47.974056
0.003800	48.774673
0.003809	47.627518
0.003817	48.818138
0.003825	47.848644
0.003833	48.544346
0.003841	46.951691
0.003849	45.447327
0.003857	46.240314
0.003866	46.121017
0.003874	44.363220
0.003882	43.390099
0.003890	44.811687
0.003898	43.860168
0.003906	41.590881
0.003914	40.799282
0.003923	41.107525
0.003931	40.532333
0.003939	38.177528
0.003947	38.612774
0.003955	39.949123
0.003963	38.632641
0.003971	35.104584
0.003979	35.978882
0.003988	36.719891
0.003996	36.427444
0.004004	35.332470
0.004012	36.150589
0.004020	35.114265
0.004028	35.350021
0.004036	34.062569
0.004045	33.426655
0.004053	32.122776
0.004061	32.360001
0.004069	31.967024
0.004077	30.537748
0.004085	29.554434
0.004093	30.355730
0.004102	29.815619
0.004110	28.165306
0.004118	29.661489
0.004126	28.746540
0.004134	27.987165
0.004142	27.864506
0.004150	26.646395
0.004159	25.387529
0.004167	24.995230
0.004175	25.160328
0.004183	25.240337
0.004191	24.601254
0.004199	23.552250
0.004207	23.402046
0.004215	22.375805
0.004224	22.882219
0.004232	21.920912
0.004240	21.262360
0.004248	22.141254
0.004256	21.977938
0.004264	20.682806
0.004272	19.753603
0.004281	20.071842
0.004289	20.103573
0.004297	19.944912
0.004305	19.592321
0.004313	19.478735
0.004321	18.728617
0.004329	18.292559
0.004338	18.279261
0.004346	17.630943
0.004354	17.181118
0.004362	17.241644
0.004370	16.924385
0.004378	17.060743
0.004386	16.445736
0.004395	15.912323
0.004403	16.280170
0.004411	17.198217
0.004419	15.683276
0.004427	14.958710
0.004435	14.809059
0.004443	15.181195
0.004451	14.556588
0.004460	14.464807
0.004468	14.050842
0.004476	13.826160
0.004484	13.729980
0.004492	13.299689
0.004500	13.158026
0.004508	13.121983
0.004517	12.882348
0.004525	12.674642
0.004533	12.949015
0.004541	12.609216
0.004549	12.546019
0.004557	11.927150
0.004565	11.994460
0.004574	11.671108
0.004582	11.662917
0.004590	11.369848
0.004598	11.022185
0.004606	10.898479
0.004614	11.263309
0.004622	11.165099
0.004631	10.708699
0.004639	10.527982
0.004647	10.303559
0.004655	10.137470
0.004663	10.210439
0.004671	9.991530
0.004679	9.958614
0.004688	9.846329
0.004696	9.691061
0.004704	9.613137
0.004712	9.597161
0.004720	9.343211
0.004728	9.299916
0.004736	9.541231
0.004744	9.349807
0.004753	8.828650
0.004761	8.587153
0.004769	9.009385
0.004777	8.606022
0.004785	8.157463
0.004793	7.971844
0.004801	8.228939
0.004810	7.958800
0.004818	7.887077
0.004826	7.597743
0.004834	7.401039
0.004842	7.777802
0.004850	7.529605
0.004858	7.300215
0.004867	7.098861
0.004875	7.278091
0.004883	7.520888
0.004891	7.104576
0.004899	6.814707
0.004907	6.736214
0.004915	7.021533
0.004924	6.797350
0.004932	6.834689
0.004940	6.485332
0.004948	6.551857
0.004956	6.224693
0.004964	6.358853
0.004972	6.258344
0.004980	6.190013
0.004989	6.212348
0.004997	5.972348
0.005005	6.107275
0.005013	5.875884
0.005021	5.786297
0.005029	5.756497
0.005037	5.846311
0.005046	5.928785
0.005054	5.836099
0.005062	5.780685
0.005070	5.639015
0.005078	5.683253
0.005086	5.524564
0.005094	5.597282
0.005103	5.332034
0.005111	5.168610
0.005119	5.068678
0.005127	5.361231
0.005135	5.389430
0.005143	5.134670
0.005151	5.101817
0.005160	5.041962
0.005168	4.920389
0.005176	5.016421
0.005184	4.823469
0.005192	4.894237
0.005200	4.891650
0.005208	4.651825
0.005216	4.575679
0.005225	4.695044
0.005233	4.537606
0.005241	4.660701
0.005249	4.421966
0.005257	4.530798
0.005265	4.262034
0.005273	4.185474
0.005282	4.407071
0.005290	4.426471
0.005298	4.321936
0.005306	4.071684
0.005314	4.074050
0.005322	4.292836
0.005330	4.176898
0.005339	4.071303
0.005347	4.030366
0.005355	3.936189
0.005363	3.889548
0.005371	3.807457
0.005379	3.746372
0.005387	3.806616
0.005396	3.812764
0.005404	3.807233
0.005412	3.904790
0.005420	3.671200
0.005428	3.514830
0.005436	3.487707
0.005444	3.521110
0.005452	3.712471
0.005461	3.490262
0.005469	3.387455
0.005477	3.447307
0.005485	3.395584
0.005493	3.550549
0.005501	3.415679
0.005509	3.524143
0.005518	3.551610
0.005526	3.291913
0.005534	3.249193
0.005542	3.256719
0.005550	3.198039
0.005558	3.164780
0.005566	3.114597
0.005575	3.136335
0.005583	3.191870
0.005591	3.003152
0.005599	3.049001
0.005607	3.026923
0.005615	2.906335
0.005623	2.874377
0.005632	2.823595
0.005640	2.916672
0.005648	2.724241
0.005656	2.719850
0.005664	2.742057
0.005672	2.824057
0.005680	2.935174
0.005688	2.720172
0.005697	2.704958
0.005705	2.728947
0.005713	2.666942
0.005721	2.721079
0.005729	2.866609
0.005737	2.690670
0.005745	2.592096
0.005754	2.597232
0.005762	2.553492
0.005770	2.477960
0.005778	2.511672
0.005786	2.534014
0.005794	2.439666
0.005802	2.422890
0.005811	2.521545
0.005819	2.505573
0.005827	2.401271
0.005835	2.420323
0.005843	2.559474
0.005851	2.570072
0.005859	2.453763
0.005868	2.361210
0.005876	2.287710
0.005884	2.281665
0.005892	2.365195
0.005900	2.243270
0.005908	2.191782
0.005916	2.209691
0.005924	2.187967
0.005933	2.276189
0.005941	2.255644
0.005949	2.277829
0.005957	2.309042
0.005965	2.287187
0.005973	2.249544
0.005981	2.181699
0.005990	2.287251
0.005998	2.231003
0.006006	2.208286
0.006014	2.124201
0.006022	2.142520
0.006030	2.167873
0.006038	2.043614
0.006047	2.039620
0.006055	1.992672
0.006063	1.985213
0.006071	1.951560
0.006079	2.013956
0.006087	2.033784
0.006095	1.942627
0.006104	2.002152
0.006112	1.987203
0.006120	1.933772
0.006128	1.943880
0.006136	1.855050
0.006144	1.883960
0.006152	1.851624
0.006160	1.871678
0.006169	1.920482
0.006177	1.935905
0.006185	1.906328
0.006193	1.862385
0.006201	1.903136
0.006209	1.860340
0.006217	1.815405
0.006226	1.763384
0.006234	1.770976
0.006242	1.730291
0.006250	1.740721
0.006258	1.812734
0.006266	1.769753
0.006274	1.763873
0.006283	1.773555
0.006291	1.720990
0.006299	1.701505
0.006307	1.694148
0.006315	1.653856
0.006323	1.640757
0.006331	1.654198
0.006340	1.621312
0.006348	1.653000
0.006356	1.577181
0.006364	1.547360
0.006372	1.632914
0.006380	1.659025
0.006388	1.604698
0.006396	1.558370
0.006405	1.565449
0.006413	1.628855
0.006421	1.628584
0.006429	1.622109
0.006437	1.556937
0.006445	1.639491
0.006453	1.601515
0.006462	1.563814
0.006470	1.561995
0.006478	1.573063
0.006486	1.568246
0.006494	1.555928
0.006502	1.539208
0.006510	1.506394
0.006519	1.511129
0.006527	1.492372
0.006535	1.533939
0.006543	1.523704
0.006551	1.434112
0.006559	1.467796
0.006567	1.492920
0.006576	1.516037
0.006584	1.549930
0.006592	1.519661
0.006600	1.479914
0.006608	1.481864
0.006616	1.441901
0.006624	1.477844
0.006632	1.494593
0.006641	1.443656
0.006649	1.400400
0.006657	1.408834
0.006665	1.455876
0.006673	1.457259
0.006681	1.368123
0.006689	1.404162
0.006698	1.400473
0.006706	1.353552
0.006714	1.345877
0.006722	1.364202
0.006730	1.309836
0.006738	1.296381
0.006746	1.358220
0.006755	1.377931
0.006763	1.334702
0.006771	1.313260
0.006779	1.328376
0.006787	1.370285
0.006795	1.350604
0.006803	1.386837
0.006812	1.384419
0.006820	1.357336
0.006828	1.330507
0.006836	1.283265
0.006844	1.275305
0.006852	1.301108
0.006860	1.247834
0.006868	1.242320
0.006877	1.246611
0.006885	1.234896
0.006893	1.246871
0.006901	1.261509
0.006909	1.188060
0.006917	1.281175
0.006925	1.268474
0.006934	1.219017
0.006942	1.234223
0.006950	1.309902
0.006958	1.288643
0.006966	1.277656
0.006974	1.317130
0.006982	1.327962
0.006991	1.269193
0.006999	1.213936
0.007007	1.267445
0.007015	1.290799
0.007023	1.179179
0.007031	1.143538
0.007039	1.163241
0.007048	1.150995
0.007056	1.202479
0.007064	1.251731
0.007072	1.260755
0.007080	1.180524
0.007088	1.141571
0.007096	1.145639
0.007104	1.181620
0.007113	1.153843
0.007121	1.184846
0.007129	1.160643
0.007137	1.146800
0.007145	1.144137
0.007153	1.125901
0.007161	1.155698
0.007170	1.142540
0.007178	1.133162
0.007186	1.169235
0.007194	1.109880
0.007202	1.151495
0.007210	1.132595
0.007218	1.166165
0.007227	1.110034
0.007235	1.115532
0.007243	1.112610
0.007251	1.111304
0.007259	1.098183
0.007267	1.071646
0.007275	1.084439
0.007284	1.096093
0.007292	1.068112
0.007300	1.109081
0.007308	1.130997
0.007316	1.134958
0.007324	1.128857
0.007332	1.080858
0.007340	1.076034
0.007349	1.047624
0.007357	1.091295
0.007365	1.056455
0.007373	1.106681
0.007381	1.081702
0.007389	1.065816
0.007397	1.039548
0.007406	1.022018
0.007414	0.984152
0.007422	0.997077
0.007430	1.036624
0.007438	1.032642
0.007446	0.983993
0.007454	1.028356
0.007463	1.066058
0.007471	1.068417
0.007479	1.022338
0.007487	1.021035
0.007495	1.048244
0.007503	1.016293
0.007511	0.943487
0.007520	0.960374
0.007528	1.007019
0.007536	0.988257
0.007544	0.988456
0.007552	0.961867
0.007560	0.979062
0.007568	0.989389
0.007576	1.018415
0.007585	0.991962
0.007593	1.015683
0.007601	0.984795
0.007609	0.964793
0.007617	0.963758
0.007625	0.971407
0.007633	1.000425
0.007642	1.029149
0.007650	0.970763
0.007658	0.955081
0.007666	0.991470
0.007674	0.991077
0.007682	0.947378
0.007690	0.970462
0.007699	0.974358
0.007707	0.980502
0.007715	0.970440
0.007723	0.970954
0.007731	0.937028
0.007739	0.897833
0.007747	0.934967
0.007756	0.960353
0.007764	0.959971
0.007772	0.958212
0.007780	0.903324
0.007788	0.928841
0.007796	0.901496
0.007804	0.907958
0.007812	0.922018
0.007821	0.934814
0.007829	0.934705
0.007837	0.952018
0.007845	0.940850
0.007853	0.936252
0.007861	0.915713
0.007869	0.937575
0.007878	0.938922
0.007886	0.901555
0.007894	0.923846
0.007902	0.954692
0.007910	0.933081
0.007918	0.953186
0.007926	0.927803
0.007935	0.920510
0.007943	0.901970
0.007951	0.950183
0.007959	0.928005
0.007967	0.931709
0.007975	0.912667
0.007983	0.903169
0.007992	0.889355
0.008000	0.941141
0.008008	0.931151
0.008016	0.891384
0.008024	0.877802
0.008032	0.908811
0.008040	0.923901
0.008049	0.900401
0.008057	0.922285
0.008065	0.913628
0.008073	0.925879
0.008081	0.910968
0.008089	0.904432
0.008097	0.889693
0.008105	0.920781
0.008114	0.909838
0.008122	0.882959
0.008130	0.903377
0.008138	0.905528
0.008146	0.900911
0.008154	0.906567
0.008162	0.875085
0.008171	0.904255
0.008179	0.899624
0.008187	0.925100
0.008195	0.908620
0.008203	0.942148
0.008211	0.956647
0.008219	0.898703
0.008228	0.916871
0.008236	0.895472
0.008244	0.885280
0.008252	0.914144
0.008260	0.914634
0.008268	0.888276
0.008276	0.860845
0.008285	0.858616
0.008293	0.928313
0.008301	0.954760
0.008309	0.895388
0.008317	0.874063
0.008325	12.139201
