10.0055	0.0036859	0.000213604	0.494616
19.857	0.00232903	0.000255031	0.534814
19.6463	0.00288621	0.000228956	0.402784
11.8056	0.00365113	0.000212002	0.498018
11.1619	0.00465518	0.000211411	0.364817
14.0727	0.00406712	0.000209634	0.348804
19.5555	0.00455776	0.00017199	0.256320
17.5166	0.00206464	0.000225311	0.588054
10.6651	0.00475381	0.000170838	0.301353
11.1068	0.00407531	0.000251961	0.383324
13.552	0.00205836	0.000176465	0.664038
19.7265	0.00217234	0.000227844	0.504082
13.7504	0.0034545	0.000163082	0.442168
14.9572	0.00415608	0.000233509	0.295287
13.3714	0.00330594	0.000200053	0.438714
18.6859	0.00212683	0.000180525	0.526693
10.0721	0.00433086	0.000149077	0.392684
17.9791	0.00224922	0.00023073	0.500000
15.0655	0.00345003	0.000203686	0.420062
12.5687	0.00250845	0.000194839	0.553779
16.4605	0.00289116	0.000188417	0.473245
17.773	0.00233936	0.000174096	0.512988
12.7982	0.00346501	0.000201796	0.452546
10.2494	0.00348765	0.000141793	0.428699
12.848	0.00222663	0.000257333	0.572488
14.2513	0.00322487	0.000131261	0.501673
19.4023	0.00498222	0.000248877	0.224255
17.877	0.00497258	0.000136495	0.243897
13.7663	0.00326538	0.000176081	0.402916
17.9652	0.00380574	0.000235087	0.321788
18.7796	0.00234465	0.000168604	0.506865
15.476	0.00294699	0.000197357	0.422853
15.6742	0.00316795	0.000131943	0.414953
17.9112	0.00411261	0.000175468	0.310036
14.7457	0.00451264	0.00013695	0.328763
13.326	0.00401493	0.000221416	0.380097
16.2197	0.0031658	0.000130506	0.421081
19.4407	0.00344263	0.000162846	0.316533
14.7546	0.0038064	0.000235532	0.383135
15.5929	0.0022836	0.000190409	0.574578
16.673	0.00284802	0.0001648	0.423163
15.9353	0.00479379	0.000221986	0.253020
14.1054	0.00470944	0.000223433	0.287184
13.1757	0.00445133	0.000155848	0.346507
14.8851	0.00212927	0.000165271	0.630272
13.5945	0.00443421	0.000168061	0.362280
14.0067	0.00224263	0.0001528	0.626275
16.5245	0.00263023	0.000240566	0.545211
17.2046	0.00316663	0.000141688	0.389233
11.4868	0.00206671	0.000245096	0.916136
16.0222	0.00306087	0.000207929	0.419580
12.884	0.00314405	0.000258532	0.420692
16.3327	0.00346773	0.000244622	0.342478
19.5845	0.00389122	0.000179936	0.295974
13.7974	0.00345691	0.000168446	0.435629
14.6398	0.00458528	0.000235292	0.278598
12.9429	0.00241439	0.000143175	0.607831
17.9579	0.00391991	0.000223293	0.274824
12.2162	0.00425191	0.000185413	0.345600
17.6474	0.00477498	0.000167549	0.248327
18.032	0.00473881	0.000156165	0.257746
14.6422	0.00403004	0.000251283	0.357517
14.6081	0.00471887	0.000156577	0.302103
18.1672	0.00495047	0.000179482	0.267469
10.0241	0.00283676	0.000196729	0.611390
10.4785	0.00419397	0.000247305	0.428534
12.007	0.00280106	0.000184564	0.511719
19.4002	0.00466203	0.000254581	0.247955
14.6108	0.00346044	0.000148225	0.335990
18.3317	0.00274283	0.000241604	0.480201
14.1469	0.00329583	0.00022774	0.371887
19.2156	0.00363644	0.000215516	0.321724
11.8175	0.00351404	0.000157376	0.388077
10.0101	0.00282251	0.000142363	0.646725
14.4393	0.00221874	0.000246054	0.545146
13.8608	0.00230942	0.000200274	0.569972
15.474	0.00202223	0.000191813	0.679343
15.5136	0.00396296	0.000185366	0.345937
14.0522	0.00236412	0.00015993	0.628311
16.0561	0.00331327	0.000140947	0.392636
10.1776	0.00215957	0.000161513	0.753395
15.7364	0.00495121	0.000177323	0.271596
11.4761	0.00235837	0.000244019	0.560335
10.3579	0.00441384	0.00016993	0.361058
13.404	0.00407889	0.000252843	0.362746
16.6516	0.00343764	0.000191271	0.366770
14.9338	0.00481361	0.000164288	0.306893
18.4119	0.00418718	0.000144073	0.292288
12.7924	0.00469456	0.000155064	0.320297
12.5814	0.00278879	0.000181551	0.521484
10.4585	0.00265878	0.000146616	0.630025
19.0388	0.00295217	0.000150583	0.392611
11.3164	0.00435233	0.000183873	0.336557
14.241	0.00408885	0.000228485	0.366719
12.6481	0.00428079	0.000239703	0.356626
13.1362	0.00372282	0.000206643	0.386281
19.7474	0.00296031	0.000199693	0.338829
10.1153	0.00449909	0.000206562	0.400396
16.5034	0.00223152	0.00025811	0.479541
11.4685	0.00349429	0.000229292	0.468660
11.4853	0.00481441	0.000135359	0.353888
10.1824	0.00467826	0.000216373	0.383278
17.0048	0.00366269	0.000211723	0.380489
18.6073	0.00468813	0.000225993	0.242909
17.2145	0.00428547	0.000178256	0.314933
13.9447	0.00401081	0.000189371	0.418015
10.7214	0.00492788	0.000159579	0.365482
15.5726	0.00240124	0.00018711	0.519090
15.3979	0.0043048	0.000152317	0.297504
15.2285	0.00426586	0.000227384	0.308720
15.3633	0.00490556	0.000259296	0.285883
17.2515	0.00304183	0.000153616	0.416527
18.521	0.00293978	0.000134089	0.397475
10.6134	0.00255659	0.000259428	0.433853
13.0264	0.0044805	0.00022484	0.338873
14.1725	0.00393827	0.000146394	0.341877
15.843	0.00262478	0.000210252	0.423002
15.1661	0.00409943	0.00021656	0.325603
12.9218	0.00382485	0.000245114	0.399545
16.7879	0.00355425	0.000191069	0.389369
14.6855	0.00365156	0.000176029	0.338230
13.1454	0.00332733	0.00021623	0.454896
12.2238	0.00295623	0.000171496	0.522617
16.7153	0.00496463	0.000215518	0.264412
19.9539	0.00375051	0.00014136	0.316516
15.2654	0.00453912	0.000164379	0.307864
17.1085	0.00402741	0.00024983	0.314036
14.997	0.00301483	0.000184294	0.449786
17.3648	0.00306883	0.000219471	0.370368
15.7635	0.00437838	0.000155398	0.332386
16.1909	0.00476748	0.00021327	0.272719
13.8123	0.00236162	0.000131056	0.586905
18.712	0.00258097	0.000177555	0.390969
16.0374	0.00395576	0.000215871	0.324905
10.6985	0.00407393	0.000198662	0.382708
18.777	0.00431111	0.000159971	0.289513
14.4481	0.00312701	0.000220247	0.423655
18.7747	0.00241875	0.000189748	0.499124
14.5945	0.00259572	0.000141113	0.510456
10.841	0.00332965	0.000247614	0.534794
15.0698	0.00341496	0.00014957	0.380227
19.8368	0.00398192	0.000218453	0.290489
17.571	0.00454347	0.000215389	0.285131
15.9267	0.00471688	0.000252572	0.275262
16.9265	0.00213243	0.000171363	0.556943
11.1814	0.00317647	0.000131033	0.485982
18.3783	0.00248821	0.000228878	0.453538
13.4223	0.00294267	0.00022816	0.523122
19.2136	0.00304204	0.000248841	0.371747
17.9254	0.00343161	0.000241286	0.334696
17.9076	0.00250155	0.000233351	0.452292
16.5112	0.00209905	0.000209193	0.556301
14.7947	0.00304102	0.000214765	0.388677
15.1339	0.00386707	0.000132404	0.356396
19.2541	0.00379689	0.000165497	0.308650
19.729	0.00227541	0.000248433	0.477716
13.7307	0.00278083	0.000204507	0.475253
13.0208	0.00263234	0.000158377	0.554785
17.0392	0.00251475	0.000205658	0.536695
15.0551	0.00423556	0.000183021	0.317581
14.3814	0.00212974	0.000245749	0.615369
14.6871	0.00447198	0.000228052	0.304388
15.2107	0.00485309	0.000137438	0.255787
12.9255	0.00433881	0.000166955	0.377711
12.9189	0.00388523	0.000244312	0.333950
10.0199	0.00276008	0.000194325	0.554722
12.5503	0.00308035	0.000133647	0.457962
13.0878	0.00267653	0.000172237	0.568344
11.4426	0.00224311	0.000184222	0.547307
16.0401	0.00426155	0.000155784	0.301106
16.3653	0.00344283	0.000204412	0.366211
15.4069	0.00403532	0.000220057	0.337626
18.92	0.00242614	0.000192739	0.473560
13.2357	0.00441152	0.000215918	0.294680
18.6694	0.00300951	0.000194496	0.388302
13.2471	0.00389695	0.00024635	0.358584
19.4521	0.00330664	0.000204324	0.328727
19.2858	0.00453259	0.00021519	0.250468
12.2528	0.00248076	0.000146693	0.625088
13.9221	0.0045831	0.000224769	0.353000
16.805	0.00285694	0.000157569	0.431217
16.1105	0.00302885	0.000173125	0.524011
17.4338	0.00427828	0.000202354	0.278724
10.6729	0.00318222	0.000223273	0.515090
17.5383	0.00430883	0.000212445	0.286202
14.9936	0.00254483	0.000252293	0.548733
16.3032	0.00267684	0.000210542	0.429848
13.4888	0.00323945	0.000257354	0.426154
10.6698	0.00329882	0.000204675	0.440537
18.4431	0.00433921	0.000246718	0.297356
19.2958	0.00345072	0.00014093	0.360123
16.8813	0.00476633	0.000188184	0.293590
10.1138	0.00253063	0.000170266	0.641513
16.5497	0.00334987	0.000216661	0.391327
19.0074	0.00317419	0.000151561	0.383645
17.9752	0.00272113	0.000181217	0.454489
15.9896	0.00425643	0.000255217	0.321047
14.6252	0.00474387	0.000181535	0.310778
11.1276	0.00241379	0.000158591	0.646168
16.7637	0.0025477	0.000213173	0.469289
19.2592	0.00295564	0.00013174	0.388181
16.8095	0.00280694	0.000207977	0.468313
12.6891	0.00426914	0.000254334	0.313381
15.9599	0.00425967	0.000236316	0.336638
13.0751	0.00244258	0.000138399	0.512622
18.8739	0.00384722	0.000258438	0.331036
10.0246	0.00488103	0.00024131	0.371683
16.9341	0.00275258	0.000259254	0.436483
11.8511	0.00443829	0.000238276	0.351804
10.0026	0.0033444	0.000257512	0.440133
11.997	0.00332882	0.000219457	0.454934
17.4439	0.00339709	0.000255404	0.352915
17.5312	0.00477255	0.000198314	0.241045
19.0706	0.00366675	0.000192345	0.302890
10.9464	0.00349047	0.000194429	0.452468
10.1412	0.00380858	0.000219818	0.390292
19.6954	0.00428981	0.000142827	0.303009
19.7008	0.0047931	0.000150005	0.265444
13.3263	0.00406821	0.000172706	0.387560
15.7839	0.00267296	0.000248801	0.504567
16.2152	0.00407425	0.000254611	0.309249
11.6113	0.00483248	0.00018348	0.323987
18.4368	0.00258233	0.000255333	0.472578
19.6995	0.00412317	0.000222358	0.257136
19.725	0.0039601	0.0001766	0.264049
13.2577	0.0035578	0.000180212	0.388645
16.1976	0.003081	0.000155816	0.439375
10.518	0.00249849	0.000197536	0.670213
10.1803	0.00277271	0.000238259	0.716840
12.0213	0.00478065	0.000131841	0.283807
10.7587	0.00484651	0.000166421	0.320393
18.2134	0.00352293	0.000204476	0.343969
13.6192	0.00374778	0.000161844	0.369751
14.5332	0.00428493	0.00021268	0.312840
10.2543	0.00351563	0.000216974	0.434535
14.5085	0.00279299	0.000225402	0.457176
15.5648	0.00342711	0.000141712	0.443644
14.0205	0.00307054	0.000223328	0.461787
10.3624	0.00451546	0.000187636	0.425911
16.1084	0.00300183	0.000224586	0.437776
19.2776	0.0030858	0.000160044	0.373594
15.9121	0.00404407	0.000144857	0.334340
10.8214	0.00471236	0.000243469	0.335244
18.6894	0.00407639	0.000153605	0.266840
13.3187	0.00319245	0.000242457	0.449321
19.4586	0.00282532	0.000152272	0.402844
10.9523	0.00438022	0.000216399	0.373801
10.5835	0.00302236	0.000201595	0.545308
14.6482	0.00426171	0.000181853	0.323229
10.6661	0.00327482	0.000177161	0.484719
12.4875	0.00265665	0.000247588	0.556112
14.733	0.0036849	0.000253831	0.406897
17.0788	0.0042005	0.000160634	0.289482
14.528	0.00346318	0.000248639	0.379216
17.6932	0.00264304	0.000140712	0.487450
18.4691	0.00225957	0.000257817	0.572326
18.6148	0.00289964	0.000207122	0.393640
14.3091	0.00393576	0.000254703	0.338947
13.0066	0.00237758	0.000159809	0.614977
15.0504	0.0043462	0.000207097	0.305052
18.0332	0.00495073	0.000147267	0.245099
12.0289	0.00490611	0.000257056	0.322341
14.0444	0.00278679	0.000226104	0.491550
17.5197	0.00261451	0.000224898	0.457771
18.0476	0.00364336	0.000133997	0.327830
11.8389	0.0021198	0.00013048	0.660537
11.0578	0.00317666	0.0001516	0.499375
14.0166	0.0020428	0.000180656	0.727378
16.9749	0.00396094	0.000187923	0.323006
16.0919	0.00303024	0.000137128	0.406215
19.2331	0.00260501	0.000167688	0.433469
16.5263	0.00238563	0.000233427	0.499911
13.2892	0.00232062	0.000132631	0.648318
12.6236	0.00251303	0.000177192	0.548440
14.7311	0.00338061	0.000210105	0.433185
13.352	0.00358974	0.000179437	0.386215
13.365	0.00204644	0.000208773	0.596614
12.5863	0.00341059	0.000213532	0.429156
18.0364	0.00319726	0.000244264	0.393621
19.9557	0.00367778	0.000151214	0.303908
12.0384	0.00252608	0.000213666	0.575671
18.6501	0.00385128	0.000159486	0.306391
17.4994	0.0042237	0.000196177	0.308375
13.2558	0.00463411	0.00015531	0.289728
14.9739	0.00319509	0.000157927	0.376851
18.4386	0.00471238	0.000234768	0.258908
18.2689	0.00274815	0.000219957	0.445869
13.703	0.00422292	0.00022512	0.332683
10.5539	0.00359738	0.000154081	0.417633
14.6557	0.00251796	0.000150998	0.521453
14.5301	0.00374977	0.000166091	0.296320
16.9924	0.00278873	0.000231468	0.425917
14.7844	0.00287492	0.000166546	0.406811
13.6827	0.00338501	0.000141693	0.396161
14.2601	0.00221228	0.000130348	0.532554
12.107	0.00482671	0.000137893	0.309128
12.5755	0.00391164	0.000145801	0.407195
17.4289	0.00411989	0.000245627	0.355975
16.0494	0.00359668	0.000247579	0.348452
12.6587	0.00203868	0.00022138	0.675987
16.1213	0.00281381	0.000256988	0.443693
11.8421	0.00318594	0.000175609	0.477098
11.0949	0.00202315	0.000250578	0.820348
16.0334	0.0036092	0.000198632	0.396142
19.9624	0.00319583	0.000223781	0.364441
17.3123	0.00258234	0.000140548	0.506925
12.8906	0.0036728	0.000158712	0.429461
13.323	0.00241495	0.000230824	0.550898
17.9235	0.00378047	0.000180449	0.314575
18.8824	0.00431768	0.000252377	0.279509
17.8723	0.00279652	0.000242553	0.430927
18.0102	0.00463851	0.000198204	0.315917
16.3693	0.00348578	0.000208979	0.394233
11.8921	0.00440487	0.000257614	0.292281
10.6315	0.00284345	0.000238476	0.595798
14.0554	0.00379965	0.000209067	0.394937
10.6228	0.00201481	0.000218296	0.710099
11.2805	0.00262936	0.000192731	0.634644
14.6172	0.00452451	0.000248564	0.299380
12.4235	0.00455864	0.000139394	0.335475
17.8431	0.00332963	0.000220341	0.344061
12.462	0.00362694	0.000153463	0.349910
13.0118	0.00310855	0.00016767	0.432098
10.4375	0.00375055	0.000239888	0.367614
17.902	0.0023103	0.000194083	0.543290
18.44	0.00284696	0.000226596	0.388897
16.1952	0.00321544	0.000175899	0.412908
15.8626	0.0041719	0.000148751	0.300051
14.2206	0.00366611	0.000169579	0.418326
12.592	0.00477202	0.000244705	0.338884
16.5614	0.004027	0.000136118	0.302017
15.6769	0.00477942	0.000151529	0.292228
14.5785	0.00409514	0.000158196	0.346182
10.5542	0.0028712	0.000246942	0.555093
18.5931	0.00240044	0.000139414	0.483583
13.0023	0.00413316	0.000154023	0.373091
18.7571	0.00351376	0.000140544	0.351056
10.6584	0.00272129	0.000133369	0.529211
17.713	0.00491534	0.000259001	0.251669
15.8967	0.00317411	0.000249719	0.413495
10.4342	0.00440525	0.000244494	0.379627
13.9472	0.00260464	0.000156283	0.494523
14.0636	0.00401098	0.000168567	0.339461
18.4183	0.002134	0.000222515	0.568918
12.4029	0.00482631	0.000181575	0.311599
13.3053	0.00452961	0.000172698	0.364443
16.3279	0.00290348	0.000241059	0.405004
13.697	0.00271773	0.000217559	0.514729
16.4649	0.00451053	0.000211854	0.239089
14.9686	0.00253889	0.000247168	0.419628
15.2699	0.00243548	0.000148272	0.649780
18.2354	0.00449848	0.000190763	0.254442
17.5036	0.00475259	0.000200427	0.257963
13.3166	0.00298786	0.000195916	0.479012
14.3512	0.0034847	0.000214917	0.375294
11.4884	0.00241605	0.000247104	0.619364
11.1612	0.00386452	0.000223559	0.377626
11.7485	0.00269173	0.000219873	0.553257
12.0877	0.00384633	0.000246536	0.412635
14.1784	0.0029242	0.000248754	0.442435
12.8652	0.00359983	0.000240272	0.424728
15.1236	0.00446181	0.00017449	0.313459
18.3346	0.00352195	0.000148791	0.323522
12.9683	0.0038432	0.000185134	0.353397
14.5937	0.00263497	0.000221485	0.490523
16.8321	0.0042938	0.000140782	0.264527
19.1868	0.0024656	0.00020233	0.439313
14.8887	0.00220767	0.000239484	0.640409
16.5078	0.00411358	0.000142106	0.298961
17.8203	0.00409445	0.000219626	0.274220
15.9786	0.00438908	0.000205317	0.310498
17.1593	0.00372015	0.000228067	0.333754
16.6031	0.00498745	0.000229521	0.252424
16.1154	0.00285761	0.00018782	0.434057
13.7015	0.00481739	0.000183919	0.316029
15.6415	0.00369874	0.000167166	0.386195
16.9141	0.00401001	0.00022723	0.291108
12.7971	0.00285727	0.000134039	0.470449
17.6074	0.00281356	0.000162327	0.410280
18.1844	0.00341383	0.000144082	0.383634
10.9583	0.00425521	0.00018567	0.380052
19.3186	0.00415236	0.000162081	0.270612
18.2626	0.00256094	0.00021225	0.451201
18.9205	0.00433264	0.000226214	0.271156
14.7345	0.00217667	0.000213958	0.540217
13.0743	0.00437816	0.0002349	0.396521
11.3181	0.00328291	0.000253821	0.368097
10.5684	0.00478337	0.00017975	0.346565
12.3509	0.00415995	0.000157212	0.382344
15.4686	0.00449833	0.000223942	0.305731
16.8969	0.00308945	0.000132816	0.431077
11.9566	0.00354926	0.000144208	0.391790
13.8043	0.00247136	0.000137404	0.551356
18.2422	0.00325011	0.000233526	0.397583
16.3379	0.00309121	0.000189062	0.428147
11.3732	0.00267665	0.00016326	0.587346
13.9538	0.00349751	0.000195099	0.449660
16.9059	0.00486971	0.00013443	0.284028
19.8435	0.00325459	0.000227118	0.330260
14.6881	0.00356445	0.000253803	0.415589
14.8527	0.00288192	0.000157994	0.523060
12.5943	0.00442409	0.000138117	0.309373
16.8447	0.00491706	0.000244041	0.269622
13.9088	0.00407085	0.000172844	0.380968
14.6272	0.00465672	0.00023235	0.292817
13.5872	0.00381357	0.000209371	0.385219
11.9231	0.00443971	0.000149358	0.341107
18.5178	0.00396009	0.000132995	0.270617
19.447	0.00331462	0.000130459	0.386782
13.4769	0.00429575	0.000213635	0.344770
15.9495	0.00418349	0.000251269	0.300154
19.7396	0.00444359	0.000225053	0.262601
13.3932	0.00309862	0.000172191	0.382225
17.3965	0.00375307	0.000176971	0.329699
16.9597	0.00305318	0.000154736	0.432891
15.9411	0.00334163	0.000204795	0.459231
17.153	0.00451965	0.000245681	0.259207
16.5537	0.00400077	0.00022062	0.285409
18.6317	0.00281003	0.000135104	0.420981
17.6291	0.00262131	0.000245225	0.397972
15.9429	0.00340024	0.000137096	0.380479
11.3472	0.00349047	0.000257675	0.474275
11.6584	0.00484156	0.000140549	0.340372
17.6073	0.00305112	0.000179356	0.380753
16.8424	0.00380035	0.000135734	0.309382
15.3765	0.0039776	0.000166428	0.333495
12.5154	0.00257095	0.000192599	0.581525
19.4832	0.00244769	0.000195261	0.483679
18.9581	0.00241838	0.000255868	0.500000
17.9275	0.00226957	0.000150255	0.614032
19.3349	0.00359043	0.000164009	0.343337
19.7441	0.00327427	0.000181767	0.356553
15.9042	0.00361319	0.000149968	0.383452
17.7187	0.00494781	0.000137808	0.230620
14.2176	0.00279666	0.00018341	0.500232
10.7664	0.00417623	0.000257049	0.355514
19.5277	0.00495784	0.000246809	0.237778
14.0911	0.00407949	0.000136601	0.366561
13.8866	0.00265922	0.000221792	0.529187
12.7167	0.00369486	0.000247216	0.393101
17.1229	0.00202053	0.00014325	0.596628
11.6902	0.00299224	0.000173291	0.489516
15.0727	0.0033029	0.000211292	0.407292
15.7498	0.00435733	0.000155615	0.277745
10.0092	0.004716	0.000195537	0.355540
16.4536	0.00338795	0.000227347	0.379621
11.4745	0.00462878	0.000223689	0.334872
10.4312	0.00377384	0.000143108	0.494409
19.1425	0.00217135	0.000256302	0.506238
12.3955	0.00320419	0.000158974	0.465599
10.7954	0.00277543	0.000171118	0.560828
11.4199	0.00273251	0.000198298	0.540306
18.2592	0.00334287	0.000179508	0.310801
12.0451	0.0049289	0.000130392	0.308141
12.8514	0.0044867	0.000251336	0.344099
19.6922	0.00384537	0.000138661	0.304513
12.3217	0.00387078	0.00025531	0.323715
10.8813	0.00231379	0.000160349	0.719370
16.3074	0.00309703	0.000172316	0.448033
12.5214	0.00410655	0.000215087	0.371611
19.0068	0.00395551	0.000180149	0.318328
10.6987	0.00280635	0.000182389	0.523344
17.1383	0.00367661	0.000148463	0.305046
15.4603	0.00349529	0.000184692	0.355221
15.283	0.00284771	0.000135469	0.476848
19.7541	0.00277144	0.000183905	0.396262
15.9742	0.00273659	0.000235373	0.439171
17.654	0.0021595	0.000224903	0.498819
11.5534	0.00256875	0.000218567	0.631196
10.2188	0.00262824	0.000194169	0.634996
17.1733	0.00336597	0.000162369	0.343129
15.6853	0.0035173	0.000189345	0.345061
17.8916	0.0043472	0.000237589	0.246745
17.2253	0.00277982	0.000136255	0.423372
11.4264	0.00351283	0.00021774	0.448153
15.4432	0.00462978	0.000142261	0.278319
17.5844	0.0040126	0.00014894	0.288270
16.8286	0.00317478	0.000184797	0.402554
18.9248	0.00337733	0.000211549	0.364743
17.3603	0.00348483	0.000177604	0.322311
15.8744	0.0020849	0.000233417	0.639795
18.7233	0.00260437	0.000167547	0.440683
19.0823	0.00215729	0.000227632	0.571471
15.4547	0.00203097	0.000235299	0.613186
15.6812	0.0032127	0.000206997	0.375917
17.4791	0.00351678	0.000209296	0.309752
16.4722	0.00305944	0.000259284	0.396369
16.8789	0.00476002	0.000230831	0.261490
17.0561	0.00409323	0.000200359	0.305318
16.9025	0.00425555	0.000258356	0.276668
19.2392	0.00340048	0.00013341	0.336488
10.3495	0.00314573	0.000259045	0.444672
15.449	0.00442477	0.000179137	0.314667
17.6305	0.00257139	0.00019174	0.484367
11.4567	0.00430312	0.000232379	0.391356
19.2493	0.00220187	0.00023324	0.507109
11.9049	0.0045519	0.000130808	0.351350
19.756	0.00458095	0.000158568	0.246627
18.8291	0.0035761	0.000187727	0.315362
11.3195	0.00487775	0.000137806	0.360533
15.7165	0.00429571	0.000154372	0.337113
18.9275	0.00475879	0.000153386	0.246521
15.3119	0.00339718	0.00024315	0.371871
15.0335	0.00411655	0.000157678	0.321850
15.6997	0.00377038	0.000159089	0.361377
18.7259	0.00218879	0.000132614	0.452275
13.1684	0.00494881	0.000205003	0.308751
17.6138	0.00491955	0.000215622	0.255893
18.0563	0.00202141	0.000179819	0.701261
12.599	0.00259065	0.000164555	0.514886
10.8336	0.00476679	0.00015173	0.372584
12.2859	0.00376153	0.000160528	0.415979
17.2261	0.00440943	0.000168544	0.271988
15.3727	0.00251822	0.000244874	0.499319
10.0516	0.00378733	0.000180388	0.445615
18.5677	0.00265017	0.000240641	0.450160
12.5931	0.00323751	0.000141234	0.509226
11.7165	0.0029071	0.000185022	0.528281
11.8703	0.00305992	0.000201311	0.501575
12.5908	0.00406336	0.000220391	0.351343
11.0642	0.00364091	0.000225344	0.440121
15.0776	0.00436114	0.000183663	0.282083
10.9895	0.00368888	0.000175331	0.411018
16.8936	0.00357138	0.000224068	0.382198
10.5012	0.00466902	0.000204993	0.379163
13.567	0.00207987	0.000166449	0.596046
15.6026	0.00328345	0.000175371	0.407315
10.9253	0.00435536	0.000181275	0.378314
19.3108	0.0020595	0.000171232	0.514784
11.1449	0.00493127	0.000221971	0.355889
10.7965	0.00439759	0.000239409	0.386203
10.1762	0.0039062	0.000137466	0.498689
17.6217	0.00273698	0.000237223	0.460761
13.8938	0.00407299	0.000206063	0.324655
12.2003	0.00317034	0.000132024	0.418759
10.5267	0.00443685	0.000207801	0.422022
15.0708	0.00449295	0.000137016	0.315381
11.5437	0.00257719	0.000137305	0.580238
13.7417	0.0027429	0.000211051	0.514669
14.9712	0.00334827	0.000172318	0.367052
19.0442	0.00412941	0.000189823	0.287474
12.1267	0.00214582	0.000233158	0.567923
16.2142	0.00242894	0.000195986	0.605277
10.5828	0.00229511	0.00021365	0.584860
11.4769	0.00363069	0.000177679	0.450515
13.6576	0.00421748	0.000164194	0.340000
10.3568	0.00275374	0.000136213	0.584032
17.5098	0.00239719	0.000141493	0.464330
14.003	0.0048485	0.000184234	0.288968
18.4971	0.00486143	0.000235821	0.282554
11.5118	0.00361293	0.000130917	0.360012
18.1389	0.00245562	0.000246733	0.456871
15.9771	0.00371524	0.000254455	0.331527
18.2859	0.00349664	0.000237678	0.343013
15.5948	0.00238074	0.00013743	0.534113
12.0461	0.00488461	0.000149148	0.357899
14.4814	0.00331784	0.000183893	0.407537
11.4645	0.00247689	0.000211839	0.633688
16.9607	0.00475817	0.000234114	0.264930
16.8415	0.00308361	0.000222201	0.464083
13.8543	0.00406933	0.000138103	0.326770
12.8372	0.00400964	0.000147509	0.372678
19.0299	0.00356328	0.000204674	0.319155
14.552	0.00237791	0.000131708	0.522645
17.6622	0.0048369	0.000175781	0.263656
14.8547	0.00311779	0.000157051	0.432712
11.5591	0.00240093	0.000202662	0.638940
12.9067	0.00444074	0.000233083	0.326238
15.029	0.00475899	0.00016091	0.281086
16.6664	0.00208173	0.000232111	0.537090
14.8988	0.00300052	0.000157362	0.433118
18.2161	0.00362637	0.000252697	0.316403
14.6573	0.00248917	0.000178744	0.503716
12.9075	0.00388652	0.000192632	0.396583
17.2889	0.00302297	0.000208568	0.394785
12.5594	0.00479309	0.000170472	0.295260
14.867	0.00404301	0.00019514	0.332872
16.8336	0.00376172	0.000244714	0.322758
11.2425	0.00419544	0.00022996	0.385917
15.9782	0.0025717	0.000245612	0.527537
14.1637	0.00459232	0.000171782	0.302825
12.7004	0.00417552	0.000196663	0.402559
17.1007	0.00455119	0.000189671	0.294653
10.7672	0.00393459	0.000204297	0.420146
14.7534	0.00232312	0.000225728	0.537870
12.3958	0.00261218	0.000223929	0.648164
17.2341	0.00335008	0.000204625	0.340013
18.6456	0.00332516	0.000229495	0.276913
13.202	0.00395717	0.000226886	0.384404
15.2058	0.00422268	0.000162518	0.302751
16.5004	0.00369644	0.000251858	0.325795
12.3383	0.0031792	0.000248362	0.396223
17.8394	0.00497428	0.000133445	0.245653
14.087	0.00257851	0.000152111	0.527136
15.3032	0.00359743	0.000154079	0.411582
17.2305	0.00373526	0.000179201	0.331164
14.4576	0.00448862	0.000178313	0.322848
18.0007	0.0034431	0.000185213	0.334753
15.4702	0.00300347	0.000230034	0.399214
14.5003	0.00234071	0.000240882	0.569089
13.7873	0.00401159	0.000185747	0.339525
16.6542	0.00477763	0.000199367	0.269382
17.8856	0.00365853	0.000224128	0.354477
17.3744	0.00259927	0.000141803	0.477396
10.824	0.00412907	0.000180754	0.382154
10.23	0.00372969	0.000142685	0.450000
17.6964	0.00497618	0.000174482	0.270321
11.7394	0.0029076	0.000163836	0.546154
15.2438	0.0025412	0.000190347	0.483784
19.3053	0.00452918	0.000136151	0.253767
12.1877	0.00254464	0.000248767	0.533906
17.9403	0.00262794	0.000233186	0.471625
16.8797	0.00389605	0.000248874	0.334904
16.3775	0.00340807	0.000206698	0.344918
13.3603	0.00473057	0.000150389	0.284382
14.5075	0.00383645	0.000167562	0.369590
18.7244	0.00437263	0.000247917	0.250146
17.9939	0.0035465	0.000163212	0.364329
14.7234	0.00471939	0.000196659	0.282633
14.0637	0.00233021	0.000259707	0.551204
16.9992	0.00330593	0.000194995	0.345161
11.3968	0.0049841	0.000176833	0.318709
17.2417	0.00450636	0.0002052	0.291099
15.9463	0.00447625	0.000164102	0.276245
17.4798	0.00201385	0.000157773	0.597360
13.6365	0.00211545	0.000137404	0.746421
18.4274	0.00405016	0.000143842	0.274934
12.9327	0.00200871	0.000214267	0.659892
10.0225	0.00253544	0.00022076	0.670061
16.5376	0.00401291	0.00019394	0.326905
12.6047	0.00404309	0.000132052	0.386724
18.8613	0.00266728	0.000135219	0.465608
10.9312	0.00239848	0.000150046	0.721619
19.6725	0.00396534	0.000230651	0.292636
18.3734	0.00271952	0.000248042	0.416225
18.6143	0.00256288	0.000184007	0.449876
18.7621	0.00444926	0.000247722	0.291317
13.2678	0.003844	0.000208922	0.390113
11.6735	0.00424323	0.00015009	0.371310
10.0135	0.00285148	0.000135831	0.580234
17.3637	0.00220886	0.000190114	0.544798
14.8313	0.00291841	0.000220696	0.509064
13.8326	0.00216939	0.000144259	0.610757
10.0536	0.00474494	0.000166028	0.361853
19.2812	0.00340263	0.000236936	0.376727
14.155	0.00401093	0.000166097	0.342619
13.3918	0.00377687	0.000183839	0.421149
16.4893	0.0036185	0.000212831	0.355877
16.4637	0.003915	0.000210809	0.330967
12.7467	0.00425351	0.00018488	0.364736
17.2623	0.00468434	0.000223871	0.252346
11.9848	0.00290239	0.000246883	0.459955
16.4324	0.00219678	0.0002418	0.610398
16.019	0.00277887	0.000249351	0.453657
18.2265	0.00332577	0.000180467	0.339783
17.817	0.00225148	0.000259991	0.498491
13.6451	0.00357432	0.000195958	0.398788
19.9475	0.00431595	0.000144579	0.304118
18.7866	0.00212592	0.00024166	0.543526
19.2524	0.00364031	0.000213337	0.329319
13.8607	0.00446256	0.000255062	0.321203
19.5721	0.00240022	0.000204096	0.437852
18.8799	0.00466024	0.000151278	0.264481
11.0897	0.0033176	0.000134582	0.458511
10.5834	0.00359645	0.000240318	0.473752
14.9392	0.00485484	0.000191471	0.303284
14.9529	0.00468609	0.000182561	0.298161
17.2035	0.00270207	0.000171699	0.444681
15.7808	0.00276351	0.000211583	0.474961
18.5054	0.00405778	0.000152138	0.308111
14.672	0.00395661	0.000194072	0.367647
17.7953	0.0048437	0.000189583	0.239358
19.0632	0.00249853	0.000200838	0.439576
13.5701	0.00497482	0.000202459	0.287871
13.6153	0.00431359	0.000188329	0.358120
12.6787	0.00400482	0.000189421	0.374524
14.9029	0.00275111	0.000250665	0.489922
13.9857	0.00499591	0.000176042	0.274512
13.3999	0.00287888	0.000171037	0.441717
14.0707	0.00418823	0.00015558	0.317717
10.1253	0.00296173	0.000179167	0.506011
12.1868	0.00309019	0.000130031	0.511669
11.9639	0.00251994	0.000210864	0.566667
14.3372	0.00322676	0.000227712	0.416377
10.4927	0.00243872	0.000210478	0.573115
11.461	0.00395613	0.00017997	0.429199
16.7654	0.00362816	0.000211244	0.334255
10.699	0.00435899	0.000218695	0.379970
12.8253	0.0034189	0.000205286	0.449077
13.0398	0.00493521	0.000165647	0.298279
11.2494	0.00310558	0.000254551	0.366690
17.259	0.00227331	0.00016584	0.534457
13.1529	0.00249713	0.00023331	0.554040
19.9503	0.00441633	0.00013819	0.278246
10.4757	0.00305471	0.00016373	0.529630
14.0212	0.00464484	0.000207753	0.312162
15.928	0.0033061	0.000197228	0.409909
17.0088	0.00272161	0.000193381	0.506500
19.3061	0.00474334	0.000186693	0.288333
15.5131	0.00316016	0.000259318	0.401629
12.0881	0.00343813	0.000204012	0.485869
13.3454	0.00445684	0.000237237	0.324025
12.694	0.00340649	0.0002357	0.400384
19.9097	0.00238578	0.000191191	0.447168
16.412	0.00232156	0.000184429	0.534315
18.7202	0.00380551	0.000189615	0.335006
13.9741	0.0030905	0.000149935	0.476014
19.9759	0.0044169	0.000168138	0.276389
14.7336	0.00309807	0.000180619	0.435789
13.4617	0.00222829	0.000197129	0.677842
11.5827	0.00379546	0.000210965	0.373422
14.0282	0.00223137	0.000213683	0.595551
18.857	0.00277879	0.000213271	0.398171
13.8808	0.00251855	0.000236693	0.560806
11.985	0.00253743	0.000247418	0.458448
13.4847	0.00484927	0.000207248	0.285983
11.6532	0.00374428	0.000157683	0.389091
12.142	0.00274468	0.000200868	0.496417
11.4314	0.00202818	0.000254885	0.628247
18.1243	0.00496676	0.0001678	0.247344
17.3754	0.00221308	0.000252875	0.512500
10.7312	0.00207108	0.000195632	0.800213
17.6229	0.00309879	0.000138326	0.365179
17.3214	0.00282903	0.000145555	0.371783
17.0856	0.00242326	0.000198866	0.646749
15.4996	0.00461635	0.000223479	0.307631
18.6056	0.00439395	0.000222947	0.267956
19.8926	0.00372344	0.000225388	0.292731
19.4615	0.00476498	0.000200815	0.259404
16.3994	0.00395493	0.000185466	0.332396
10.309	0.00407719	0.000141288	0.422204
16.5961	0.00280085	0.000191694	0.471951
11.0911	0.00453993	0.000141451	0.351436
15.4941	0.0028665	0.000163465	0.433433
18.6727	0.00353239	0.000255174	0.305345
13.5153	0.00211725	0.000242937	0.500511
18.7037	0.00469378	0.00019471	0.252624
12.7032	0.00237047	0.000160781	0.632874
11.6384	0.00325988	0.000220463	0.475017
16.7537	0.00448638	0.000250472	0.284088
12.0122	0.00321461	0.000160183	0.455858
17.4169	0.002681	0.000259505	0.412063
17.947	0.0042625	0.000226554	0.326660
14.2035	0.00436651	0.000159962	0.312624
10.5575	0.00272961	0.000233255	0.596429
13.1354	0.00316381	0.000132194	0.499176
17.6066	0.0041426	0.000182482	0.352596
19.838	0.00414123	0.000196732	0.274195
15.4583	0.00445733	0.000178697	0.297494
11.5839	0.00245348	0.000257772	0.612254
17.3731	0.00232488	0.000219	0.534584
16.7323	0.00317497	0.000238498	0.404906
12.6392	0.0046075	0.000185682	0.252487
15.7883	0.00411974	0.000133211	0.317387
16.0956	0.0020427	0.000175218	0.699163
16.8764	0.00235871	0.00014453	0.480199
18.5441	0.00248681	0.000185303	0.449872
12.5829	0.00487027	0.000222423	0.280897
16.5812	0.00477093	0.000196766	0.267220
12.2659	0.00201514	0.00021009	0.640260
17.5115	0.00338769	0.000256659	0.346009
13.991	0.00281677	0.000216628	0.445322
15.2274	0.00455758	0.000158968	0.308636
17.4463	0.00302467	0.000227074	0.410626
18.4158	0.00498699	0.000208636	0.241390
10.1144	0.00322882	0.0001804	0.520759
11.9126	0.00272747	0.000225591	0.534029
12.4418	0.00229408	0.00023386	0.596011
19.6971	0.00445725	0.000189145	0.271639
10.918	0.00284058	0.000200883	0.399534
12.5008	0.00290623	0.000136503	0.539610
19.6704	0.00448831	0.00023135	0.257689
19.743	0.00440373	0.000211495	0.282692
11.7189	0.00265703	0.000201247	0.574835
12.4031	0.00349019	0.000165259	0.420713
14.0778	0.00469463	0.000220734	0.280092
15.2441	0.00468977	0.000216276	0.279954
19.4005	0.00412442	0.000219051	0.286081
10.8353	0.00341078	0.000145468	0.474708
11.6658	0.00445411	0.000140282	0.381392
16.8422	0.00395975	0.000228342	0.314833
12.5184	0.00419096	0.000141973	0.359823
10.3131	0.00402929	0.000158473	0.423455
19.753	0.00314584	0.000170153	0.363575
17.5104	0.00251145	0.000251578	0.575868
18.3011	0.00402758	0.000190424	0.276939
13.3439	0.0047954	0.000205422	0.281740
12.0263	0.00276295	0.000228074	0.563104
13.2109	0.00477164	0.000187089	0.297767
13.946	0.00353607	0.000196288	0.385688
14.0638	0.00366822	0.00018228	0.391043
15.9442	0.00419571	0.00019801	0.313694
11.9692	0.00237557	0.000210943	0.493831
11.789	0.00208911	0.000254086	0.674633
14.8026	0.00201774	0.000163021	0.550479
15.2697	0.00214018	0.000220745	0.518838
13.5753	0.00391449	0.000171693	0.362548
15.0863	0.00317239	0.000170068	0.437602
13.9021	0.00486036	0.000175676	0.322504
19.6974	0.00297426	0.000184453	0.388842
15.9043	0.00401139	0.000196728	0.313683
17.5566	0.00425952	0.000232545	0.308454
18.9597	0.00444223	0.000179761	0.269628
18.8728	0.00266856	0.00019802	0.426905
17.8257	0.00460282	0.000137036	0.271078
18.0911	0.00306548	0.000140035	0.378170
14.8116	0.00263594	0.000167729	0.554204
11.6999	0.0037467	0.000206694	0.400293
13.9436	0.00370838	0.000230807	0.370187
13.1674	0.00243791	0.000251413	0.555338
19.7901	0.00270305	0.00020725	0.442221
12.5151	0.0028379	0.000242257	0.519278
16.6038	0.00264482	0.000137144	0.533010
15.9782	0.00274931	0.000200941	0.485370
17.9748	0.00302993	0.000190324	0.422370
17.1939	0.002417	0.000251843	0.475595
12.2893	0.00402408	0.00024861	0.322108
10.2142	0.00310762	0.000139701	0.592341
14.8111	0.00463304	0.000155566	0.291345
13.4916	0.00404632	0.000227449	0.337265
16.614	0.00253781	0.000174641	0.493608
13.9372	0.00390631	0.000159356	0.383767
19.5217	0.00277744	0.000202103	0.416134
12.4178	0.00253627	0.000138765	0.601376
15.2257	0.00412194	0.00015476	0.319510
10.2317	0.00274401	0.000242345	0.525344
10.8365	0.00490052	0.000238245	0.324040
12.5092	0.00245194	0.000136223	0.595733
16.5161	0.00287685	0.000254079	0.413215
11.942	0.00269305	0.000208644	0.573821
13.2849	0.00457714	0.000210525	0.306505
19.6085	0.00215238	0.000229119	0.467419
13.5112	0.00243764	0.000215321	0.651154
14.5011	0.00477958	0.000207713	0.294535
19.5918	0.00254345	0.000163563	0.475644
12.9543	0.00353056	0.00017481	0.421195
16.6539	0.00387596	0.000188982	0.318798
18.9126	0.00398693	0.00016054	0.283085
18.3574	0.00250624	0.000203688	0.486041
18.5383	0.0042	0.000146049	0.318605
19.8282	0.0020023	0.000185406	0.549789
11.6961	0.00447312	0.000242386	0.351817
14.2162	0.00261464	0.000158216	0.549257
11.2039	0.00234831	0.000221994	0.573571
18.8846	0.00396002	0.000201292	0.267381
11.8637	0.00467042	0.000192597	0.340226
18.3916	0.00425947	0.000178366	0.271122
17.8638	0.00405343	0.000158535	0.299790
18.8732	0.00336357	0.00022034	0.328292
16.8063	0.0022905	0.000198715	0.504562
19.3118	0.00380288	0.000229186	0.325891
11.1485	0.00300397	0.000166177	0.538885
16.8047	0.00395894	0.000131806	0.323301
11.802	0.00371242	0.000216878	0.386170
10.093	0.00427613	0.000132365	0.322535
17.8743	0.00357203	0.000147286	0.370459
19.8012	0.0027391	0.000200967	0.402315
19.078	0.00497899	0.000149551	0.246121
11.0278	0.0040858	0.000141878	0.412601
17.5463	0.00229896	0.000153809	0.577983
15.7185	0.00383231	0.00015985	0.400672
19.2351	0.00275906	0.000233959	0.417178
12.3334	0.00467113	0.000231508	0.361985
19.9603	0.00302494	0.0002542	0.386522
18.6009	0.00307965	0.00021813	0.352893
18.2861	0.00275366	0.000258308	0.435901
15.1642	0.00303711	0.000254948	0.437765
14.0393	0.00227516	0.000150381	0.545351
14.7352	0.00376081	0.00021658	0.340493
16.4065	0.00298686	0.000244563	0.414807
12.6019	0.00401484	0.000220695	0.380924
19.7268	0.00305152	0.000199229	0.362050
15.4992	0.00245946	0.000255881	0.484045
17.4154	0.00442972	0.00024948	0.266988
10.188	0.00347535	0.000212611	0.447823
19.9409	0.00228251	0.000202101	0.478631
19.2392	0.00422428	0.000229845	0.281887
13.8242	0.00313813	0.000164153	0.400207
10.8051	0.00353122	0.000235389	0.445523
10.0535	0.00336696	0.000210298	0.474719
16.016	0.00283947	0.000237523	0.422984
14.8255	0.0033984	0.000155699	0.408613
14.5314	0.00214423	0.000161261	0.604719
15.294	0.00421315	0.000248396	0.351378
14.5745	0.00342076	0.000148512	0.414178
15.4836	0.00468608	0.000237282	0.278221
14.7796	0.00486833	0.000212405	0.217095
11.3617	0.00422526	0.000214464	0.378988
10.6621	0.00466222	0.000155748	0.351142
17.8437	0.00234022	0.000137935	0.614065
17.152	0.00271672	0.000151618	0.543137
18.6722	0.00279257	0.000209376	0.484738
13.854	0.0039799	0.000247343	0.341218
13.1602	0.00206405	0.000230905	0.564076
10.7639	0.00321075	0.000197666	0.515152
12.735	0.00397111	0.000252003	0.392920
11.0449	0.00216742	0.000130242	0.682706
18.5396	0.00418632	0.00013658	0.272146
16.3785	0.00347467	0.000135558	0.351692
11.7248	0.0031396	0.000189088	0.494759
11.3903	0.00250661	0.000189552	0.618509
10.6705	0.00223488	0.000232146	0.529871
11.1139	0.00277706	0.000157397	0.610238
18.5742	0.00228519	0.000132586	0.537291
14.301	0.00233292	0.000250208	0.608595
13.219	0.00418569	0.000139318	0.286137
16.9645	0.00455139	0.000161585	0.277475
14.8354	0.00489105	0.000160887	0.280123
17.5578	0.00329269	0.000202583	0.353975
12.458	0.00433144	0.000207857	0.398336
16.5992	0.00412692	0.000179942	0.302020
11.6295	0.00226584	0.000237716	0.550145
19.3227	0.00230712	0.000223824	0.538039
16.8432	0.00397022	0.000131541	0.315600
15.5651	0.00464814	0.000238697	0.309473
11.8756	0.0040308	0.000164036	0.371545
16.1585	0.00369195	0.000183245	0.318667
18.1909	0.00372077	0.00018549	0.352827
11.755	0.00491715	0.000242977	0.303977
16.9622	0.00299414	0.00020073	0.428205
11.6503	0.00315722	0.000133091	0.537065
14.1616	0.00430545	0.000202075	0.344227
16.5251	0.00386825	0.000198628	0.340608
18.9074	0.00294655	0.000189288	0.390223
16.2833	0.00495424	0.000253745	0.254302
11.4464	0.00495748	0.000164388	0.333244
14.3646	0.00247294	0.000163018	0.578727
19.2589	0.00499736	0.000154444	0.246477
14.7757	0.00332382	0.000136987	0.422863
14.3135	0.0026067	0.000256632	0.519603
13.0809	0.0025146	0.000245001	0.550173
11.7475	0.00284808	0.000196032	0.586143
14.5697	0.0022654	0.000232445	0.617300
19.248	0.00228392	0.000185452	0.504352
11.4026	0.00300873	0.000158178	0.500658
13.2349	0.00383243	0.000185179	0.387868
16.1228	0.00339072	0.000134177	0.359596
15.8454	0.00414202	0.000232631	0.319048
18.3816	0.00419787	0.000194913	0.290789
11.8536	0.00225198	0.000175525	0.664917
10.4809	0.00379669	0.000194778	0.470953
15.5376	0.00348215	0.000246655	0.387739
14.6608	0.00346084	0.000135154	0.388294
18.2028	0.0028396	0.000139778	0.431988
17.767	0.00356788	0.000135215	0.355516
19.6286	0.00296325	0.000182713	0.360485
19.076	0.00448093	0.000207495	0.259726
14.4388	0.00400113	0.000150395	0.422492
13.5252	0.0029428	0.000214618	0.480044
14.9999	0.00327336	0.000145266	0.407622
19.4975	0.00318488	0.000152852	0.349967
10.5646	0.00227075	0.000228244	0.621442
13.3844	0.00298228	0.000229021	0.470545
19.7206	0.00301466	0.000237798	0.373983
19.1096	0.00361659	0.000199818	0.293204
18.8105	0.00486777	0.000206589	0.238552
13.9002	0.00365333	0.000220301	0.350503
16.2655	0.00456259	0.000178793	0.266166
16.2574	0.00445278	0.000221778	0.279135
12.2731	0.00456492	0.000130605	0.318456
19.7563	0.00427658	0.000241245	0.261801
11.5289	0.00495904	0.000153675	0.350178
17.8017	0.00298787	0.000156339	0.402420
14.468	0.00306473	0.000144174	0.413010
11.8482	0.00376538	0.000143895	0.384100
19.3314	0.0031847	0.00022196	0.416279
16.2016	0.00310258	0.000155416	0.417712
15.6745	0.00324607	0.000255562	0.390819
18.6241	0.00475936	0.000139997	0.240670
12.1444	0.00339893	0.000148073	0.406242
10.311	0.00423676	0.000148389	0.449422
10.7301	0.00299481	0.000163351	0.496233
16.0385	0.00281644	0.000238854	0.438374
19.9966	0.0029342	0.000251209	0.407559
14.0303	0.00380907	0.000257779	0.346481
14.2074	0.00260736	0.000224274	0.535401
18.5929	0.00369826	0.000193601	0.329662
19.2249	0.00477331	0.000173552	0.261972
17.9682	0.00351641	0.00018225	0.321342
19.8094	0.00405023	0.000221896	0.256606
17.2322	0.00459704	0.000174029	0.303064
11.0123	0.00276758	0.000168618	0.562948
15.057	0.00350231	0.000235993	0.353775
17.0049	0.00420222	0.000182446	0.316303
13.5402	0.00312112	0.000236387	0.418876
18.9548	0.00453937	0.00016588	0.231931
17.3611	0.00324499	0.00024439	0.390092
15.2379	0.0031923	0.00013461	0.418506
10.1478	0.0020374	0.000161412	0.748746
10.872	0.00287971	0.000156091	0.547009
17.9267	0.00204481	0.000167926	0.546106
11.8148	0.00277479	0.000179187	0.564613
19.3181	0.00243718	0.000133834	0.441580
19.6724	0.00460999	0.000246869	0.224989
18.7955	0.00380386	0.000200305	0.309314
15.0443	0.00458517	0.000207257	0.266573
13.6854	0.00473873	0.00018676	0.283753
15.074	0.00245671	0.000179396	0.486364
10.2688	0.00342154	0.000217123	0.397141
16.1587	0.00418791	0.00019408	0.261861
15.9993	0.00309768	0.000247599	0.459779
16.4698	0.00249902	0.000134635	0.540598
11.5367	0.00497787	0.000158706	0.303804
19.9126	0.00436381	0.000227984	0.244014
14.3272	0.00277816	0.000224232	0.463509
12.1251	0.0032938	0.000212011	0.444688
14.1054	0.00486976	0.000247706	0.273567
18.417	0.00328054	0.000155458	0.366818
18.4971	0.00214585	0.000191488	0.511462
18.8594	0.00379502	0.000246791	0.250894
10.7962	0.00212159	0.000133918	0.804896
10.6664	0.0023846	0.000192992	0.648609
13.5914	0.00461045	0.000167733	0.352094
17.7466	0.00442779	0.000175398	0.268110
12.9049	0.00200237	0.000200035	0.675705
13.703	0.00206515	0.000174013	0.624712
13.8944	0.0040787	0.000240262	0.378822
15.1234	0.00497839	0.000163451	0.264273
10.2944	0.00263824	0.000153794	0.622727
18.735	0.00230463	0.000212264	0.502574
11.2002	0.00377982	0.000183123	0.447083
18.4288	0.00297534	0.000225779	0.440870
13.044	0.00376796	0.000190218	0.400058
10.9155	0.00290051	0.000219541	0.544368
14.569	0.00406618	0.000160787	0.345995
14.6903	0.00300803	0.000180856	0.432713
16.5822	0.00258189	0.000255679	0.514132
15.1981	0.0038231	0.000163425	0.340607
15.0546	0.00267456	0.000179715	0.557430
17.0865	0.00220722	0.000177751	0.564961
12.9289	0.00233438	0.000217557	0.535196
18.2831	0.00391828	0.000159989	0.271584
15.9372	0.00307405	0.000164558	0.498120
19.509	0.00215152	0.000183492	0.514342
15.2531	0.00351922	0.000223976	0.347619
19.0036	0.0049662	0.000132199	0.232949
18.3084	0.00290779	0.000227849	0.430803
11.2763	0.00267534	0.000206833	0.550247
18.0306	0.00391442	0.000201786	0.291146
17.1857	0.00291686	0.000163602	0.501899
13.8223	0.00471073	0.000182518	0.327001
12.5859	0.00288567	0.000150937	0.500680
18.7675	0.00271994	0.000235121	0.372040
13.495	0.00281196	0.000220317	0.470108
17.0633	0.00357117	0.000204786	0.326105
19.0783	0.00341221	0.000184999	0.305711
12.6048	0.00392106	0.00019014	0.393712
18.0247	0.00445587	0.000145397	0.301719
13.962	0.00369853	0.000222472	0.392105
13.3296	0.00412119	0.000201725	0.379347
14.7729	0.00221468	0.000137615	0.594272
17.0985	0.00206627	0.000174154	0.537526
17.592	0.00241907	0.00025464	0.469508
10.4726	0.0027151	0.000180849	0.611837
17.4109	0.00289498	0.000242178	0.408824
15.5676	0.00333209	0.000221932	0.371925
13.3542	0.00381538	0.000193524	0.371615
19.0785	0.00200508	0.000251975	0.517722
13.4544	0.00205871	0.000166062	0.600000
12.9236	0.0036594	0.000191636	0.400951
13.2826	0.00369656	0.000209304	0.394125
14.4098	0.00402297	0.000132664	0.347693
17.8922	0.00367029	0.000203383	0.322016
17.0167	0.00455189	0.00022999	0.297608
17.9939	0.00366906	0.000219742	0.352260
19.4721	0.00370387	0.000176586	0.324857
17.6697	0.0028759	0.000131458	0.429438
15.6661	0.00496241	0.000131445	0.297965
15.0852	0.00381827	0.000166132	0.326253
12.0849	0.00497147	0.00014134	0.310847
18.435	0.00282626	0.000241131	0.443844
19.3263	0.00253497	0.000186912	0.413356
17.8001	0.00379193	0.000138034	0.339338
15.2715	0.0027229	0.00017892	0.492593
19.0995	0.003186	0.000221253	0.361968
15.0187	0.00289025	0.000201796	0.458290
14.9583	0.00290199	0.000178815	0.432963
11.6281	0.00390437	0.000134635	0.436747
18.205	0.00277731	0.000155945	0.441361
15.7106	0.00392515	0.00020788	0.357596
16.1429	0.00305149	0.000258409	0.379047
17.4221	0.00454712	0.000212409	0.255180
15.303	0.00271863	0.000219271	0.442620
14.0781	0.00472598	0.000137306	0.294322
18.8736	0.00236789	0.000203946	0.540608
12.6368	0.0023169	0.000199762	0.569643
10.0853	0.0040159	0.000148875	0.451249
19.6408	0.00389294	0.000146683	0.287391
13.3597	0.00467401	0.000175615	0.310228
16.9621	0.0033084	0.000139842	0.436106
10.2452	0.00423327	0.000199235	0.416667
14.8048	0.00456105	0.000250122	0.239225
10.5343	0.00488616	0.000237911	0.370136
18.6202	0.00214478	0.00019124	0.568281
11.3202	0.00248547	0.000220768	0.603009
11.5579	0.00265645	0.000211109	0.547686
12.6083	0.00421137	0.000136025	0.368808
19.1712	0.00213676	0.000226294	0.537624
17.1605	0.00469351	0.000171682	0.253342
10.7316	0.00383055	0.000199185	0.402428
16.9392	0.00394377	0.000230786	0.320725
14.9759	0.00350308	0.000222934	0.352179
11.9613	0.00316046	0.000161915	0.447540
13.5983	0.00318352	0.000140554	0.460680
14.0382	0.00249718	0.000156463	0.528806
17.6109	0.00246858	0.000148416	0.449612
19.2039	0.00366104	0.000160512	0.292188
18.5629	0.00415729	0.000156895	0.337130
19.4941	0.00486145	0.000136354	0.252441
14.4948	0.00210352	0.000186131	0.722211
17.5598	0.00408491	0.000217312	0.326382
13.1486	0.00204287	0.000133258	0.840127
13.6985	0.00281467	0.000213006	0.440046
14.6346	0.00443227	0.000162999	0.321800
11.9767	0.0031649	0.000187861	0.408645
13.5526	0.00391129	0.00025155	0.416463
17.5796	0.00309413	0.000187004	0.392916
18.1054	0.00446908	0.000258206	0.258686
17.0215	0.00405006	0.000183524	0.325290
11.2883	0.00253304	0.000161212	0.559600
13.1918	0.0049817	0.000206703	0.326157
16.9048	0.00482194	0.00013262	0.283163
10.8578	0.00275824	0.000136774	0.616827
18.7358	0.00411521	0.000144549	0.263280
19.9628	0.00298885	0.000146396	0.382544
10.614	0.00448502	0.000195962	0.399159
14.5578	0.00239742	0.000211371	0.548205
11.4322	0.00230089	0.000250669	0.728340
11.0306	0.0049345	0.000257804	0.342249
17.223	0.00372402	0.000232951	0.321694
15.2913	0.00475439	0.00020974	0.295973
18.2324	0.0033981	0.000156033	0.349937
13.5732	0.00275252	0.000138104	0.541070
16.1134	0.0024878	0.000146397	0.497936
17.2431	0.00202029	0.000155197	0.606323
18.3851	0.00396523	0.000228349	0.324906
10.5466	0.00448556	0.000158268	0.407673
17.3822	0.00220761	0.000174877	0.623314
19.2638	0.00227684	0.000237609	0.447075
15.4445	0.00351929	0.000221732	0.374817
14.9054	0.00468246	0.000203939	0.259641
16.3603	0.00295496	0.000191713	0.348952
19.8684	0.00278526	0.000190209	0.443778
11.4784	0.00342681	0.000165663	0.515148
10.4562	0.00270418	0.000250692	0.493033
17.4011	0.00442937	0.000166641	0.276360
19.8677	0.00280897	0.000215498	0.416466
12.7552	0.0038859	0.000138555	0.414975
13.6035	0.00478771	0.000236384	0.279882
14.1379	0.00213665	0.000239848	0.637639
17.3409	0.00407738	0.000137561	0.284579
10.8492	0.00317903	0.000141598	0.577469
10.5565	0.00332422	0.000145474	0.495931
18.9039	0.00487165	0.000225443	0.214815
13.8486	0.00487758	0.000168439	0.299289
11.2489	0.00475849	0.000167709	0.361845
10.795	0.0049819	0.000229724	0.312411
16.2028	0.00451868	0.000200448	0.264787
14.2163	0.00434336	0.000239321	0.378856
11.8729	0.00231057	0.000235192	0.561458
11.1061	0.00473356	0.000210509	0.338917
18.438	0.00251884	0.000132966	0.393182
10.3592	0.00320243	0.000253002	0.580999
11.0298	0.00275503	0.000245387	0.612170
16.8621	0.00242481	0.00013353	0.560158
17.2119	0.00483464	0.000152768	0.257660
15.7212	0.00204577	0.000149246	0.696130
12.997	0.00468488	0.000153586	0.292097
14.8707	0.00406198	0.000178019	0.346660
10.1357	0.00484405	0.000209685	0.353729
16.8648	0.004602	0.000197112	0.330780
13.6	0.00281887	0.000253155	0.517281
18.4156	0.00264738	0.000226764	0.472356
15.7467	0.00204771	0.00014311	0.666980
13.7464	0.00218274	0.000198315	0.595050
10.7319	0.00229771	0.000255452	0.628173
10.7421	0.00420389	0.000245974	0.360116
11.8182	0.00486721	0.000180745	0.335830
16.919	0.0045577	0.00024641	0.304967
15.5893	0.00497581	0.000209	0.299784
14.8571	0.00203292	0.000235584	0.666068
17.9604	0.00398575	0.00017389	0.309445
15.4534	0.00201364	0.000175922	0.570213
12.1392	0.00456279	0.000239056	0.329285
11.9981	0.004968	0.000151798	0.320795
11.7379	0.00410675	0.000246904	0.372368
17.0561	0.00277687	0.000145845	0.381351
14.0812	0.0031722	0.00016523	0.415736
14.1745	0.00303742	0.000207777	0.505331
14.716	0.0048643	0.000240077	0.258182
11.6775	0.00259235	0.00019726	0.595855
15.9065	0.00440697	0.00025247	0.309343
14.4237	0.00226084	0.000149315	0.635748
17.5573	0.00468824	0.000257675	0.243545
19.8753	0.00221943	0.000169421	0.509990
12.5348	0.00396382	0.000146804	0.350551
16.3678	0.00430706	0.000153969	0.265127
13.2679	0.00354137	0.000201423	0.464929
14.1117	0.0027872	0.000202447	0.504880
14.6236	0.00232558	0.000216316	0.557169
19.2092	0.0047019	0.000155766	0.274380
15.8215	0.00459862	0.000210557	0.279701
12.974	0.00425145	0.000236259	0.347670
16.22	0.00484907	0.000135793	0.288334
10.8198	0.00402789	0.000188158	0.380330
12.8027	0.00273938	0.000241558	0.530659
11.6163	0.00336571	0.000226591	0.438682
12.1956	0.0036028	0.000241851	0.480947
19.3318	0.00202147	0.000217849	0.705753
19.4884	0.00413985	0.000241285	0.293248
19.3731	0.00430671	0.000257744	0.268372
17.5124	0.00364919	0.000248871	0.316978
16.1877	0.00366212	0.000166933	0.318703
19.204	0.00409513	0.000169793	0.274224
14.6823	0.00486555	0.000179517	0.294191
16.0596	0.00290373	0.000242353	0.427856
11.6527	0.00228946	0.000200125	0.630651
11.6455	0.00382825	0.000176559	0.377395
11.5388	0.00441968	0.000223876	0.410901
15.3517	0.00436325	0.000146458	0.293842
11.2197	0.00414093	0.000208995	0.360703
19.2508	0.00369825	0.000142236	0.319416
16.2554	0.00499904	0.000152671	0.295928
14.9224	0.00433116	0.000193495	0.323421
17.3941	0.00207859	0.000132237	0.529887
16.7683	0.00344204	0.000180993	0.359801
17.3006	0.00437172	0.000190216	0.294342
19.9276	0.00404176	0.000138077	0.280848
19.7383	0.00251549	0.000189079	0.459614
11.1445	0.00445588	0.000197876	0.388063
12.1608	0.0044683	0.000237849	0.336208
14.097	0.00202253	0.000251798	0.661514
13.9202	0.00223177	0.000154231	0.583640
12.3764	0.00288514	0.000201354	0.496596
14.2291	0.00477732	0.000224675	0.298235
19.0575	0.00278479	0.000161476	0.448289
15.3071	0.00478715	0.000168561	0.288275
11.9185	0.00373727	0.000164871	0.452962
17.5502	0.0026514	0.000227208	0.475301
10.7146	0.0044929	0.000185691	0.396349
11.1321	0.0022793	0.00013141	0.708309
13.1746	0.00430905	0.000156274	0.335873
19.3103	0.00278002	0.000139849	0.427473
16.7917	0.00465287	0.000158547	0.275471
17.3505	0.00328826	0.000259879	0.367487
15.8248	0.00316289	0.00025154	0.391740
19.8284	0.00453501	0.00016573	0.259076
17.1592	0.00366168	0.000250687	0.369773
13.2761	0.00407344	0.000206122	0.390080
13.7349	0.00359524	0.000151629	0.401747
15.9862	0.00483118	0.000159773	0.273103
10.9486	0.00284357	0.000253625	0.412801
13.3495	0.00209302	0.000255772	0.675259
19.8925	0.00390739	0.000219285	0.301353
11.4347	0.00450298	0.000172106	0.326455
13.5543	0.0038422	0.000212403	0.398307
16.1749	0.00433977	0.000169738	0.302122
12.2226	0.00219436	0.000150898	0.679303
17.856	0.00272177	0.000188526	0.464247
16.4544	0.00264741	0.000172065	0.462258
15.8696	0.00387163	0.000150772	0.350000
10.2787	0.00201446	0.000175905	0.847467
13.8688	0.00321012	0.000140427	0.433962
15.8518	0.00280263	0.000252762	0.463102
17.0274	0.00373213	0.000247062	0.304288
13.4083	0.0043704	0.00017057	0.319324
18.4389	0.00210751	0.000171291	0.619417
18.4357	0.00248749	0.000146672	0.520631
12.0889	0.00313376	0.000246831	0.482694
13.8006	0.00326145	0.000242736	0.424618
13.2763	0.00269556	0.000225042	0.518825
12.0053	0.00399462	0.00014175	0.429018
15.2424	0.00375362	0.000147057	0.358706
15.2388	0.00408995	0.000234799	0.367087
12.4118	0.00493798	0.00017575	0.277768
14.3447	0.00439524	0.000178205	0.332580
12.2169	0.00434399	0.000216755	0.334610
19.7272	0.00401832	0.000178671	0.360137
10.1727	0.00433748	0.000228307	0.398973
19.0907	0.00436887	0.000163823	0.310922
16.2444	0.00494119	0.000211099	0.308153
19.3628	0.00249985	0.000193349	0.434010
10.8805	0.00373363	0.000230671	0.386442
16.8608	0.00288719	0.000164634	0.464993
10.9045	0.00308968	0.000197403	0.483488
14.9397	0.00411622	0.000229424	0.322123
13.3667	0.00486248	0.000206454	0.323592
11.9988	0.0026318	0.000146323	0.635993
12.3376	0.00296295	0.0002147	0.503316
12.1767	0.00418632	0.000157974	0.384945
14.5541	0.00263009	0.000222545	0.474939
11.327	0.00391243	0.000180265	0.369369
17.1889	0.00257095	0.000210557	0.432643
15.1014	0.00464909	0.000244595	0.309028
14.6147	0.00435581	0.000169433	0.294106
19.7038	0.00329594	0.000216776	0.347210
17.2956	0.00230049	0.000247844	0.492877
15.9336	0.00442412	0.000206155	0.282792
16.6218	0.00477222	0.000259376	0.263604
15.8422	0.00223409	0.00025742	0.573372
19.9691	0.00284729	0.000245608	0.374110
11.1157	0.00383288	0.000167532	0.409499
11.4781	0.00339271	0.000144797	0.373040
13.0884	0.00234349	0.000258449	0.598333
14.3918	0.00379748	0.000239766	0.351648
17.598	0.0042508	0.000134759	0.270977
16.3473	0.00302594	0.000248676	0.419633
10.394	0.00465554	0.000145757	0.335595
16.3755	0.00459131	0.000192097	0.286993
15.0819	0.00397449	0.000253293	0.322024
14.5717	0.00497277	0.000227874	0.248003
19.9156	0.00377548	0.000136696	0.283931
15.0806	0.00291135	0.000223686	0.441033
14.1842	0.00412534	0.000177786	0.332897
17.6728	0.00420948	0.000143102	0.309813
10.3618	0.00254702	0.000224147	0.557404
14.2452	0.00442684	0.00019731	0.319385
16.2825	0.00427733	0.000212272	0.259209
14.4354	0.00463935	0.000235649	0.303492
13.7079	0.00248066	0.000140495	0.588405
19.5178	0.00246761	0.000202672	0.420394
12.5767	0.00401501	0.000241305	0.363859
12.8694	0.00486867	0.000231474	0.317726
13.9933	0.00287826	0.000209177	0.448574
17.4378	0.00248434	0.000176377	0.530223
16.7402	0.00386462	0.000218017	0.314760
19.2275	0.00384163	0.000153059	0.278930
14.0546	0.00465765	0.000162688	0.319377
16.4378	0.00202006	0.000158494	0.690063
16.1022	0.00458879	0.000154	0.265764
17.985	0.00267793	0.000197087	0.448136
15.5913	0.00315287	0.000162478	0.389048
19.3866	0.00376628	0.000184059	0.331647
14.6215	0.00299868	0.000184465	0.458118
17.2029	0.00452995	0.000153098	0.299953
11.74	0.00345617	0.000192231	0.476381
17.226	0.00362656	0.000237101	0.367842
18.2063	0.00249496	0.000249452	0.466412
13.868	0.0042998	0.000235626	0.350201
19.7661	0.00366234	0.00014131	0.316686
10.825	0.00238216	0.000199198	0.612234
10.4571	0.0020207	0.000256003	0.800658
11.1941	0.00432822	0.000167519	0.399439
17.0827	0.00384447	0.000236372	0.329301
11.8634	0.00443757	0.000254123	0.371612
19.9949	0.00397586	0.00023222	0.270851
18.6072	0.0041058	0.000193859	0.321303
13.4172	0.00396699	0.000256257	0.374891
12.8877	0.0027497	0.000134818	0.523734
16.1246	0.00442905	0.000179145	0.293372
15.6999	0.00262558	0.000143901	0.544617
15.1214	0.00330696	0.000232457	0.364522
12.3429	0.00390275	0.000253978	0.384826
10.0053	0.00283663	0.000225656	0.576984
13.1021	0.00417064	0.000142216	0.379656
15.8884	0.0037234	0.000139708	0.360737
15.6532	0.00273793	0.000158207	0.466588
16.3052	0.00288063	0.000184824	0.432567
14.7337	0.00440849	0.000215069	0.334181
10.4975	0.00435985	0.000223651	0.363576
13.8339	0.00418347	0.000190872	0.325776
16.4571	0.00253367	0.000184362	0.447094
15.2079	0.00318908	0.000253777	0.418990
18.8801	0.00368216	0.000253727	0.372481
13.3119	0.00301288	0.00020438	0.471490
15.5146	0.00453652	0.0002239	0.287642
17.0996	0.00400132	0.000157866	0.307147
11.2853	0.00332609	0.000162848	0.463113
19.5462	0.00406001	0.000242088	0.304015
16.0172	0.00315363	0.000178211	0.383910
12.4601	0.0042962	0.000219709	0.325521
11.1815	0.00381122	0.000188279	0.425984
14.7495	0.00311672	0.000203293	0.481077
10.2525	0.0041429	0.000224427	0.429377
16.0854	0.00441084	0.000179422	0.298980
19.6532	0.00327677	0.000197094	0.345061
10.81	0.00290283	0.000161615	0.548134
14.8395	0.0037886	0.00013759	0.423536
18.6841	0.00415622	0.000200407	0.275741
19.8595	0.00399338	0.000174911	0.292585
14.1956	0.00470833	0.000242097	0.317271
18.8748	0.00365293	0.000142744	0.291933
15.1047	0.00414914	0.000209702	0.325091
18.506	0.00253507	0.000178342	0.497743
12.6606	0.00203298	0.000187935	0.687259
19.0488	0.00411354	0.000162267	0.296495
19.3703	0.00200306	0.000245731	0.594620
14.2	0.00466036	0.000184698	0.321671
12.1562	0.00364584	0.000173806	0.438055
11.9323	0.002846	0.000259014	0.520461
14.9668	0.00238854	0.000232998	0.560162
14.0301	0.00222949	0.000246926	0.582575
12.7892	0.00253964	0.000249426	0.494606
17.2395	0.00310268	0.000167823	0.453709
18.887	0.0036844	0.000169795	0.338492
16.3349	0.00492847	0.000222919	0.265450
19.8146	0.00321702	0.000253834	0.355650
14.2577	0.00492689	0.000170938	0.279684
17.8683	0.00404085	0.000165547	0.314218
12.133	0.004054	0.000193612	0.390335
14.0572	0.00325876	0.000245079	0.433952
18.511	0.00242178	0.00018587	0.475657
10.8483	0.0023074	0.000217179	0.672632
10.0733	0.00266113	0.000223905	0.610284
11.947	0.00297249	0.000252748	0.518262
12.1237	0.00217185	0.000210079	0.720020
11.498	0.00378113	0.000239532	0.408605
15.0433	0.00366953	0.000211766	0.341735
11.3951	0.00256707	0.000197254	0.537586
11.7266	0.00237838	0.00022966	0.667742
15.8905	0.00478026	0.000159698	0.279578
18.1077	0.00234403	0.000236205	0.519928
16.7928	0.00444427	0.000164283	0.287404
10.3077	0.00347961	0.000240105	0.406897
10.4758	0.00459458	0.000141332	0.367650
13.508	0.00495974	0.000228082	0.292119
18.777	0.00345998	0.000156948	0.328860
17.7556	0.00244757	0.000155412	0.463628
11.5227	0.00336803	0.000192551	0.471559
16.9376	0.00210584	0.000219302	0.514069
13.8749	0.00495871	0.000151093	0.308304
13.3633	0.00409082	0.000185375	0.367516
18.697	0.00320885	0.000247527	0.386451
18.6097	0.00367227	0.000212002	0.324148
19.7209	0.00449265	0.000187106	0.264750
12.6579	0.00247031	0.000131781	0.594180
13.3439	0.00278644	0.000216434	0.452763
18.9337	0.002702	0.000217736	0.434561
16.4772	0.00293142	0.000182273	0.495262
19.8459	0.00450779	0.000259846	0.259531
14.4716	0.00377949	0.000132468	0.425970
18.068	0.00244873	0.000156498	0.495490
17.1437	0.00402272	0.000188134	0.357264
12.2276	0.00353805	0.000196097	0.491533
10.8449	0.00390359	0.000203794	0.389348
18.2867	0.0038684	0.0001716	0.311917
14.4003	0.00349295	0.000187414	0.366028
18.7004	0.00258454	0.000258173	0.447623
15.8997	0.00286436	0.000157991	0.457100
13.6111	0.00413542	0.000222234	0.344835
17.5043	0.00268691	0.000168678	0.576405
15.5438	0.00457769	0.000257744	0.319334
19.072	0.00388314	0.000186989	0.256714
16.0013	0.00354981	0.000147447	0.360495
12.6414	0.00418617	0.000253947	0.390881
11.8462	0.00480325	0.000164759	0.352331
13.0954	0.00485589	0.000182606	0.267593
15.1585	0.0028591	0.000186963	0.468820
11.9142	0.0047321	0.000243007	0.329114
12.6944	0.0044756	0.000202255	0.340156
13.6441	0.00244988	0.000143962	0.530919
12.7535	0.00377742	0.000250808	0.399654
15.6371	0.00333813	0.000163079	0.430764
12.7897	0.00415482	0.00013131	0.394806
10.2585	0.00391439	0.000176726	0.457931
13.6581	0.00293679	0.000137587	0.562611
13.9895	0.00448858	0.000244751	0.318177
10.9187	0.0028394	0.000144044	0.600467
10.3038	0.00497888	0.00017019	0.358766
13.7707	0.0046753	0.000147971	0.296940
10.7082	0.00244624	0.000189143	0.643038
17.6225	0.00455285	0.00016437	0.298269
19.9746	0.00355551	0.000177675	0.342271
19.357	0.00209689	0.000166527	0.525302
16.5002	0.00286203	0.000231104	0.429179
11.1862	0.0036964	0.000164342	0.451850
13.8881	0.00215472	0.000174932	0.639920
16.8451	0.00278028	0.000135989	0.468788
11.6506	0.00360325	0.000199123	0.424985
14.7881	0.00486028	0.000148459	0.288066
17.3721	0.00356517	0.000199411	0.360132
14.8669	0.00244708	0.000226267	0.581986
10.1544	0.0049719	0.000191813	0.325168
18.9717	0.00330105	0.000180669	0.345379
19.5229	0.00455312	0.000192213	0.249837
19.7153	0.00307833	0.000142028	0.390591
19.8532	0.00471842	0.000157754	0.238672
14.8481	0.0039971	0.000154436	0.298653
17.7761	0.00272027	0.00025588	0.435703
11.4727	0.00299795	0.000154971	0.494575
10.7951	0.00448908	0.000173366	0.359497
15.8212	0.00344179	0.000177106	0.358717
13.3568	0.00264716	0.00024377	0.507125
17.9942	0.00308938	0.000185016	0.385626
19.1231	0.00255793	0.000161367	0.534574
10.2637	0.00477939	0.000131425	0.391473
13.0427	0.00205838	0.000175964	0.768882
16.4613	0.0024523	0.00013401	0.551307
15.5253	0.00241901	0.000131103	0.513209
11.6255	0.00324234	0.000202288	0.439269
11.6153	0.00436631	0.000220082	0.346375
10.103	0.00480104	0.000256341	0.392844
19.2801	0.00242976	0.000176119	0.497911
16.0105	0.00438441	0.000182252	0.306647
15.5365	0.00332566	0.000149258	0.397742
18.8984	0.00336465	0.000136004	0.346125
10.5705	0.00419125	0.000206959	0.400847
14.0353	0.00395049	0.000182729	0.343569
15.1384	0.00254974	0.00025862	0.467508
12.4676	0.00306438	0.000230245	0.345623
15.0976	0.00209157	0.000149544	0.635010
14.3484	0.00479308	0.000181562	0.307620
12.9	0.00363223	0.000252424	0.411803
10.3317	0.00289709	0.000176824	0.509962
19.9989	0.00203513	0.000220358	0.522303
14.4124	0.00255128	0.000249837	0.524831
17.6287	0.00496215	0.000184329	0.243686
11.4881	0.00493852	0.000165984	0.322168
16.3177	0.00239999	0.000236627	0.465303
17.6398	0.00441127	0.000154902	0.291405
18.756	0.00483138	0.000225988	0.241451
16.3303	0.00300621	0.00015087	0.475818
13.7158	0.00237031	0.000219978	0.555383
11.8681	0.0021086	0.000243555	0.644398
15.479	0.00384612	0.00024049	0.329760
17.181	0.00287303	0.000231002	0.375241
13.924	0.00437692	0.000249823	0.365331
17.8137	0.00297441	0.00019986	0.385275
11.8977	0.00244591	0.000259566	0.611717
19.5133	0.00328731	0.000167644	0.336293
11.6054	0.00231431	0.000160813	0.668625
14.6841	0.00266885	0.000190015	0.459516
13.2396	0.00361575	0.000212478	0.389309
11.0627	0.00493327	0.000193547	0.276030
12.1151	0.00324475	0.00014871	0.441268
12.3152	0.00480984	0.000175075	0.324295
14.0596	0.00425319	0.000259216	0.360549
12.5645	0.00218644	0.000179809	0.671813
15.6899	0.00387659	0.000157239	0.487272
12.1166	0.00438029	0.000233616	0.350900
13.1699	0.00378521	0.000230533	0.359587
19.3376	0.00427691	0.000250993	0.317880
13.2028	0.00403513	0.000185481	0.381852
16.8356	0.00242696	0.000245333	0.476362
15.5895	0.00234727	0.000147533	0.489041
16.3423	0.00417262	0.000190947	0.294974
18.7222	0.00463322	0.000165778	0.241155
10.7449	0.00269993	0.0002397	0.541851
11.8575	0.00310403	0.000223536	0.449047
17.5212	0.00263633	0.000156853	0.469572
14.631	0.0033678	0.000191776	0.389187
13.5832	0.0030732	0.000206684	0.483580
14.387	0.00495896	0.000204381	0.278998
10.5074	0.00475006	0.000167006	0.294855
13.1592	0.00257624	0.000242779	0.608088
18.8064	0.00324438	0.000130629	0.384837
18.3872	0.0031036	0.000200318	0.351642
16.2044	0.00370021	0.000229063	0.319549
18.6165	0.00391637	0.000144624	0.310786
18.5988	0.00289723	0.000203637	0.407467
16.9933	0.00285034	0.000227793	0.401047
17.9372	0.00498476	0.000138989	0.277574
18.5592	0.0028651	0.000215277	0.423760
18.8871	0.00475491	0.000145985	0.285580
10.3222	0.00424299	0.000206362	0.380765
10.8911	0.00219528	0.000228141	0.704422
10.0939	0.00482744	0.000140675	0.375682
12.4459	0.00415671	0.000238581	0.340200
18.767	0.00450272	0.000171525	0.268788
14.1179	0.0047117	0.000149224	0.291139
10.3603	0.00359002	0.000188428	0.402847
15.8088	0.00215659	0.000227147	0.573313
10.905	0.00391647	0.000149281	0.440260
14.91	0.00232679	0.000163282	0.528532
13.0913	0.00248867	0.000174539	0.569110
18.8423	0.0035238	0.000224498	0.352106
12.4131	0.00333317	0.000139183	0.398101
17.7415	0.00332479	0.000159487	0.325272
14.7045	0.00290823	0.000239503	0.462250
13.3809	0.00210704	0.000222789	0.578828
19.7734	0.0025079	0.000174148	0.490986
11.2661	0.00389621	0.000141232	0.410294
11.6989	0.00258125	0.000151329	0.529312
14.6318	0.00365363	0.000211944	0.381121
18.0477	0.00450105	0.000232199	0.270794
15.3703	0.00426552	0.000189049	0.340504
14.2866	0.0030689	0.000214822	0.488748
11.022	0.00398675	0.000252491	0.456565
10.5206	0.00388125	0.00024633	0.414980
18.2278	0.00383491	0.000257021	0.320609
18.8582	0.00413643	0.000145884	0.275128
13.0726	0.0026018	0.000187489	0.708848
18.9024	0.00264263	0.000233945	0.486218
13.2642	0.00450949	0.000178609	0.301349
17.8927	0.0031215	0.000215393	0.407080
18.0707	0.00277123	0.000135413	0.442759
16.8563	0.00262148	0.00019914	0.491863
19.4772	0.00390349	0.000132459	0.282484
17.2313	0.00301174	0.000227686	0.426167
18.3505	0.004088	0.000171065	0.297089
18.5621	0.00342066	0.000164609	0.313213
19.8708	0.00413225	0.000253716	0.270609
15.9255	0.00336167	0.000249121	0.432675
11.4622	0.00365589	0.00023747	0.465644
14.0869	0.00236605	0.00020069	0.572536
14.8097	0.00279307	0.000182054	0.487211
14.4517	0.0039795	0.000200916	0.296800
11.4255	0.00273367	0.000222238	0.542444
14.7739	0.00299238	0.000179594	0.485755
18.7217	0.00264219	0.000230761	0.442261
14.0447	0.00332336	0.000225811	0.436606
16.1116	0.00415409	0.000236362	0.322577
16.1103	0.00392597	0.000183784	0.361975
11.0443	0.00283936	0.000186206	0.525563
11.1496	0.00292601	0.000221768	0.578765
18.6811	0.00298386	0.000229153	0.366098
12.5001	0.00258661	0.000144707	0.493092
10.0451	0.00450326	0.00016374	0.432210
19.4138	0.00441235	0.000151862	0.244935
19.5898	0.00403687	0.000208168	0.279759
18.9747	0.00229752	0.000143312	0.496959
15.6326	0.00233751	0.000155962	0.540330
11.2409	0.00304853	0.000158267	0.592775
12.1872	0.00271114	0.000201541	0.527639
19.1161	0.00265464	0.000183595	0.425279
16.4702	0.0032372	0.000203646	0.379406
11.0837	0.00418141	0.000241488	0.391024
19.7923	0.00495161	0.00014737	0.218948
16.2101	0.00463237	0.000165751	0.295652
12.3611	0.00469357	0.000172941	0.333131
11.258	0.00478168	0.000137308	0.368020
14.991	0.00368942	0.000203646	0.338426
19.5362	0.00458508	0.000248342	0.235289
15.9486	0.00284301	0.000216944	0.462651
12.7105	0.00233757	0.000166421	0.572719
10.8338	0.00401481	0.000157062	0.430044
16.7264	0.00425655	0.000252039	0.309890
12.2092	0.0039758	0.000156684	0.327518
13.8287	0.00306489	0.000205596	0.443190
10.0112	0.00436212	0.000202472	0.404504
16.6124	0.00467953	0.000143345	0.312386
16.845	0.00345325	0.000233295	0.391842
16.0328	0.0022281	0.000204537	0.577831
13.1439	0.00499898	0.000143635	0.295908
16.4675	0.00477663	0.000168784	0.259857
16.0026	0.00444613	0.000193894	0.302604
11.2203	0.00200984	0.000166513	0.650219
15.532	0.00405413	0.000163895	0.270074
16.1427	0.00233433	0.000158909	0.585165
16.6056	0.00225488	0.000165148	0.519016
18.092	0.00205913	0.000178609	0.588866
13.1665	0.00398967	0.000230863	0.362854
14.1145	0.0022305	0.000250906	0.491296
17.8828	0.00477857	0.000253584	0.251070
11.9469	0.00267844	0.000181834	0.558415
14.8893	0.00423169	0.000232538	0.301374
18.1164	0.00486869	0.000210974	0.255114
14.788	0.00238946	0.000138973	0.590279
10.9305	0.00448227	0.00017287	0.346742
16.2703	0.00476332	0.000139099	0.275719
10.256	0.0034294	0.000227579	0.521141
14.4572	0.00210898	0.000140685	0.597038
16.6596	0.00382965	0.000188165	0.359598
10.2094	0.00206103	0.000147851	0.722845
10.9323	0.00280715	0.000208966	0.520126
14.3197	0.00453511	0.000179929	0.327489
15.4365	0.00289684	0.000252905	0.433704
19.2526	0.00386804	0.000130942	0.288335
13.9823	0.00215714	0.000182349	0.591892
12.9945	0.00278831	0.000210831	0.505846
13.785	0.00260568	0.000224426	0.435270
15.9979	0.00455164	0.000246677	0.272821
17.8067	0.00369504	0.000206358	0.291422
14.6555	0.00476957	0.000134849	0.297874
11.7987	0.00221774	0.000184633	0.709575
16.0462	0.00440628	0.000256748	0.306566
17.8249	0.00382593	0.000188484	0.305172
12.1582	0.00332042	0.000224451	0.440975
10.8976	0.00440285	0.000149525	0.348844
10.4552	0.00448889	0.000135651	0.402079
15.2611	0.00422194	0.000244497	0.320163
19.7602	0.00213378	0.000180435	0.502079
10.2495	0.00217749	0.000131834	0.760000
17.5087	0.00324536	0.000190196	0.341770
15.9842	0.00250161	0.000196268	0.544482
14.7566	0.00424601	0.000181295	0.319543
12.8072	0.0040169	0.000151673	0.376735
11.2757	0.00251297	0.000256786	0.510324
14.9986	0.00223235	0.000237161	0.597401
16.7745	0.00392077	0.000258598	0.345044
17.4198	0.00276758	0.00018634	0.471769
14.997	0.00237363	0.000151545	0.548145
10.2232	0.00280741	0.000226153	0.543547
11.0321	0.00275271	0.000153111	0.550641
13.1603	0.00438706	0.000254689	0.362835
10.0272	0.00270266	0.000165374	0.606925
16.2389	0.00249893	0.000137232	0.523182
18.2293	0.00249908	0.000225692	0.628268
10.8937	0.00481945	0.000152247	0.343730
17.1322	0.00367196	0.000188289	0.349942
15.3035	0.00250703	0.000220417	0.441182
11.9376	0.00250685	0.00021217	0.582461
15.7794	0.00388896	0.000233131	0.328997
17.0199	0.00446381	0.000138443	0.298374
18.7724	0.00406013	0.000205619	0.287618
13.7873	0.00280224	0.000233023	0.520293
16.1689	0.00432533	0.000190901	0.329718
15.8885	0.0048686	0.000209338	0.302336
14.2051	0.00244887	0.000184173	0.552247
18.8939	0.00283931	0.000185502	0.425000
13.797	0.00463468	0.000185361	0.331604
13.0677	0.00250396	0.000131325	0.574762
11.63	0.00456575	0.000198016	0.331632
13.2549	0.00218301	0.000202994	0.605362
11.7287	0.00204662	0.000243671	0.611563
15.5821	0.00448106	0.000148264	0.291088
11.655	0.00403869	0.000200679	0.391513
15.2699	0.00482567	0.000224688	0.266696
11.1713	0.0044256	0.000151377	0.324389
15.5951	0.0021446	0.000233345	0.559041
16.0433	0.00264555	0.000194455	0.443169
19.3249	0.00222738	0.000145192	0.509877
14.5444	0.00485618	0.000198129	0.293908
10.8293	0.00204449	0.000230512	0.605724
14.4526	0.00283309	0.000151328	0.492846
11.8924	0.00204343	0.000151759	0.788544
14.4311	0.00209747	0.000153034	0.638296
17.7883	0.00433426	0.000246522	0.286149
15.9113	0.00220016	0.000240577	0.628377
13.8873	0.003831	0.000167838	0.388983
14.013	0.00458321	0.000252674	0.311095
18.877	0.00276026	0.000224492	0.394244
18.2528	0.00485232	0.000227834	0.230601
15.01	0.00287644	0.000214346	0.449327
19.8966	0.00292066	0.000213168	0.391245
10.0519	0.00464616	0.000215712	0.371326
12.1564	0.00460744	0.000162107	0.338498
15.4623	0.00282151	0.000158869	0.437034
14.4546	0.00452293	0.000201792	0.315465
15.618	0.00395501	0.000164861	0.321812
19.8568	0.00392895	0.000169153	0.301023
16.6192	0.00248743	0.000225433	0.475815
19.441	0.00451357	0.000218251	0.286197
11.3436	0.00432637	0.00020144	0.318635
17.4857	0.00427526	0.000213919	0.284197
18.1498	0.0024447	0.000202913	0.534115
10.4929	0.00461104	0.000221489	0.354143
18.4985	0.00215594	0.000253539	0.555359
17.6872	0.00331067	0.000249993	0.339267
14.6587	0.00494566	0.000194712	0.262653
15.8579	0.00205537	0.000180903	0.619563
15.4538	0.00442025	0.000171834	0.332231
10.0289	0.00401121	0.000250444	0.404950
14.2303	0.00356301	0.000201901	0.392121
14.4071	0.00353614	0.00024132	0.430567
15.4014	0.00397794	0.000256905	0.360475
19.7468	0.00263654	0.000233483	0.420192
18.5275	0.00334166	0.000244508	0.358095
18.3546	0.00364341	0.000251978	0.350699
16.9211	0.00428227	0.000237093	0.354214
19.7486	0.00425503	0.000183726	0.271407
10.2806	0.00231385	0.00013129	0.588292
18.1321	0.00477038	0.000216712	0.255352
12.6023	0.0048806	0.000134283	0.327114
11.5357	0.0032626	0.000134868	0.522761
19.7846	0.00316551	0.000213489	0.345127
15.0295	0.00327171	0.000192236	0.443627
16.4338	0.00389664	0.000228726	0.308727
13.3595	0.00281672	0.000158936	0.473287
14.4828	0.0036143	0.00019084	0.352148
17.122	0.00221065	0.000176576	0.532466
11.8536	0.00281317	0.000249543	0.526480
19.0847	0.00284755	0.000258277	0.426320
19.7514	0.00239452	0.000161999	0.516138
16.3529	0.00383791	0.000207618	0.315608
11.2637	0.00480532	0.000211757	0.342470
10.1567	0.00319325	0.000231663	0.488780
13.2307	0.00373994	0.000154482	0.325145
15.4016	0.00237501	0.000208153	0.503971
12.1869	0.00438255	0.000256886	0.323776
16.6605	0.00431357	0.000136637	0.309118
16.2568	0.00348899	0.000226548	0.368424
16.1368	0.00458828	0.000230207	0.281971
12.0086	0.00408181	0.000239843	0.421578
10.4452	0.00396133	0.000211235	0.456446
11.1115	0.00358639	0.000132661	0.419631
16.8104	0.00450579	0.00013014	0.287814
13.1847	0.00276397	0.000167938	0.498036
10.0353	0.00386717	0.000145902	0.490081
13.2969	0.00458362	0.000134917	0.316785
14.0351	0.00329191	0.000234968	0.401313
12.1577	0.00301422	0.000256629	0.514358
17.2742	0.00261878	0.000147947	0.506423
10.991	0.00334254	0.000245948	0.498745
18.2569	0.00396939	0.000214649	0.320236
16.8776	0.00222511	0.000196695	0.519061
11.9314	0.00491247	0.000186427	0.320992
12.663	0.00276403	0.000188699	0.497478
14.6641	0.00361261	0.000199605	0.406977
11.7661	0.00237042	0.00013016	0.617653
13.7813	0.00284976	0.000188971	0.565300
12.4821	0.00368717	0.000226696	0.423919
19.1343	0.00323662	0.000252951	0.412304
15.4722	0.00456074	0.000142126	0.281810
11.5141	0.002121	0.000195804	0.743685
10.4736	0.00401652	0.000235352	0.412493
13.4826	0.00345905	0.00025261	0.402068
16.3695	0.0027286	0.000148835	0.497651
19.8393	0.00479493	0.000130417	0.260397
18.1824	0.00401273	0.00024135	0.272034
13.3164	0.00339343	0.00021003	0.441816
19.5186	0.00345895	0.000213981	0.318287
18.5298	0.00322783	0.000196981	0.352137
19.2282	0.00209168	0.000230753	0.517391
17.1574	0.00483988	0.000243896	0.286855
13.1414	0.00335575	0.000137994	0.488091
17.5989	0.00218336	0.000138151	0.525511
14.0522	0.00283094	0.000238214	0.505187
12.9673	0.00269155	0.000232474	0.534060
12.7026	0.00477343	0.000187775	0.341773
13.1094	0.00330361	0.000176498	0.445263
17.9757	0.00369404	0.000149043	0.339090
14.16	0.00442865	0.000173179	0.309326
10.1651	0.00260546	0.000177455	0.560068
15.8543	0.00353211	0.000147593	0.370934
15.4264	0.00309762	0.000255773	0.414335
17.2191	0.00256474	0.000249353	0.511701
10.9789	0.00244285	0.000249425	0.640343
11.0468	0.00445449	0.000250584	0.368006
10.7187	0.00474466	0.00025461	0.405511
12.0171	0.00480525	0.000205941	0.343907
10.8578	0.00411166	0.0002451	0.366111
11.6241	0.00249927	0.000137178	0.543108
14.3612	0.00427285	0.000259002	0.353209
18.8963	0.0029548	0.000193399	0.410824
18.4342	0.00491008	0.000171382	0.252424
17.7661	0.0048477	0.000225274	0.236248
11.0686	0.00347547	0.000175892	0.450794
19.5996	0.00381867	0.000172895	0.263415
10.615	0.0021956	0.000182003	0.566532
14.283	0.00341046	0.000202128	0.460316
11.5206	0.00301849	0.000184476	0.488719
15.7699	0.00290693	0.000166603	0.413707
13.4445	0.00418549	0.000159647	0.381172
10.3202	0.00482072	0.000204353	0.390720
11.3634	0.00209618	0.00018061	0.709958
15.0935	0.00411418	0.000168454	0.343619
15.7325	0.0026071	0.000198947	0.537798
19.4243	0.00416281	0.000165149	0.258168
19.9558	0.00214412	0.000233544	0.489173
19.7816	0.00458024	0.000235175	0.245980
18.2331	0.00459409	0.000239996	0.247593
17.311	0.00321015	0.000173014	0.399071
14.5692	0.00259273	0.000248629	0.545930
18.6612	0.00230814	0.000244631	0.484573
18.0757	0.00490456	0.000221138	0.231844
19.6812	0.00329079	0.000179696	0.350386
13.4144	0.00267985	0.000192757	0.506548
19.9592	0.0027253	0.000174861	0.416434
14.6841	0.00314834	0.000186418	0.463612
12.3046	0.00268969	0.000246352	0.553896
13.1655	0.00344127	0.000214931	0.408207
11.4627	0.00452917	0.000133144	0.386145
11.2909	0.00360452	0.000164235	0.421944
15.097	0.00422636	0.000191911	0.309674
13.5579	0.00439425	0.000156941	0.299556
16.1718	0.00295588	0.000184742	0.460999
16.4104	0.0024125	0.000197836	0.490619
13.0769	0.0034766	0.000192908	0.445779
19.8953	0.00251717	0.000189776	0.482047
18.6042	0.00316747	0.000234422	0.396852
18.712	0.00436409	0.000132943	0.283317
10.0772	0.00369493	0.000207418	0.496442
12.9367	0.00325309	0.000216368	0.495655
16.6336	0.00425133	0.000209323	0.292358
19.8248	0.00452876	0.000145304	0.246449
11.1484	0.00421078	0.000210472	0.382600
18.8197	0.00232599	0.000133246	0.489344
19.7309	0.00420158	0.000134574	0.272746
11.3991	0.00475726	0.000227627	0.364243
15.5091	0.00267141	0.000249301	0.495104
17.845	0.00366327	0.000242607	0.375726
15.3114	0.00284446	0.000255581	0.409962
12.1491	0.00497958	0.000201482	0.301936
17.6543	0.00462555	0.000233197	0.278489
16.4271	0.00426159	0.000196037	0.287299
13.1391	0.00219016	0.000259697	0.575545
13.4443	0.00338064	0.000147883	0.403656
16.3723	0.00282494	0.000142941	0.431240
14.9317	0.00285187	0.000223188	0.508296
15.3518	0.00222791	0.000197977	0.556593
19.2303	0.0020542	0.000221798	0.602575
11.2858	0.00439571	0.000169041	0.377182
11.7847	0.00249905	0.000175153	0.559422
10.2101	0.00423959	0.000131898	0.473621
15.1816	0.00234306	0.000153088	0.528873
18.9841	0.00347932	0.000189085	0.307795
12.5263	0.00325126	0.000134117	0.559289
17.3751	0.00406579	0.000144948	0.310330
14.2499	0.00234634	0.00013991	0.555699
14.1701	0.00288745	0.000183332	0.492526
19.9812	0.00267503	0.000136847	0.433781
11.5565	0.0039299	0.000197718	0.425559
11.5596	0.00272269	0.000147137	0.624436
11.9564	0.0025485	0.00018638	0.577253
14.5735	0.00240519	0.000130325	0.560788
17.8194	0.00208466	0.000230091	0.599084
19.6063	0.00420114	0.000190787	0.276613
15.3913	0.00428065	0.000252109	0.294779
12.8205	0.00220545	0.000237068	0.601576
11.327	0.00375149	0.000247097	0.426350
19.6451	0.00442184	0.000179909	0.257471
15.7593	0.00345035	0.000134794	0.369130
17.4717	0.00491139	0.000154037	0.252323
11.2986	0.00353417	0.000177468	0.448037
14.435	0.00275595	0.000229767	0.456919
18.9233	0.00335009	0.000150997	0.339279
11.7573	0.00457566	0.000186651	0.393087
17.3714	0.00254602	0.000164251	0.502174
14.8196	0.00428487	0.00018106	0.315234
18.7575	0.00498217	0.000187987	0.268031
16.6762	0.00411555	0.000252353	0.287175
12.6077	0.00472121	0.000168127	0.289870
11.0346	0.00497965	0.000135237	0.357593
19.8693	0.00447394	0.000241997	0.243188
16.3036	0.00392737	0.000174352	0.350191
18.2248	0.00370934	0.000258154	0.334994
13.1724	0.00400203	0.000160769	0.317708
15.2934	0.0029596	0.000167161	0.479623
11.409	0.002603	0.00014137	0.631672
10.8186	0.00409105	0.000227796	0.371336
12.2823	0.00356615	0.000150054	0.475858
12.1502	0.00455796	0.000189729	0.351081
10.2479	0.00390048	0.000221641	0.433600
11.2511	0.00408198	0.000220424	0.379266
12.2038	0.00459799	0.000170656	0.389143
11.111	0.00367792	0.000211204	0.384043
17.2016	0.00404419	0.0002518	0.266825
16.2952	0.00428985	0.000205614	0.312974
12.0143	0.00340471	0.000212318	0.424309
12.6162	0.00228743	0.000213663	0.634158
11.5082	0.00253599	0.000183839	0.653680
15.2855	0.00465853	0.000229549	0.297599
19.0565	0.00355088	0.000234558	0.313902
15.8785	0.00286165	0.000191755	0.463126
18.5551	0.00295231	0.000183836	0.422558
14.4369	0.00239815	0.000161035	0.577089
14.0745	0.00481724	0.000255135	0.307592
11.983	0.00329684	0.000177222	0.469389
11.166	0.00254896	0.00017219	0.589196
12.04	0.00411871	0.000171435	0.393936
14.0786	0.00360601	0.000209063	0.385081
12.9482	0.00203573	0.000186131	0.661153
17.0646	0.003122	0.000194257	0.429352
19.0412	0.00217803	0.000206111	0.540039
14.2614	0.00342513	0.000192809	0.464020
16.0677	0.00323799	0.000248163	0.405155
19.1769	0.00307196	0.00015356	0.365059
13.7492	0.0020299	0.000240606	0.685516
14.6118	0.00427263	0.00023021	0.287935
19.2386	0.00236822	0.000224577	0.479911
18.9434	0.00316551	0.000222626	0.522423
10.2807	0.00227168	0.000206407	0.683578
17.6543	0.00290181	0.000252302	0.379839
10.608	0.00405877	0.000171382	0.393115
13.1531	0.00231345	0.000183134	0.611351
13.1162	0.0038296	0.000140333	0.394038
13.5841	0.00324935	0.000243902	0.460867
12.1588	0.00472685	0.000244527	0.318953
11.5792	0.00353986	0.000238995	0.441403
16.7993	0.00265592	0.000133508	0.551807
11.94	0.00304512	0.00014431	0.520647
18.6584	0.00402329	0.000175085	0.273734
18.5279	0.00437477	0.000234873	0.283641
12.98	0.00293355	0.000220046	0.437333
18.9914	0.00230569	0.000188913	0.489256
16.2381	0.00214922	0.000185884	0.646024
18.502	0.00204601	0.000211938	0.523523
10.6013	0.00475698	0.000193595	0.387168
12.5468	0.00454219	0.000188096	0.327692
11.4657	0.0030122	0.000157514	0.499197
10.8397	0.00431041	0.000259428	0.376437
17.8707	0.00215555	0.000238604	0.586502
11.2681	0.00334866	0.000201731	0.467456
13.5048	0.00459635	0.000248215	0.308829
19.422	0.00314112	0.000136365	0.347709
15.3846	0.00441573	0.000245698	0.310268
10.0513	0.00478753	0.000221355	0.351096
18.0648	0.00412748	0.000230938	0.274961
11.0637	0.00359651	0.00014903	0.494475
10.2878	0.00333007	0.000247326	0.438451
11.8579	0.00392151	0.000191519	0.366667
19.5931	0.0043957	0.000170419	0.302842
15.3793	0.004971	0.000135224	0.320943
18.1798	0.00454911	0.000171593	0.252641
16.1329	0.00263158	0.000161433	0.476848
15.6165	0.00216698	0.000217091	0.597431
12.013	0.00451698	0.000192304	0.338622
19.5789	0.00253174	0.000142648	0.453255
15.3849	0.0033025	0.000195997	0.379714
13.1117	0.00219653	0.000215411	0.688933
15.0673	0.00347894	0.000171813	0.429604
19.6118	0.00329259	0.0001483	0.356326
10.8048	0.00400527	0.000234798	0.395138
15.7528	0.00292582	0.000215896	0.487775
18.4051	0.00294492	0.000130566	0.434726
12.0858	0.00270158	0.000151006	0.523077
14.0805	0.00243915	0.000241516	0.513363
19.3728	0.00488079	0.000147691	0.225543
11.2029	0.00462221	0.000236548	0.348305
